20040611	12355	12355	12355	12355
20040614	12205	12205	12205	12205
20040615	12295	12295	12295	12295
20040616	12405	12405	12405	12405
20040617	12310	12310	12310	12310
20040618	12270	12270	12270	12270
20040621	12320	12320	12320	12320
20040622	12435	12435	12435	12435
20040623	12490	12490	12490	12490
20040624	12525	12525	12525	12525
20040625	12545	12545	12545	12545
20040628	12645	12645	12645	12645
20040629	12670	12670	12670	12670
20040630	12750	12750	12750	12750
20040701	12510	12510	12510	12510
20040702	12410	12410	12410	12410
20040706	12135	12135	12135	12135
20040707	12220	12220	12220	12220
20040708	12035	12035	12035	12035
20040709	12200	12200	12200	12200
20040712	12250	12250	12250	12250
20040713	12495	12495	12495	12495
20040714	12155	12155	12155	12155
20040715	12130	12130	12130	12130
20040716	12095	12095	12095	12095
20040719	12080	12080	12080	12080
20040720	12135	12135	12135	12135
20040721	11995	11995	11995	11995
20040722	12015	12015	12015	12015
20040723	11860	11860	11860	11860
20040726	11860	11860	11860	11860
20040727	11970	11970	11970	11970
20040728	12020	12020	12020	12020
20040729	12010	12010	12010	12010
20040730	12065	12065	12065	12065
20040802	12055	12055	12055	12055
20040803	11885	11885	11885	11885
20040804	11850	11850	11850	11850
20040805	11700	11700	11700	11700
20040806	11510	11510	11510	11510
20040809	11630	11630	11630	11630
20040810	11750	11750	11750	11750
20040811	11770	11770	11770	11770
20040812	11660	11660	11660	11660
20040813	11485	11485	11485	11485
20040816	11580	11580	11580	11580
20040817	11520	11520	11520	11520
20040818	11600	11600	11600	11600
20040819	11580	11580	11580	11580
20040820	11755	11755	11755	11755
20040823	11740	11740	11740	11740
20040824	11740	11740	11740	11740
20040825	11975	11975	11975	11975
20040826	11870	11870	11870	11870
20040827	11955	11955	11955	11955
20040830	11895	11895	11895	11895
20040831	11845	11845	11845	11845
20040901	11905	11905	11905	11905
20040902	11995	11995	11995	11995
20040903	11805	11805	11805	11805
20040907	12105	12105	12105	12105
20040908	12010	12010	12010	12010
20040909	11885	11885	11885	11885
20040910	11900	11900	11900	11900
20040913	12030	12030	12030	12030
20040915	11855	11855	11855	11855
20040917	11865	11865	11865	11865
20040921	11900	11900	11900	11900
20040923	11660	11660	11660	11660
20040924	11660	11660	11660	11660
20040927	11600	11600	11600	11600
20040929	11650	11650	11650	11650
20041001	11900	11900	11900	11900
20041005	12020	12020	12020	12020
20041007	12085	12085	12085	12085
20041008	12035	12035	12035	12035
20041011	12065	12065	12065	12065
20041012	11940	11940	11940	11940
20041013	11870	11870	11870	11870
20041014	11720	11720	11720	11720
20041015	11780	11780	11780	11780
20050221	12395	12395	12395	12395
20050228	12515	12520	12505	12505
20050301	12530	12590	12530	12590
20050302	12545	12570	12530	12530
20050303	12555	12595	12530	12560
20050304	12630	12695	12630	12695
20050307	12630	12695	12630	12685
20050308	12635	12635	12580	12585
20050309	12685	12695	12580	12610
20050310	12570	12620	12540	12615
20050311	12665	12710	12650	12670
20050314	12590	12625	12570	12600
20050315	12630	12630	12510	12530
20050316	12525	12610	12450	12475
20050317	12500	12515	12455	12485
20050318	12485	12600	12485	12575
20050321	12590	12595	12550	12575
20050322	12580	12655	12515	12520
20050323	12485	12495	12425	12460
20050324	12440	12540	12440	12520
20050328	12580	12645	12565	12615
20050329	12430	12430	12275	12305
20050330	12280	12395	12280	12390
20050331	12425	12430	12355	12375
20050401	12475	12520	12405	12415
20050404	12435	12455	12385	12450
20050405	12540	12570	12520	12565
20050406	12600	12645	12590	12620
20050407	12590	12645	12560	12645
20050408	12645	12665	12585	12585
20050411	12520	12540	12495	12495
20050412	12500	12520	12360	12520
20050413	12445	12450	12335	12340
20050414	12345	12365	12250	12250
20050415	12250	12250	11970	11970
20050418	11670	11775	11670	11730
20050419	11815	11860	11740	11860
20050420	11870	11930	11665	11685
20050421	11785	11925	11760	11920
20050422	11920	11920	11660	11755
20050425	11830	11885	11810	11880
20050426	11795	11810	11715	11720
20050427	11795	11795	11670	11765
20050428	11745	11770	11660	11675
20050429	11690	11735	11635	11700
20050502	11780	11820	11760	11820
20050503	11810	11840	11750	11795
20050504	11810	11905	11770	11885
20050505	11900	11950	11860	11905
20050506	11910	11985	11910	11935
20050509	11950	12015	11930	11990
20050510	12005	12005	11840	11850
20050511	11865	11920	11790	11890
20050512	11855	11875	11775	11775
20050513	11800	11870	11735	11785
20050516	11720	11765	11700	11765
20050517	11625	11695	11605	11685
20050518	11625	11775	11625	11760
20050519	11820	11905	11810	11890
20050520	11820	11850	11795	11830
20050523	11920	11960	11905	11945
20050524	11890	11905	11860	11905
20050525	11800	11825	11735	11755
20050526	11820	11880	11820	11855
20050527	11920	11980	11895	11965
20050530	12000	12030	12000	12025
20050531	12000	12030	11970	11975
20050601	12065	12170	12050	12130
20050602	12060	12100	12040	12095
20050603	12055	12055	11990	11990
20050606	12020	12035	11975	12035
20050607	11995	12065	11980	11990
20050608	12050	12085	12045	12050
20050609	11965	12025	11945	12015
20050610	12085	12110	12035	12110
20050613	12115	12150	12075	12140
20050614	12125	12175	12115	12170
20050615	12150	12210	12125	12195
20050616	12200	12260	12195	12245
20050617	12245	12345	12245	12325
20050620	12240	12270	12230	12260
20050621	12270	12295	12250	12285
20050622	12360	12360	12290	12315
20050623	12310	12350	12250	12260
20050624	12280	12300	12230	12240
20050627	12210	12245	12175	12185
20050628	12295	12375	12280	12370
20050629	12335	12370	12320	12325
20050630	12380	12410	12300	12305
20050701	12270	12455	12270	12445
20050704	12435	12435	12415	12425
20050705	12435	12445	12360	12440
20050706	12400	12415	12350	12365
20050707	12360	12360	12045	12325
20050708	12355	12520	12355	12520
20050711	12480	12560	12475	12535
20050712	12535	12535	12460	12505
20050713	12475	12520	12470	12470
20050714	12550	12610	12550	12600
20050715	12575	12600	12535	12575
20050718	12570	12590	12505	12510
20050719	12570	12625	12570	12615
20050720	12575	12630	12560	12610
20050721	12620	12620	12505	12540
20050722	12500	12515	12465	12490
20050725	12545	12560	12505	12515
20050726	12435	12545	12435	12535
20050727	12605	12685	12600	12675
20050728	12660	12700	12625	12700
20050729	12715	12715	12630	12655
20050801	12745	12760	12725	12750
20050802	12745	12800	12720	12790
20050803	12825	12825	12705	12720
20050804	12695	12695	12610	12625
20050805	12620	12620	12480	12495
20050808	12590	12595	12525	12555
20050809	12545	12770	12540	12760
20050810	12935	13000	12880	12940
20050811	12920	13135	12920	13135
20050812	13105	13115	12990	13040
20050815	13080	13125	13050	13115
20050816	13105	13130	13015	13020
20050817	13025	13120	13025	13100
20050818	13030	13085	13025	13065
20050819	13090	13140	13090	13130
20050822	13290	13330	13230	13315
20050823	13220	13250	13175	13240
20050824	13250	13290	13165	13180
20050825	13180	13220	13170	13210
20050826	13230	13240	13160	13195
20050829	13115	13230	13110	13225
20050830	13260	13265	13150	13200
20050831	13200	13295	13200	13295
20050901	13300	13370	13300	13325
20050902	13360	13410	13340	13365
20050905	13435	13470	13425	13470
20050906	13435	13560	13395	13485
20050907	13470	13470	13390	13445
20050908	13330	13365	13315	13330
20050909	13485	13620	13475	13600
20050912	13645	13705	13615	13705
20050913	13695	13695	13610	13620
20050914	13640	13640	13545	13555
20050915	13750	13755	13700	13750
20050916	13745	13875	13740	13870
20050919	13850	13850	13765	13785
20050920	13950	13975	13880	13890
20050921	13895	13955	13875	13905
20050922	13905	13955	13890	13930
20050923	13930	14015	13910	13995
20050926	14135	14175	14115	14140
20050927	14140	14180	14110	14180
20050928	14280	14320	14255	14270
20050929	14475	14530	14395	14525
20050930	14405	14480	14365	14465
20051003	14385	14415	14350	14405
20051004	14530	14625	14505	14510
20051005	14445	14465	14305	14325
20051006	14385	14385	13850	13955
20051007	13945	14110	13910	14100
20051010	14120	14135	14020	14050
20051011	14345	14370	14255	14325
20051012	14240	14270	14160	14175
20051013	14145	14275	14110	14230
20051014	14235	14350	14190	14340
20051017	14195	14255	14155	14240
20051018	14160	14185	14075	14095
20051019	14075	14075	13870	14060
20051020	14150	14150	13830	13840
20051021	13825	14060	13785	14025
20051024	13910	14055	13900	14045
20051025	14100	14110	14015	14095
20051026	14215	14295	14180	14215
20051027	14205	14205	14060	14090
20051028	14130	14260	14065	14235
20051031	14430	14535	14415	14490
20051101	14460	14715	14450	14715
20051102	14715	14800	14635	14795
20051103	14790	14880	14730	14875
20051104	14875	14880	14790	14840
20051107	14840	14895	14790	14890
20051108	14840	14855	14760	14780
20051109	14840	14900	14795	14840
20051110	14835	14920	14805	14920
20051111	14890	15035	14890	15020
20051114	14900	14970	14890	14955
20051115	14880	14940	14840	14880
20051116	15010	15025	14960	15015
20051117	15250	15335	15225	15310
20051118	15455	15485	15420	15470
20051121	15515	15590	15490	15560
20051122	15590	15590	15445	15540
20051123	15575	15680	15515	15675
20051125	15530	15650	15480	15625
20051128	15775	15815	15640	15670
20051129	15655	15760	15655	15730
20051130	15665	15690	15625	15660
20051201	15980	16105	15950	16090
20051202	16075	16205	16075	16150
20051205	16370	16375	16245	16305
20051206	16255	16400	16245	16345
20051207	16320	16350	16200	16265
20051208	16260	16350	15900	15980
20051209	15960	16340	15940	16335
20051212	16560	16590	16490	16565
20051213	16560	16690	16545	16665
20051214	16660	16660	16100	16170
20051215	16175	16175	15890	15915
20051216	15965	16095	15960	16015
20051219	16220	16245	16120	16140
20051220	16395	16455	16365	16445
20051221	16750	16770	16700	16760
20051222	16740	16785	16670	16775
20051223	16770	16770	16725	16745
20051227	16790	16850	16620	16620
20051228	16645	17085	16645	17080
20051229	17065	17200	17065	17120
20051230	17120	17120	16815	16930
20060103	16925	17205	16925	17190
20060104	17195	17320	17130	17305
20060105	17305	17315	17115	17145
20060106	17260	17260	17105	17245
20060109	17260	17325	17185	17265
20060110	17300	17300	16850	16960
20060111	17155	17230	17120	17230
20060112	17195	17240	17110	17135
20060113	17200	17205	17065	17155
20060117	16975	17090	16530	16620
20060118	16545	16575	16095	16145
20060119	16130	16625	16130	16585
20060120	16520	16525	16005	16050
20060123	16185	16255	16120	16165
20060124	16480	16525	16375	16520
20060125	16505	16585	16440	16535
20060126	16555	17010	16555	16965
20060127	16960	17515	16960	17495
20060130	17405	17460	17360	17440
20060131	17420	17480	17350	17365
20060201	17350	17465	17275	17440
20060202	17465	17535	17310	17335
20060203	17350	17620	17350	17515
20060206	17530	17590	17510	17555
20060207	17510	17530	17320	17350
20060208	17385	17400	17070	17270
20060209	17270	17420	17230	17280
20060210	17130	17155	16945	17070
20060213	16735	16810	16670	16685
20060214	16650	17125	16650	17110
20060215	17115	17145	16745	16820
20060216	16820	16970	16815	16965
20060217	16965	16965	16530	16575
20060221	16285	16815	16280	16725
20060222	16705	16790	16545	16750
20060223	16750	16875	16695	16795
20060224	16885	16985	16840	16960
20060227	16950	17055	16920	17035
20060228	17020	17020	16755	16765
20060301	16745	16935	16740	16930
20060302	16930	16930	16560	16630
20060303	16645	16650	16365	16405
20060306	16725	16725	16570	16610
20060307	16515	16545	16400	16480
20060308	16465	16550	16360	16495
20060309	16805	16920	16765	16765
20060310	16830	17095	16830	17060
20060313	17160	17220	17140	17210
20060314	17145	17165	16975	17160
20060315	17180	17180	17065	17140
20060316	16915	17045	16895	16925
20060317	17010	17115	16895	17075
20060320	17390	17420	17320	17345
20060321	17335	17430	17270	17290
20060322	17275	17425	17250	17415
20060323	17425	17425	17190	17285
20060324	17425	17425	17235	17350
20060327	17395	17420	17340	17405
20060328	17485	17525	17370	17410
20060329	17395	17915	17395	17895
20060330	17910	17990	17835	17935
20060331	17900	17920	17815	17865
20060403	18185	18270	18170	18220
20060404	18175	18215	18110	18175
20060405	18110	18225	18110	18205
20060406	18205	18360	18205	18290
20060407	18380	18420	18205	18255
20060410	18300	18360	18280	18350
20060411	18265	18315	18115	18165
20060412	18015	18060	17980	18040
20060413	18080	18085	17990	18040
20060417	17865	17875	17790	17820
20060418	17785	18305	17785	18300
20060419	18230	18310	18190	18295
20060420	18160	18275	18115	18155
20060421	18255	18270	18090	18135
20060424	17740	17795	17655	17675
20060425	17685	17865	17685	17765
20060426	17900	17990	17895	17945
20060427	17980	17985	17820	17880
20060428	17810	17860	17715	17775
20060501	17785	17790	17705	17705
20060502	17695	17995	17695	17985
20060503	18010	18015	17910	18015
20060504	18020	18100	17995	18080
20060505	18100	18185	18020	18180
20060508	18120	18130	18045	18110
20060509	18015	18080	17995	18055
20060510	17810	17845	17695	17715
20060511	17770	17800	17400	17455
20060512	17425	17460	17140	17155
20060515	17305	17385	17160	17385
20060516	17380	17380	17035	17070
20060517	17085	17120	16710	16755
20060518	16825	16990	16770	16800
20060519	16740	17135	16740	17060
20060522	16620	16695	16465	16565
20060523	16570	16740	16385	16400
20060524	16390	16735	16325	16665
20060525	16565	16725	16535	16710
20060526	16825	17010	16785	16980
20060530	16745	16820	16370	16425
20060531	16395	16520	16325	16500
20060601	16505	16570	16265	16565
20060602	16585	16690	16510	16655
20060605	16500	16540	16265	16365
20060606	16355	16355	15995	16185
20060607	16175	16185	15920	15920
20060608	15945	15950	15300	15490
20060609	15510	15655	15410	15420
20060612	15600	15665	15335	15380
20060613	15070	15135	14900	14930
20060614	14890	15210	14885	15195
20060615	15190	15675	15190	15635
20060616	15585	15695	15465	15485
20060619	15675	15760	15500	15545
20060620	15540	15570	15425	15500
20060621	15510	15715	15425	15660
20060622	15645	15925	15645	15840
20060623	15880	15965	15790	15865
20060626	15925	15950	15870	15935
20060627	15935	15945	15655	15680
20060628	15675	15800	15650	15800
20060629	15915	16285	15905	16270
20060630	16280	16355	16225	16275
20060703	16320	16555	16315	16535
20060705	16420	16465	16080	16225
20060706	16235	16260	16145	16225
20060707	16120	16180	15945	15980
20060710	16270	16335	16200	16280
20060711	16215	16285	16080	16285
20060712	16275	16275	15910	15980
20060713	16070	16075	15590	15655
20060714	15655	15670	15440	15495
20060717	15515	15575	15370	15505
20060718	15305	15420	15205	15395
20060719	15380	15730	15325	15660
20060720	15680	15820	15535	15595
20060721	15555	15645	15440	15505
20060724	15610	15815	15575	15760
20060725	15755	16010	15755	15920
20060726	15925	15925	15695	15750
20060727	15715	16090	15715	15980
20060728	16095	16290	16070	16245
20060731	16200	16230	16165	16220
20060801	16210	16215	16035	16100
20060802	16085	16415	16085	16370
20060803	16275	16395	16165	16340
20060804	16345	16415	16205	16270
20060807	16030	16035	15955	15995
20060808	16185	16255	16075	16175
20060809	16410	16530	16335	16340
20060810	16340	16425	16270	16400
20060811	16400	16415	16305	16370
20060814	16610	16715	16590	16600
20060815	16600	16835	16600	16805
20060816	16785	16980	16785	16945
20060817	16830	16920	16785	16845
20060818	16920	16925	16800	16915
20060821	16765	16810	16750	16800
20060822	16960	16990	16885	16980
20060823	16960	16980	16810	16885
20060824	16745	16830	16705	16750
20060825	16765	16835	16720	16765
20060828	16550	16710	16545	16660
20060829	16660	16740	16615	16730
20060830	16730	16740	16655	16695
20060831	16695	16940	16620	16870
20060901	16885	17000	16885	16980
20060905	17120	17160	17075	17120
20060906	17030	17045	16900	16900
20060907	16910	16910	16630	16735
20060908	16730	16860	16730	16820
20060911	16895	16895	16515	16615
20060912	16470	16770	16460	16750
20060913	16555	16665	16510	16610
20060914	16640	16750	16615	16645
20060915	16645	16720	16580	16615
20060918	16545	16710	16515	16675
20060919	16605	16650	16450	16550
20060920	16545	16680	16495	16650
20060921	16700	16700	16450	16505
20060922	16500	16500	16245	16310
20060925	16365	16500	16290	16480
20060926	16480	16520	16345	16505
20060927	16525	16835	16510	16775
20060928	16775	16915	16775	16885
20060929	16875	16965	16875	16905
20061002	17075	17110	16985	17005
20061003	17015	17090	16940	17045
20061004	17015	17150	16900	17145
20061005	17210	17300	17155	17245
20061006	17225	17295	17155	17205
20061009	17105	17210	17070	17100
20061010	17100	17360	17100	17325
20061011	17310	17310	17095	17245
20061012	17225	17365	17150	17330
20061013	17350	17450	17335	17420
20061016	17505	17520	17405	17480
20061017	17405	17405	17250	17380
20061018	17350	17565	17350	17495
20061019	17485	17485	17320	17370
20061020	17395	17470	17340	17395
20061023	17545	17685	17510	17665
20061024	17655	17655	17565	17645
20061025	17540	17640	17515	17630
20061026	17635	17675	17545	17665
20061027	17470	17505	17290	17315
20061030	17180	17280	17155	17230
20061031	17225	17240	17100	17160
20061101	17140	17260	17020	17050
20061102	17145	17165	17050	17095
20061103	17120	17245	17120	17145
20061106	17190	17385	17190	17355
20061107	17365	17370	17175	17195
20061108	17035	17105	16960	17075
20061109	17030	17070	16915	16945
20061110	16925	16935	16855	16885
20061113	16820	16900	16805	16835
20061114	16835	17200	16835	17195
20061115	17070	17190	17005	17145
20061116	16980	17055	16940	17030
20061117	17020	17020	16765	16855
20061120	16540	16665	16520	16600
20061121	16605	16605	16515	16565
20061122	16575	16670	16565	16600
20061123	16585	16630	16560	16595
20061124	16585	16630	16395	16415
20061127	16640	16640	16415	16465
20061128	16475	16685	16450	16665
20061129	16860	16985	16830	16980
20061130	16995	17090	16960	17015
20061201	16985	17115	16860	17050
20061204	17040	17200	17015	17145
20061205	17090	17155	17030	17130
20061206	17160	17220	17115	17195
20061207	17180	17290	17180	17225
20061208	17210	17330	17140	17310
20061211	17350	17440	17320	17410
20061212	17415	17455	17340	17445
20061213	17445	17515	17445	17500
20061214	17495	17735	17495	17720
20061215	17760	17810	17675	17730
20061218	17720	17740	17600	17645
20061219	17560	17620	17500	17550
20061220	17765	17830	17740	17755
20061221	17735	17870	17735	17750
20061222	17760	17935	17760	17910
20061226	17970	18040	17915	18020
20061227	18040	18100	17980	18100
20061228	18015	18095	17995	18055
20061229	18065	18105	18010	18015
20070102	18105	18210	18085	18145
20070103	18110	18240	18005	18070
20070104	18070	18195	18005	18185
20070105	18185	18185	17695	17695
20070108	17705	17860	17700	17815
20070109	18000	18040	17895	18010
20070110	17715	17830	17670	17760
20070111	17755	17840	17625	17795
20070112	17845	17965	17790	17925
20070116	18020	18050	17965	17985
20070117	18000	18055	17970	17990
20070118	17960	18220	17960	18105
20070119	18100	18230	18080	18190
20070122	18200	18240	18075	18140
20070123	18140	18315	18140	18270
20070124	18265	18440	18240	18435
20070125	18430	18430	18085	18140
20070126	18110	18250	18085	18215
20070129	18250	18360	18240	18295
20070130	18320	18380	18265	18360
20070131	18155	18245	18100	18190
20070201	18205	18425	18175	18410
20070202	18405	18405	18310	18325
20070205	18130	18210	18110	18150
20070206	18145	18240	18110	18185
20070207	18190	18210	18070	18130
20070208	18150	18150	17985	18035
20070209	18280	18330	18150	18190
20070212	18215	18290	18145	18190
20070213	18370	18490	18350	18465
20070214	18460	18755	18460	18705
20070215	18705	18705	18580	18650
20070216	18610	18650	18565	18630
20070219	18680	18705	18635	18705
20070220	18680	18740	18635	18705
20070221	18715	18750	18620	18740
20070222	18855	18955	18850	18930
20070223	18900	19000	18900	18970
20070226	18985	19015	18900	18990
20070227	18975	18975	18050	18210
20070228	18230	18410	18130	18260
20070301	18075	18210	17755	18055
20070302	17940	17995	17600	17640
20070305	17335	17480	17240	17285
20070306	17270	17725	17270	17685
20070307	17685	17690	17430	17490
20070308	17845	17970	17780	17860
20070309	17820	18055	17820	17995
20070312	18065	18120	17900	18080
20070313	18090	18090	17525	17585
20070314	17585	17585	17085	17515
20070315	17540	17725	17525	17635
20070316	17635	17675	17440	17520
20070319	17790	17915	17775	17905
20070320	17890	18050	17835	18005
20070321	18025	18315	17990	18260
20070322	18250	18440	18155	18370
20070323	18350	18370	18235	18330
20070326	18280	18360	18090	18280
20070327	18260	18290	18155	18205
20070328	18205	18205	17850	17925
20070329	18090	18225	18040	18140
20070330	18110	18275	17995	18085
20070402	17900	18005	17845	17940
20070403	18140	18270	18090	18230
20070404	18240	18390	18230	18390
20070405	18360	18400	18275	18345
20070406	18330	18410	18290	18410
20070409	18545	18605	18515	18530
20070410	18475	18580	18470	18525
20070411	18505	18545	18370	18430
20070412	18435	18455	18275	18420
20070413	18415	18415	18240	18335
20070416	18485	18695	18480	18675
20070417	18415	18510	18375	18455
20070418	18440	18475	18355	18410
20070419	18425	18425	18070	18240
20070420	18230	18420	18230	18420
20070423	18265	18325	18190	18240
20070424	18250	18270	18110	18240
20070425	18245	18290	18110	18290
20070426	18290	18320	18185	18320
20070427	18290	18340	18090	18205
20070430	18170	18260	18065	18100
20070501	18080	18135	18020	18120
20070502	18115	18320	18115	18295
20070503	18280	18390	18260	18390
20070504	18360	18435	18340	18410
20070507	18455	18475	18400	18470
20070508	18470	18470	18315	18385
20070509	18385	18615	18385	18605
20070510	18605	18605	18290	18320
20070511	18320	18520	18240	18515
20070514	18500	18535	18395	18475
20070515	18295	18440	18280	18325
20070516	18320	18475	18310	18465
20070517	18475	18475	18270	18345
20070518	18315	18340	18200	18290
20070521	18340	18420	18315	18370
20070522	18465	18520	18415	18460
20070523	18520	18590	18470	18500
20070524	18490	18540	18290	18330
20070525	18330	18360	18205	18335
20070528	18370	18410	18370	18405
20070529	18370	18540	18370	18495
20070530	18495	18510	18305	18510
20070531	18490	18765	18490	18750
20070601	18740	18865	18735	18840
20070604	18790	18800	18705	18765
20070605	18860	18910	18680	18755
20070606	18760	18780	18535	18590
20070607	18560	18785	18460	18515
20070608	18490	18685	18380	18685
20070611	18590	18740	18575	18660
20070612	18560	18600	18400	18415
20070613	18425	18665	18380	18640
20070614	18645	18760	18640	18730
20070615	18740	18945	18740	18910
20070618	18950	18990	18865	18960
20070619	18935	18960	18870	18955
20070620	18970	19040	18815	18820
20070621	18840	18990	18820	18950
20070622	18930	18965	18695	18775
20070625	18815	18910	18705	18775
20070626	18780	18860	18695	18715
20070627	18715	18720	18480	18690
20070628	18695	18800	18690	18715
20070629	18715	18960	18715	18910
20070702	18920	19010	18875	19000
20070703	18965	18990	18925	18965
20070704	18945	18955	18905	18940
20070705	18945	18975	18835	18960
20070706	18960	18990	18895	18935
20070709	19025	19095	18960	18965
20070710	18960	19015	18770	18810
20070711	18770	18855	18660	18855
20070712	18865	18935	18725	18930
20070713	18940	19040	18930	18980
20070716	18965	19010	18905	18925
20070717	18925	18990	18850	18945
20070718	18900	18945	18670	18820
20070719	18850	18975	18820	18925
20070720	18910	18945	18590	18675
20070723	18700	18815	18660	18745
20070724	18735	18755	18430	18475
20070725	18480	18610	18375	18525
20070726	18525	18530	17780	18005
20070727	18000	18040	17710	17745
20070730	18050	18090	17850	18020
20070731	18090	18145	17835	17870
20070801	17865	17865	17460	17715
20070802	17720	17910	17670	17865
20070803	17840	17840	17340	17410
20070806	17580	17770	17460	17760
20070807	17750	17835	17610	17755
20070808	17755	18070	17750	18030
20070809	18015	18035	17565	17585
20070810	17590	17590	17180	17435
20070813	17560	17615	17470	17470
20070814	17565	17625	17285	17350
20070815	17325	17325	16970	17005
20070816	16980	16980	16235	16675
20070817	16685	16835	16090	16565
20070820	16615	16645	16315	16535
20070821	16555	16610	16420	16560
20070822	16560	16915	16540	16890
20070823	16885	17350	16885	17090
20070824	17090	17235	16950	17225
20070827	17090	17155	17025	17030
20070828	16980	17020	16625	16685
20070829	16680	17150	16680	17110
20070830	17105	17105	16785	16965
20070831	17255	17410	17240	17315
20070903	17270	17300	17180	17195
20070904	17270	17330	17040	17280
20070905	17275	17300	16730	16830
20070906	16830	17000	16815	16925
20070907	16925	16925	16470	16535
20070910	16450	16590	16300	16445
20070911	16435	16710	16435	16675
20070912	16580	16660	16530	16615
20070913	16580	16780	16500	16690
20070914	16650	16850	16650	16840
20070917	16725	16785	16665	16715
20070918	16570	17035	16560	17010
20070919	17030	17330	17030	17190
20070920	17175	17175	16875	16920
20070921	16920	17245	16920	17125
20070924	17130	17225	17085	17130
20070925	17145	17145	16995	17110
20070926	17120	17355	17120	17315
20070927	17605	17675	17575	17675
20070928	17640	17640	17425	17465
20071001	17580	17895	17570	17825
20071002	17830	17910	17760	17800
20071003	17835	17900	17765	17845
20071004	17820	17865	17785	17825
20071005	17885	18050	17845	18030
20071008	18010	18020	17915	17990
20071009	18000	18040	17920	18015
20071010	17950	18010	17895	17995
20071011	17965	18340	17965	18110
20071012	18085	18225	18075	18225
20071015	18150	18185	17930	18030
20071016	18020	18020	17665	17670
20071017	17715	17865	17650	17740
20071018	17750	17815	17635	17700
20071019	17695	17710	17160	17165
20071022	17210	17240	17030	17225
20071023	17265	17330	17135	17295
20071024	17280	17280	16825	17105
20071025	17100	17190	16935	17110
20071026	17130	17415	17130	17375
20071029	17490	17490	17395	17465
20071030	17365	17450	17330	17355
20071031	17330	17610	17330	17565
20071101	17570	17625	17150	17255
20071102	17230	17300	17020	17215
20071105	16920	16950	16795	16915
20071106	17025	17110	16990	17095
20071107	17115	17135	16495	16555
20071108	16535	16620	16255	16380
20071109	16390	16390	15770	15970
20071112	15860	15985	15685	15735
20071113	15760	16180	15715	16150
20071114	16155	16390	16155	16215
20071115	16225	16225	15800	15890
20071116	15890	15980	15800	15900
20071119	15820	15845	15430	15480
20071120	15500	16015	15475	15895
20071121	15555	15555	15275	15395
20071123	15400	15765	15395	15710
20071126	15860	15940	15530	15550
20071127	15540	16015	15540	15980
20071128	15910	16300	15855	16245
20071129	16260	16410	16220	16295
20071130	16295	16620	16260	16500
20071203	16390	16430	16280	16350
20071204	16200	16205	16050	16135
20071205	16145	16625	16145	16570
20071206	16610	16810	16510	16805
20071207	16795	16795	16590	16730
20071210	16585	16795	16335	16335
20071211	16765	16860	16245	16335
20071212	16305	16865	16305	16630
20071213	16330	16330	16140	16290
20071214	16310	16310	16100	16120
20071217	15930	16000	15695	15695
20071218	15745	16000	15725	15920
20071219	15750	15870	15675	15835
20071220	15875	15885	15675	15775
20071221	15775	16315	15775	16250
20071224	16250	16315	16200	16310
20071226	16350	16395	16300	16370
20071227	16230	16335	16000	16055
20071228	16090	16140	15910	15950
20071231	16020	16020	15780	15830
20080102	15870	15905	15470	15610
20080103	15620	15655	15455	15525
20080104	15470	15510	15005	15135
20080107	15155	15225	15035	15135
20080108	15170	15300	15000	15030
20080109	14975	15275	14975	15230
20080110	15265	15285	14975	15135
20080111	14835	15020	14725	14790
20080114	14700	14910	14680	14835
20080115	14615	14700	14265	14425
20080116	14310	14375	14000	14210
20080117	14195	14440	13935	13985
20080118	13990	14435	13990	14185
20080121	13815	13815	13250	13275
20080122	13815	13885	13185	13735
20080123	13690	13740	13025	13725
20080124	13745	13955	13540	13905
20080125	13960	14430	13955	14090
20080128	13775	14055	13720	13930
20080129	13975	14235	13960	14185
20080130	14165	14310	14000	14020
20080131	13980	14340	13885	14225
20080201	14175	14470	14165	14430
20080204	14515	14590	14385	14415
20080205	14415	14505	13930	14000
20080206	14000	14000	13665	13740
20080207	13770	14000	13605	13880
20080208	13890	13890	13500	13595
20080211	13545	13720	13475	13630
20080212	13595	13950	13595	13860
20080213	13730	13985	13725	13925
20080214	13940	14360	13940	14075
20080215	14125	14320	14005	14205
20080218	14225	14445	14215	14435
20080219	14225	14530	14215	14350
20080220	13965	14175	13925	14105
20080221	14130	14430	14095	14160
20080222	14130	14235	13935	14225
20080225	14500	14675	14390	14650
20080226	14595	14740	14485	14680
20080227	14675	14680	14500	14535
20080228	14530	14570	14295	14305
20080229	14300	14310	13895	13950
20080303	13650	13815	13525	13760
20080304	13800	13820	13325	13530
20080305	13580	13810	13550	13660
20080306	13700	13820	13385	13420
20080307	13400	13480	13180	13275
20080310	13205	13375	13025	13375
20080311	13055	13645	13055	13620
20080312	13605	13655	13375	13375
20080313	13355	13360	12890	13220
20080314	12960	13190	12655	12730
20080317	12455	12545	12235	12415
20080318	12465	13080	12465	13075
20080319	13110	13140	12570	12585
20080320	12585	12895	12540	12835
20080324	13110	13365	13110	13300
20080325	13315	13495	13305	13395
20080326	13365	13445	13185	13195
20080327	13210	13460	13125	13270
20080328	13550	13555	13280	13305
20080331	13240	13390	13130	13325
20080401	13315	13895	13315	13860
20080402	13850	14050	13815	13920
20080403	14005	14085	13940	14015
20080404	13975	14085	13875	13935
20080407	14200	14230	14080	14090
20080408	14050	14050	13870	14015
20080409	14000	14000	13685	13750
20080410	13655	13765	13505	13660
20080411	13670	14030	13615	13670
20080414	13580	13655	13510	13580
20080415	13585	13735	13540	13670
20080416	13700	14140	13700	14125
20080417	14115	14150	13990	14110
20080418	14155	14500	14145	14390
20080421	14365	14370	14215	14330
20080422	14290	14290	14070	14170
20080423	14170	14350	14120	14295
20080424	14265	14450	14100	14335
20080425	14305	14660	14305	14580
20080428	14580	14680	14545	14635
20080429	14630	14630	14470	14525
20080430	14510	14745	14410	14540
20080501	14485	14745	14440	14735
20080502	14725	14945	14710	14840
20080505	14765	14850	14735	14795
20080506	14800	14845	14610	14800
20080507	14785	14860	14535	14575
20080508	14565	14635	14485	14550
20080509	14525	14525	14185	14250
20080512	14410	14490	14335	14480
20080513	14485	14690	14485	14645
20080514	14770	14955	14695	14820
20080515	14800	15015	14780	14990
20080516	14895	15010	14845	14960
20080519	14890	15055	14850	14915
20080520	14890	14890	14585	14635
20080521	14600	14640	14340	14380
20080522	14365	14685	14345	14655
20080523	14630	14665	14435	14495
20080527	14570	14610	14350	14580
20080528	14385	14560	14380	14550
20080529	14535	14905	14525	14845
20080530	14835	15025	14835	14985
20080602	14985	14985	14730	14830
20080603	14790	14980	14735	14840
20080604	14850	15050	14835	14985
20080605	14975	15195	14975	15185
20080606	15215	15215	14645	14675
20080609	14640	14925	14615	14835
20080610	14585	14725	14530	14660
20080611	14660	14830	14485	14515
20080612	14615	14680	14535	14575
20080613	14545	14740	14500	14725
20080616	14910	14950	14780	14885
20080617	14980	15065	14910	14930
20080618	14960	15000	14790	14790
20080619	14785	14820	14640	14775
20080620	14785	14785	14255	14270
20080623	14420	14475	14345	14375
20080624	14400	14455	14220	14330
20080625	14365	14640	14340	14600
20080626	14495	14495	14040	14080
20080627	14075	14100	13935	14060
20080630	13990	14150	13925	14035
20080701	13980	14015	13715	14005
20080702	13900	14025	13705	13715
20080703	13775	13970	13720	13860
20080707	13930	14040	13770	13885
20080708	13515	13830	13505	13825
20080709	13845	13845	13530	13540
20080710	13545	13755	13515	13645
20080711	13630	13650	13270	13465
20080714	13585	13650	13410	13475
20080715	13245	13335	13035	13125
20080716	13105	13525	13105	13510
20080717	13515	13720	13485	13645
20080718	13555	13685	13430	13645
20080721	13640	13790	13595	13705
20080722	13655	13865	13575	13840
20080723	13850	14050	13850	13985
20080724	13985	14145	13905	13935
20080725	13935	14030	13840	14020
20080728	13875	13970	13720	13785
20080729	13720	13885	13630	13850
20080730	13910	14065	13890	14010
20080731	13905	14005	13775	13840
20080801	13825	13825	13530	13610
20080804	13460	13545	13405	13425
20080805	13465	13705	13460	13685
20080806	13730	13840	13685	13835
20080807	13825	13825	13530	13570
20080808	13690	13860	13495	13805
20080811	13885	14010	13840	13925
20080812	13810	13865	13685	13765
20080813	13790	13800	13375	13490
20080814	13485	13565	13355	13460
20080815	13500	13570	13420	13460
20080818	13630	13690	13435	13500
20080819	13330	13355	13190	13260
20080820	13280	13425	13270	13370
20080821	13380	13380	13165	13290
20080822	13210	13435	13190	13425
20080825	13365	13425	13155	13185
20080826	13235	13380	13230	13330
20080827	13305	13425	13250	13410
20080828	13420	13520	13250	13510
20080829	13510	13580	13370	13415
20080902	13330	13455	13155	13205
20080903	13170	13205	13060	13165
20080904	13160	13160	12720	12740
20080905	12685	12735	12495	12680
20080908	12755	13175	12745	13035
20080909	13025	13025	12635	12690
20080910	12805	12885	12680	12775
20080911	12625	12750	12435	12740
20080912	12810	12855	12630	12825
20080915	12505	12505	12165	12235
20080916	12235	12275	11825	12275
20080917	12160	12280	11735	11825
20080918	11895	12395	11725	12270
20080919	12255	13015	12255	12980
20080922	12595	12740	12285	12370
20080923	12395	12490	12190	12235
20080924	12255	12680	12255	12520
20080925	12505	12840	12505	12710
20080926	12715	12715	12345	12620
20080929	12245	12260	11625	11755
20080930	11805	12250	11805	12160
20081001	12005	12145	11895	12100
20081002	12090	12090	11460	11560
20081003	11510	11860	11385	11425
20081006	11355	11355	10425	10600
20081007	10620	10800	10240	10305
20081008	10285	10285	9560	9685
20081009	9890	9955	9090	9110
20081010	9065	9065	8120	8505
20081013	9200	9505	9045	9505
20081014	9690	10500	9690	9940
20081015	9965	9965	8940	8980
20081016	8920	9350	8610	9305
20081017	9280	9535	8940	9165
20081020	9605	9910	9475	9900
20081021	9875	9920	9385	9505
20081022	9505	9505	8510	8725
20081023	8665	9025	8430	8980
20081024	8985	8985	7965	8075
20081027	8025	8060	7500	7605
20081028	7655	8615	7535	8615
20081029	8930	9305	8770	8975
20081030	8985	9735	8985	9600
20081031	9475	9600	9025	9435
20081103	9495	9645	9445	9580
20081104	9710	10235	9700	10085
20081105	10100	10145	9610	9660
20081106	9355	9535	8825	8870
20081107	8890	9380	8890	9350
20081110	9695	9880	9365	9490
20081111	9255	9310	8925	9055
20081112	9380	9380	8640	8670
20081113	8735	9405	8535	9360
20081114	9400	9400	8880	8945
20081117	9065	9160	8800	8920
20081118	8845	9025	8645	9015
20081119	8840	8880	8305	8370
20081120	8260	8340	7775	7840
20081121	7775	8550	7775	8425
20081124	8295	9155	8270	8975
20081125	9005	9130	8685	8840
20081126	8740	9110	8590	9070
20081201	8950	8950	8245	8265
20081202	8380	8660	8320	8570
20081203	8590	8740	8325	8675
20081204	8685	8685	8210	8305
20081205	8415	8555	8085	8520
20081208	8860	9105	8845	9005
20081209	8885	9090	8850	8915
20081210	8890	9220	8870	9145
20081211	9155	9215	8915	8960
20081212	8915	9090	8645	9020
20081215	9050	9100	8885	9075
20081216	9085	9370	9010	9345
20081217	9355	9405	9005	9110
20081218	9160	9230	8955	9140
20081219	9040	9130	8870	8880
20081222	9105	9170	8835	8930
20081223	8920	9030	8805	8865
20081224	8920	8995	8890	8935
20081226	9085	9145	9045	9120
20081229	9135	9185	9010	9180
20081230	9155	9410	9155	9375
20081231	9330	9555	9285	9445
20090102	9335	9755	9335	9670
20090105	9555	9685	9525	9585
20090106	9550	9695	9495	9545
20090107	9505	9545	9295	9350
20090108	9380	9380	9170	9340
20090109	9220	9290	9040	9100
20090112	8850	9075	8800	8885
20090113	8930	8930	8650	8745
20090114	8700	8805	8380	8480
20090115	8395	8555	8260	8430
20090116	8480	8755	8380	8590
20090120	8565	8665	8110	8170
20090121	8100	8445	8100	8400
20090122	8465	8465	8090	8270
20090123	8095	8235	7925	8145
20090126	8235	8295	7980	8195
20090127	8260	8520	8260	8365
20090128	8400	8745	8400	8680
20090129	8645	8700	8330	8375
20090130	8370	8385	8140	8200
20090202	8155	8265	8085	8195
20090203	8340	8365	8120	8265
20090204	8310	8510	8295	8365
20090205	8355	8525	8210	8455
20090206	8450	8695	8430	8645
20090209	8450	8555	8310	8490
20090210	8405	8425	8040	8080
20090211	8120	8175	8035	8115
20090212	8160	8160	7890	8125
20090213	8125	8190	8010	8030
20090217	8010	8085	7745	7760
20090218	7765	7950	7765	7890
20090219	7905	8010	7825	7850
20090220	7825	7825	7495	7600
20090223	7760	7795	7425	7485
20090224	7455	7860	7455	7775
20090225	7805	7850	7600	7715
20090226	7795	7915	7660	7695
20090227	7860	7875	7630	7685
20090302	7565	7580	7350	7375
20090303	7435	7560	7325	7370
20090304	7745	7810	7670	7690
20090305	7730	7730	7435	7535
20090306	7475	7565	7260	7465
20090309	7365	7430	7255	7280
20090310	7365	7695	7280	7645
20090311	7655	7815	7625	7710
20090312	7490	7785	7440	7750
20090313	7925	8025	7790	7970
20090316	8125	8225	8035	8080
20090317	8200	8370	8090	8360
20090318	8260	8395	8125	8340
20090319	8220	8360	8130	8175
20090320	8125	8230	8055	8095
20090323	8590	8780	8525	8745
20090324	8780	8790	8640	8680
20090325	8705	8895	8605	8735
20090326	9040	9095	8750	9080
20090327	8960	9075	8820	8890
20090330	8465	8575	8380	8465
20090331	8510	8745	8490	8630
20090401	8665	8900	8570	8880
20090402	9105	9360	9100	9300
20090403	9130	9315	9110	9245
20090406	9290	9315	9065	9210
20090407	9195	9195	9030	9080
20090408	8945	9110	8925	9005
20090409	9235	9440	9005	9390
20090413	9230	9350	9180	9290
20090414	9215	9305	9105	9160
20090415	9125	9220	9090	9190
20090416	9065	9275	9050	9210
20090417	9235	9320	9215	9265
20090420	9225	9240	8965	9005
20090421	9060	9165	8915	9145
20090422	9045	9230	8965	9060
20090423	9155	9235	9055	9190
20090424	9100	9245	9075	9220
20090427	9035	9175	9000	9105
20090428	8815	9080	8810	8920
20090429	9010	9185	8990	9085
20090430	9280	9310	9065	9165
20090501	9400	9425	9170	9420
20090504	9505	9615	9420	9605
20090505	9570	9625	9540	9610
20090506	9550	9750	9550	9730
20090507	9670	9790	9505	9590
20090508	9770	9850	9740	9800
20090511	9680	9690	9590	9660
20090512	9665	9710	9520	9630
20090513	9625	9635	9325	9385
20090514	9395	9505	9305	9410
20090515	9515	9535	9375	9445
20090518	9420	9670	9395	9645
20090519	9630	9715	9595	9615
20090520	9665	9740	9570	9590
20090521	9565	9575	9335	9410
20090522	9525	9575	9445	9490
20090526	9555	9780	9490	9780
20090527	9750	9780	9590	9650
20090528	9715	9825	9605	9785
20090529	9805	9840	9725	9815
20090601	10005	10140	9975	10090
20090602	9970	10095	9965	10030
20090603	10010	10015	9815	9890
20090604	10015	10060	9950	10020
20090605	10070	10235	10010	10155
20090608	10050	10190	10020	10130
20090609	10085	10150	10050	10085
20090610	10285	10340	10070	10270
20090611	10265	10360	10245	10270
20090612	10405	10430	10330	10380
20090615	10260	10270	10080	10110
20090616	10070	10125	9905	9930
20090617	10075	10075	9915	10000
20090618	9995	10110	9935	10005
20090619	10040	10135	10015	10090
20090622	10050	10050	9800	9865
20090623	9820	9865	9755	9815
20090624	9825	10030	9820	9910
20090625	10040	10160	9920	10150
20090626	10175	10190	10085	10165
20090629	10090	10220	10075	10200
20090630	10180	10215	10055	10150
20090701	10220	10315	10190	10255
20090702	10100	10245	9920	9955
20090706	9895	9965	9850	9950
20090707	9880	9940	9745	9795
20090708	9680	9695	9455	9545
20090709	9605	9635	9545	9590
20090710	9480	9505	9385	9485
20090713	9335	9540	9295	9520
20090714	9525	9605	9480	9565
20090715	9585	9805	9575	9785
20090716	9615	9725	9595	9690
20090717	9680	9750	9615	9730
20090720	9775	9880	9775	9855
20090721	9875	10005	9840	9920
20090722	9925	10045	9890	10020
20090723	10070	10275	10045	10220
20090724	10230	10310	10140	10285
20090727	10360	10380	10250	10380
20090728	10365	10390	10190	10270
20090729	10325	10390	10255	10385
20090730	10435	10675	10425	10545
20090731	10620	10645	10540	10555
20090803	10605	10735	10595	10705
20090804	10605	10695	10560	10685
20090805	10510	10590	10430	10530
20090806	10675	10740	10505	10655
20090807	10580	10930	10570	10835
20090810	10795	10820	10725	10785
20090811	10860	10875	10655	10695
20090812	10650	10840	10615	10750
20090813	10795	10850	10680	10795
20090814	10845	10845	10630	10760
20090817	10450	10460	10355	10360
20090818	10525	10565	10305	10520
20090819	10355	10525	10345	10490
20090820	10595	10660	10505	10625
20090821	10530	10755	10520	10725
20090824	10800	10870	10720	10810
20090825	10775	10905	10775	10800
20090826	10880	10880	10780	10830
20090827	10750	10855	10660	10770
20090828	10750	10860	10735	10790
20090831	10650	10815	10600	10665
20090901	10705	10745	10475	10495
20090902	10470	10500	10380	10435
20090903	10430	10475	10365	10445
20090904	10440	10560	10405	10535
20090908	10615	10640	10450	10620
20090909	10510	10660	10500	10650
20090910	10660	10760	10625	10735
20090911	10625	10735	10580	10605
20090914	10420	10535	10380	10495
20090915	10410	10540	10390	10475
20090916	10450	10575	10445	10555
20090917	10595	10675	10555	10625
20090918	10605	10655	10565	10615
20090921	10585	10615	10530	10595
20090922	10660	10670	10585	10615
20090923	10640	10670	10540	10565
20090924	10655	10725	10525	10565
20090925	10520	10540	10350	10365
20090928	10235	10420	10230	10415
20090929	10310	10370	10250	10280
20090930	10325	10335	10175	10220
20091001	10210	10225	9980	10010
20091002	9900	9960	9765	9905
20091005	9910	9965	9850	9955
20091006	9915	10015	9895	9910
20091007	9965	9970	9895	9960
20091008	10085	10110	9955	10065
20091009	10195	10260	10120	10250
20091012	10270	10355	10250	10275
20091013	10270	10295	10195	10245
20091014	10290	10380	10285	10370
20091015	10415	10510	10330	10490
20091016	10475	10485	10335	10375
20091019	10470	10530	10430	10480
20091020	10485	10535	10405	10495
20091021	10515	10575	10420	10430
20091022	10435	10530	10380	10520
20091023	10515	10535	10385	10415
20091026	10555	10605	10370	10440
20091027	10425	10455	10320	10330
20091028	10260	10365	10055	10055
20091029	10080	10260	10050	10220
20091030	10170	10185	9890	9910
20091102	10010	10085	9915	9980
20091103	9940	10000	9810	9990
20091104	10020	10120	10010	10045
20091105	9885	10080	9845	10030
20091106	9935	10000	9850	9970
20091109	10000	10175	10000	10175
20091110	10050	10175	9945	10045
20091111	10100	10170	10080	10110
20091112	9940	10125	9915	9950
20091113	9955	9980	9870	9945
20091116	9995	10090	9975	10045
20091117	9905	9950	9880	9945
20091118	9850	9900	9800	9895
20091119	9690	9880	9550	9625
20091120	9635	9665	9540	9655
20091123	9685	9790	9685	9725
20091124	9515	9715	9485	9530
20091125	9640	9650	9550	9570
20091127	9225	9585	9220	9385
20091130	9490	9500	9390	9405
20091201	9645	9800	9415	9795
20091202	9800	9890	9795	9870
20091203	10135	10190	9835	10090
20091204	10175	10420	10040	10395
20091207	10315	10325	10230	10275
20091208	10280	10295	10105	10150
20091209	10095	10145	10025	10115
20091210	10000	10155	9990	10100
20091211	10080	10140	10055	10100
20091214	10090	10105	10045	10070
20091215	10070	10125	10035	10120
20091216	10175	10265	10110	10220
20091217	10100	10130	10075	10100
20091218	10165	10190	10070	10095
20091221	10165	10285	10150	10250
20091222	10340	10435	10335	10425
20091223	10445	10525	10405	10455
20091224	10510	10535	10445	10515
20091228	10620	10650	10575	10600
20091229	10655	10700	10640	10680
20091230	10520	10620	10500	10610
20091231	10630	10680	10570	10610
20100104	10655	10830	10645	10810
20100105	10715	10800	10675	10765
20100106	10715	10825	10690	10775
20100107	10715	10765	10660	10735
20100108	10805	10850	10735	10830
20100111	10825	10895	10775	10835
20100112	10865	10870	10675	10740
20100113	10670	10805	10665	10770
20100114	10890	10915	10830	10895
20100115	10920	10935	10750	10810
20100119	10770	10870	10680	10835
20100120	10645	10835	10535	10625
20100121	10775	10825	10530	10580
20100122	10595	10600	10310	10325
20100125	10500	10550	10390	10445
20100126	10285	10365	10250	10310
20100127	10230	10305	10145	10280
20100128	10410	10435	10170	10250
20100129	10180	10430	10095	10175
20100201	10185	10285	10175	10250
20100202	10340	10445	10235	10390
20100203	10410	10425	10355	10410
20100204	10290	10305	9960	10000
20100205	9995	9995	9760	9940
20100208	9945	9990	9810	9830
20100209	9945	10060	9875	9985
20100210	9955	10050	9895	10000
20100211	10050	10050	9895	10015
20100212	10070	10075	9925	10055
20100216	10010	10155	9965	10140
20100217	10235	10335	10235	10325
20100218	10245	10390	10240	10375
20100219	10110	10350	10105	10225
20100222	10335	10340	10275	10320
20100223	10310	10325	10085	10150
20100224	10135	10195	10080	10185
20100225	10040	10090	9895	10010
20100226	10040	10105	9980	10105
20100301	10155	10215	10110	10170
20100302	10180	10255	10150	10185
20100303	10185	10275	10165	10185
20100304	10070	10185	10065	10170
20100305	10310	10495	10305	10485
20100308	10530	10590	10520	10565
20100309	10510	10575	10435	10520
20100310	10510	10610	10490	10570
20100311	10575	10660	10565	10660
20100312	10685	10785	10670	10755
20100315	10700	10705	10625	10685
20100316	10685	10760	10685	10740
20100317	10785	10810	10755	10785
20100318	10680	10775	10665	10750
20100319	10760	10770	10645	10705
20100322	10655	10690	10560	10675
20100323	10670	10770	10665	10765
20100324	10740	10805	10685	10800
20100325	10775	10940	10770	10820
20100326	10940	10985	10785	10915
20100329	11055	11065	11000	11040
20100330	11125	11160	11055	11100
20100331	11100	11130	11025	11120
20100401	11230	11365	11225	11350
20100405	11335	11375	11300	11370
20100406	11275	11405	11250	11310
20100407	11260	11280	11190	11245
20100408	11120	11240	11095	11215
20100409	11225	11255	11215	11245
20100412	11240	11345	11210	11260
20100413	11225	11225	11090	11175
20100414	11205	11280	11170	11265
20100415	11265	11305	11200	11250
20100416	11225	11225	10820	10890
20100419	10870	10935	10770	10920
20100420	10945	10990	10880	10985
20100421	11060	11080	10945	10995
20100422	11015	11015	10745	10880
20100423	10885	11020	10845	10995
20100426	11020	11190	11020	11145
20100427	11125	11185	10820	10875
20100428	10845	10975	10805	10925
20100429	10925	11075	10890	11050
20100430	11035	11080	10915	10960
20100503	10970	11120	10895	11080
20100504	11075	11080	10650	10685
20100505	10670	10745	10550	10620
20100506	10630	10700	9625	10145
20100507	10130	10470	10005	10140
20100510	10225	10765	10225	10660
20100511	10670	10735	10320	10395
20100512	10405	10535	10315	10515
20100513	10505	10635	10415	10450
20100514	10435	10505	10110	10280
20100517	10200	10315	10095	10250
20100518	10245	10350	10105	10130
20100519	10095	10150	9935	10085
20100520	10095	10125	9650	9685
20100521	9710	9825	9475	9795
20100524	9785	9805	9635	9660
20100525	9640	9640	9245	9505
20100526	9555	9590	9375	9390
20100527	9400	9790	9375	9740
20100528	9755	9825	9585	9610
20100601	9665	9780	9515	9575
20100602	9565	9790	9530	9770
20100603	9770	9955	9750	9885
20100604	9920	9925	9510	9570
20100607	9565	9585	9355	9355
20100608	9365	9540	9325	9460
20100609	9455	9570	9340	9445
20100610	9455	9675	9400	9640
20100611	9650	9745	9565	9725
20100614	9735	9870	9735	9780
20100615	9770	9990	9745	9975
20100616	9975	10065	9915	10015
20100617	9980	10045	9880	9970
20100618	9940	9965	9895	9930
20100621	10060	10195	10040	10095
20100622	10075	10115	9835	9865
20100623	9850	9905	9710	9810
20100624	9795	9930	9620	9680
20100625	9680	9725	9590	9690
20100628	9680	9705	9565	9595
20100629	9610	9675	9210	9275
20100630	9270	9335	9125	9135
20100701	9135	9210	8940	9125
20100702	9120	9235	9045	9100
20100706	9105	9425	8990	9240
20100707	9230	9450	9135	9445
20100708	9460	9545	9400	9525
20100709	9495	9555	9425	9530
20100712	9490	9540	9430	9485
20100713	9495	9575	9415	9535
20100714	9575	9720	9565	9685
20100715	9680	9680	9435	9530
20100716	9595	9595	9095	9165
20100719	9150	9210	9090	9180
20100720	9135	9315	9070	9290
20100721	9315	9340	9105	9110
20100722	9105	9335	9085	9245
20100723	9250	9455	9250	9415
20100726	9410	9460	9335	9440
20100727	9445	9545	9390	9535
20100728	9530	9665	9525	9575
20100729	9555	9645	9465	9545
20100730	9545	9555	9315	9435
20100802	9440	9640	9440	9625
20100803	9640	9645	9495	9555
20100804	9520	9540	9375	9540
20100805	9560	9590	9445	9495
20100806	9485	9580	9355	9490
20100809	9470	9545	9410	9530
20100810	9555	9570	9350	9385
20100811	9390	9390	9015	9030
20100812	9020	9155	8960	9075
20100813	9070	9185	9055	9090
20100816	9070	9115	8985	9035
20100817	9035	9215	8980	9115
20100818	9120	9180	9050	9115
20100819	9110	9275	9055	9120
20100820	9080	9170	8975	9050
20100823	9015	9060	8925	8940
20100824	8895	8955	8685	8750
20100825	8765	8840	8630	8800
20100826	8805	8820	8710	8730
20100827	8695	8985	8695	8975
20100830	8985	9175	8870	8870
20100831	8890	8895	8655	8725
20100901	8730	9010	8700	9005
20100902	9010	9015	8860	9000
20100903	9000	9160	8950	9065
20100907	9210	9220	8980	8990
20100908	8960	9040	8890	9010
20100909	9020	9080	8965	9060
20100910	9050	9220	9045	9200
20100913	9220	9310	9185	9240
20100914	9215	9230	9120	9200
20100915	9195	9575	9100	9565
20100916	9550	9570	9380	9485
20100917	9485	9565	9435	9485
20100920	9485	9650	9445	9625
20100921	9615	9630	9445	9475
20100922	9460	9525	9355	9385
20100923	9390	9430	9275	9320
20100924	9310	9500	9190	9455
20100927	9490	9510	9430	9465
20100928	9460	9500	9365	9430
20100929	9480	9555	9440	9465
20100930	9465	9510	9300	9360
20101001	9355	9420	9305	9380
20101004	9420	9605	9195	9265
20101005	9275	9580	9245	9535
20101006	9535	9660	9515	9620
20101007	9610	9655	9510	9590
20101008	9585	9610	9435	9560
20101011	9560	9575	9530	9570
20101012	9560	9585	9305	9380
20101013	9405	9495	9335	9440
20101014	9430	9545	9425	9495
20101015	9510	9520	9410	9500
20101018	9470	9505	9400	9455
20101019	9410	9510	9350	9400
20101020	9400	9430	9240	9405
20101021	9460	9490	9260	9315
20101022	9290	9390	9290	9375
20101025	9340	9390	9295	9310
20101026	9295	9395	9270	9365
20101027	9375	9385	9250	9330
20101028	9335	9355	9245	9260
20101029	9260	9265	9075	9100
20101101	9095	9200	9000	9045
20101102	8990	9145	8985	9135
20101103	9130	9215	9090	9210
20101104	9215	9420	9185	9395
20101105	9420	9630	9420	9620
20101108	9620	9665	9595	9630
20101109	9630	9715	9580	9650
20101110	9660	9820	9650	9790
20101111	9785	9810	9710	9760
20101112	9725	9775	9570	9650
20101115	9655	9820	9655	9800
20101116	9770	9830	9585	9620
20101117	9625	9775	9605	9755
20101118	9840	10075	9725	10035
20101119	10050	10065	9930	10015
20101122	10040	10090	9905	10015
20101123	10075	10075	9715	9785
20101124	9775	10065	9775	10055
20101126	10025	10115	9915	9925
20101129	9960	10075	9900	9995
20101130	10045	10045	9770	9850
20101201	9835	10120	9835	10090
20101202	10095	10230	10065	10225
20101203	10225	10225	10025	10085
20101206	10090	10120	10045	10105
20101207	10085	10160	10010	10110
20101208	10125	10195	10100	10190
20101209	10190	10210	10120	10155
20101210	10145	10220	10090	10110
20101213	10110	10230	10100	10175
20101214	10180	10265	10155	10230
20101215	10260	10265	10175	10230
20101216	10245	10265	10165	10230
20101217	10255	10265	10165	10205
20101220	10215	10220	10075	10165
20101221	10165	10300	10160	10280
20101222	10265	10280	10215	10245
20101223	10240	10250	10145	10175
20101227	10155	10280	10135	10210
20101228	10210	10225	10120	10165
20101229	10175	10260	10175	10200
20101230	10190	10205	10040	10090
20101231	10085	10100	10005	10080
20110103	10085	10245	10085	10220
20110104	10225	10315	10200	10280
20110105	10275	10420	10220	10400
20110106	10405	10440	10350	10375
20110107	10400	10450	10310	10360
20110110	10400	10400	10250	10335
20110111	10335	10465	10330	10440
20110112	10435	10520	10390	10480
20110113	10490	10510	10435	10445
20110114	10470	10480	10350	10455
20110118	10375	10465	10345	10460
20110119	10485	10485	10305	10340
20110120	10330	10385	10270	10320
20110121	10365	10375	10145	10180
20110124	10155	10275	10155	10275
20110125	10265	10355	10215	10300
20110126	10290	10340	10260	10310
20110127	10310	10390	10295	10365
20110128	10365	10365	10070	10085
20110131	10085	10155	10025	10110
20110201	10100	10240	10100	10190
20110202	10190	10365	10185	10315
20110203	10305	10390	10280	10365
20110204	10370	10500	10370	10500
20110207	10505	10545	10440	10520
20110208	10505	10555	10475	10555
20110209	10555	10555	10420	10490
20110210	10490	10550	10410	10530
20110211	10510	10590	10445	10565
20110214	10585	10635	10535	10610
20110215	10595	10645	10580	10620
20110216	10605	10765	10605	10735
20110217	10740	10750	10675	10730
20110218	10710	10735	10685	10710
20110222	10595	10735	10365	10395
20110223	10405	10525	10305	10415
20110224	10420	10420	10195	10290
20110225	10320	10425	10320	10405
20110228	10405	10565	10315	10540
20110301	10555	10645	10455	10455
20110302	10465	10480	10330	10370
20110303	10370	10600	10370	10580
20110304	10570	10630	10415	10505
20110307	10495	10495	10280	10305
20110308	10305	10480	10300	10425
20110309	10435	10515	10370	10420
20110310	10415	10415	10185	10190
20110311	10190	10235	9820	9895
20110314	9640	9720	9035	9280
20110315	9265	9295	8280	8875
20110316	8875	9015	8220	8420
20110317	8445	8915	8090	8780
20110318	8770	9215	8725	9135
20110321	9210	9475	9160	9430
20110322	9405	9520	9310	9460
20110323	9460	9460	9225	9335
20110324	9320	9470	9220	9445
20110325	9445	9460	9295	9305
20110328	9275	9385	9245	9265
20110329	9265	9415	9220	9400
20110330	9410	9720	9385	9680
20110331	9680	9715	9580	9620
20110401	9640	9750	9605	9715
20110404	9740	9740	9615	9635
20110405	9645	9650	9490	9560
20110406	9540	9630	9480	9565
20110407	9545	9595	9310	9415
20110408	9430	9710	9390	9620
20110411	9640	9705	9510	9540
20110412	9525	9525	9385	9410
20110413	9405	9575	9380	9485
20110414	9485	9575	9450	9520
20110415	9530	9555	9455	9490
20110418	9490	9510	9265	9395
20110419	9375	9415	9300	9405
20110420	9395	9610	9395	9580
20110421	9615	9665	9545	9555
20110425	9570	9650	9535	9560
20110426	9595	9595	9440	9525
20110427	9540	9665	9535	9625
20110428	9625	9850	9615	9825
20110429	9840	9860	9790	9835
20110502	9815	9945	9815	9880
20110503	9855	9880	9770	9830
20110504	9810	9845	9700	9745
20110505	9785	9785	9580	9660
20110506	9680	9825	9660	9690
20110509	9720	9790	9675	9690
20110510	9695	9820	9660	9800
20110511	9800	9825	9615	9680
20110512	9625	9735	9550	9665
20110513	9675	9675	9450	9480
20110516	9440	9520	9410	9420
20110517	9400	9515	9400	9500
20110518	9515	9615	9490	9595
20110519	9605	9620	9495	9515
20110520	9515	9560	9420	9425
20110523	9420	9440	9270	9300
20110524	9310	9430	9290	9370
20110525	9360	9415	9305	9375
20110526	9390	9465	9380	9445
20110527	9445	9480	9375	9380
20110531	9420	9640	9335	9625
20110601	9645	9645	9435	9445
20110602	9445	9475	9400	9455
20110603	9460	9490	9325	9350
20110606	9340	9380	9220	9260
20110607	9250	9380	9250	9305
20110608	9310	9360	9275	9275
20110609	9275	9455	9265	9430
20110610	9430	9530	9310	9340
20110613	9315	9375	9290	9325
20110614	9325	9530	9325	9505
20110615	9505	9530	9345	9375
20110616	9365	9405	9240	9310
20110617	9355	9355	9205	9270
20110620	9250	9335	9235	9335
20110621	9335	9455	9285	9430
20110622	9420	9555	9400	9470
20110623	9470	9540	9395	9480
20110624	9490	9620	9475	9500
20110627	9515	9580	9475	9570
20110628	9585	9685	9535	9675
20110629	9670	9765	9645	9760
20110630	9755	9830	9695	9785
20110701	9765	9910	9745	9890
20110705	9865	9920	9855	9905
20110706	9885	9990	9880	9960
20110707	9970	10110	9940	10110
20110708	10140	10145	9910	9960
20110711	9975	10010	9770	9820
20110712	9805	9875	9690	9725
20110713	9710	9925	9710	9840
20110714	9830	9900	9780	9830
20110715	9825	9925	9820	9905
20110718	9875	9925	9355	9770
20110719	9780	9915	9770	9900
20110720	9910	9965	9895	9965
20110721	9945	10030	9880	10010
20110722	10015	10080	9990	10040
20110725	9965	10025	9945	9980
20110726	9970	10045	9955	9960
20110727	9970	9975	9810	9820
20110728	9790	9870	9755	9760
20110729	9765	9820	9655	9710
20110801	9770	9940	9640	9715
20110802	9750	9775	9555	9560
20110803	9575	9585	9415	9555
20110804	9560	9670	9180	9185
20110805	9190	9340	9005	9230
20110808	9040	9150	8595	8635
20110809	8615	9055	8550	9015
20110810	9000	9095	8630	8705
20110811	8705	9035	8670	8970
20110812	8970	9015	8750	8940
20110815	8930	9055	8930	9035
20110816	9010	9045	8885	8960
20110817	9010	9040	8895	8935
20110818	8915	8940	8565	8660
20110819	8655	8690	8490	8525
20110822	8540	8670	8490	8560
20110823	8590	8740	8540	8730
20110824	8750	8750	8515	8665
20110825	8655	8760	8610	8635
20110826	8635	8710	8525	8690
20110829	8675	8855	8650	8840
20110830	8840	8890	8765	8795
20110831	8790	8975	8785	8920
20110901	8900	8995	8875	8895
20110902	8910	8915	8690	8725
20110906	8575	8735	8480	8620
20110907	8620	8765	8600	8755
20110908	8765	8780	8640	8675
20110909	8680	8700	8400	8450
20110912	8440	8480	8330	8475
20110913	8485	8555	8410	8550
20110914	8535	8615	8395	8525
20110915	8520	8695	8505	8680
20110916	8675	8795	8670	8765
20110919	8740	8740	8565	8640
20110920	8610	8685	8575	8585
20110921	8610	8655	8480	8480
20110922	8470	8520	8220	8325
20110923	8335	8435	8220	8395
20110926	8375	8450	8220	8420
20110927	8420	8665	8385	8570
20110928	8560	8635	8490	8510
20110929	8490	8725	8460	8675
20110930	8670	8705	8510	8515
20111003	8490	8545	8325	8335
20111004	8405	8500	8285	8480
20111005	8470	8500	8310	8465
20111006	8445	8560	8445	8545
20111007	8560	8620	8510	8560
20111010	8550	8750	8550	8735
20111011	8720	8755	8665	8700
20111012	8675	8855	8650	8765
20111013	8760	8805	8695	8740
20111014	8740	8835	8690	8825
20111017	8840	8900	8715	8745
20111018	8720	8835	8640	8825
20111019	8800	8815	8670	8705
20111020	8700	8750	8590	8640
20111021	8640	8700	8610	8690
20111024	8685	8800	8685	8780
20111025	8785	8810	8620	8650
20111026	8640	8750	8605	8740
20111027	8740	9040	8685	8995
20111028	9000	9035	8940	9010
20111031	9030	9110	8790	8835
20111101	8810	8890	8625	8720
20111102	8705	8705	8555	8655
20111103	8670	8760	8505	8735
20111104	8725	8755	8655	8685
20111107	8720	8755	8630	8730
20111108	8730	8735	8590	8710
20111109	8705	8710	8480	8540
20111110	8530	8530	8410	8470
20111111	8455	8560	8410	8540
20111114	8560	8600	8480	8520
20111115	8490	8535	8440	8480
20111116	8500	8515	8330	8330
20111117	8350	8430	8300	8330
20111118	8340	8400	8305	8340
20111121	8330	8330	8170	8205
20111122	8220	8295	8190	8205
20111123	8210	8235	8080	8095
20111125	8085	8160	8045	8070
20111128	8145	8355	8140	8330
20111129	8325	8440	8295	8385
20111130	8385	8605	8310	8580
20111201	8580	8615	8505	8535
20111202	8550	8690	8545	8595
20111205	8600	8670	8590	8610
20111206	8560	8610	8490	8535
20111207	8545	8665	8545	8650
20111208	8650	8650	8445	8470
20111209	8465	8600	8445	8595
20111212	8600	8615	8435	8485
20111213	8510	8550	8390	8440
20111214	8440	8460	8350	8365
20111215	8365	8370	8305	8345
20111216	8345	8385	8290	8305
20111219	8295	8300	8205	8215
20111220	8255	8430	8255	8405
20111221	8405	8440	8330	8400
20111222	8385	8440	8315	8430
20111223	8425	8490	8415	8480
20111227	8410	8410	8375	8390
20111228	8390	8395	8290	8320
20111229	8315	8395	8280	8390
20111230	8385	8410	8325	8340
20120103	8505	8530	8470	8500
20120104	8500	8520	8435	8460
20120105	8460	8460	8385	8435
20120106	8435	8435	8280	8290
20120109	8280	8330	8230	8290
20120110	8290	8410	8290	8375
20120111	8380	8390	8345	8380
20120112	8370	8385	8300	8350
20120113	8345	8435	8335	8400
20120117	8350	8440	8285	8410
20120118	8420	8560	8395	8520
20120119	8525	8675	8515	8660
20120120	8650	8720	8645	8705
20120123	8700	8750	8675	8730
20120124	8735	8750	8690	8745
20120125	8755	8840	8740	8810
20120126	8810	8850	8770	8795
20120127	8785	8820	8735	8765
20120130	8755	8765	8680	8700
20120131	8705	8770	8705	8745
20120201	8745	8835	8705	8790
20120202	8815	8835	8790	8800
20120203	8805	8880	8760	8845
20120206	8860	8885	8810	8850
20120207	8845	8895	8830	8875
20120208	8895	8940	8885	8935
20120209	8930	8975	8875	8965
20120210	8960	8960	8830	8870
20120213	8885	8960	8880	8955
20120214	8935	9040	8900	9035
20120215	9045	9240	9045	9170
20120216	9160	9315	9145	9305
20120217	9295	9430	9295	9415
20120221	9415	9490	9365	9410
20120222	9400	9540	9375	9510
20120223	9495	9550	9440	9530
20120224	9530	9680	9505	9640
20120227	9655	9685	9410	9525
20120228	9525	9755	9465	9725
20120229	9725	9800	9645	9695
20120301	9660	9795	9570	9720
20120302	9765	9780	9670	9745
20120305	9730	9730	9560	9655
20120306	9665	9665	9425	9470
20120307	9465	9605	9445	9580
20120308	9575	9830	9560	9815
20120309	9805	9980	9785	9950
20120312	10020	10020	9810	9855
20120313	9920	10040	9820	10015
20120314	10015	10075	9990	10030
20120315	10020	10085	9995	10030
20120316	10045	10120	10020	10030
20120319	10055	10100	9995	10070
20120320	10080	10105	9975	10050
20120321	10015	10065	9975	9995
20120322	9995	10060	9910	9930
20120323	9930	9955	9840	9930
20120326	9950	10045	9930	10040
20120327	10010	10185	10010	10120
20120328	10125	10200	10075	10120
20120329	10130	10150	10005	10085
20120330	10085	10170	10055	10165
20120402	10145	10195	10035	10090
20120403	10085	10090	10000	10065
20120404	10055	10070	9680	9745
20120405	9730	9785	9625	9710
20120406	9755	9755	9500	9710
20120409	9520	9600	9505	9550
20120410	9565	9645	9335	9345
20120411	9355	9525	9350	9485
20120412	9455	9605	9450	9585
20120413	9590	9675	9510	9515
20120416	9500	9525	9430	9455
20120417	9455	9600	9435	9585
20120418	9595	9680	9575	9580
20120419	9585	9650	9495	9545
20120420	9550	9600	9520	9575
20120423	9580	9620	9380	9435
20120424	9440	9520	9410	9505
20120425	9530	9590	9525	9580
20120426	9600	9615	9495	9590
20120427	9615	9685	9440	9505
20120430	9540	9550	9385	9445
20120501	9440	9450	9275	9360
20120502	9370	9400	9275	9320
20120503	9340	9340	9215	9230
20120504	9240	9240	9115	9125
20120507	9125	9210	9040	9180
20120508	9175	9190	9015	9075
20120509	9090	9090	8915	8980
20120510	8980	9070	8950	9040
20120511	9040	9040	8905	8940
20120514	8920	9005	8835	8840
20120515	8830	8935	8805	8825
20120516	8820	8860	8695	8740
20120517	8740	8850	8640	8655
20120518	8650	8690	8515	8525
20120521	8535	8685	8505	8670
20120522	8680	8760	8665	8710
20120523	8725	8725	8450	8565
20120524	8565	8585	8470	8550
20120525	8570	8595	8520	8535
20120529	8555	8640	8490	8625
20120530	8605	8615	8455	8465
20120531	8475	8535	8405	8450
20120601	8465	8465	8220	8225
20120604	8210	8340	8180	8305
20120605	8230	8445	8230	8425
20120606	8425	8645	8380	8630
20120607	8655	8685	8555	8605
20120608	8605	8645	8375	8505
20120611	8575	8705	8430	8460
20120612	8440	8555	8425	8545
20120613	8535	8585	8480	8520
20120614	8510	8590	8475	8560
20120615	8575	8610	8520	8595
20120618	8665	8735	8620	8655
20120619	8685	8710	8605	8675
20120620	8680	8795	8675	8765
20120621	8765	8860	8705	8725
20120622	8710	8810	8680	8800
20120625	8800	8805	8590	8620
20120626	8615	8680	8585	8665
20120627	8695	8780	8625	8760
20120628	8760	8855	8750	8805
20120629	8805	9095	8770	9090
20120702	9090	9090	8970	9010
20120703	9010	9135	9005	9130
20120705	9075	9135	9015	9045
20120706	9040	9055	8905	8980
20120709	8965	8965	8835	8900
20120710	8895	8945	8790	8825
20120711	8810	8860	8780	8840
20120712	8855	8855	8635	8685
20120713	8675	8795	8655	8775
20120716	8775	8800	8670	8710
20120717	8705	8780	8695	8755
20120718	8785	8785	8690	8750
20120719	8765	8805	8750	8775
20120720	8785	8795	8570	8595
20120723	8590	8590	8395	8440
20120724	8455	8485	8340	8370
20120725	8340	8415	8295	8380
20120726	8390	8535	8335	8500
20120727	8510	8705	8480	8655
20120730	8670	8670	8560	8600
20120731	8580	8710	8550	8575
20120801	8585	8655	8550	8640
20120802	8645	8670	8475	8535
20120803	8550	8670	8485	8650
20120806	8645	8750	8645	8705
20120807	8665	8910	8645	8850
20120808	8855	8935	8795	8855
20120809	8860	8970	8835	8925
20120810	8930	8930	8805	8895
20120813	8885	8905	8835	8855
20120814	8860	8960	8850	8915
20120815	8915	8925	8840	8910
20120816	8965	9110	8965	9100
20120817	9100	9195	9070	9185
20120820	9175	9205	9115	9155
20120821	9155	9215	9115	9130
20120822	9125	9150	9005	9050
20120823	9040	9165	9030	9045
20120824	9115	9250	8975	9075
20120827	9075	9125	9045	9065
20120828	9090	9100	8955	9015
20120829	9005	9065	9005	9035
20120830	9035	9035	8870	8880
20120831	8880	8900	8785	8860
20120903	8860	8880	8725	8765
20120904	8755	8880	8690	8765
20120905	8760	8760	8605	8655
20120906	8655	8830	8620	8815
20120907	8820	8905	8775	8840
20120910	8830	8845	8780	8780
20120911	8770	8810	8740	8775
20120912	8780	8960	8760	8905
20120913	8910	9075	8900	9035
20120914	9045	9235	9045	9210
20120917	9215	9235	9150	9175
20120918	9170	9235	9060	9140
20120919	9140	9250	9115	9155
20120920	9170	9180	9005	9055
20120921	9065	9115	9045	9070
20120924	9060	9080	8970	9015
20120925	9020	9080	8975	8990
20120926	8985	8990	8860	8890
20120927	8870	9010	8870	8985
20120928	8995	9025	8845	8885
20121001	8890	8895	8785	8840
20121002	8850	8870	8775	8815
20121003	8805	8835	8760	8810
20121004	8825	8915	8765	8875
20121005	8875	8970	8835	8920
20121008	8925	8930	8805	8825
20121009	8810	8870	8690	8695
20121010	8695	8700	8570	8575
20121011	8565	8660	8540	8600
20121012	8630	8630	8550	8570
20121015	8575	8685	8520	8670
20121016	8650	8825	8650	8810
20121017	8805	8905	8790	8900
20121018	8880	9020	8880	8995
20121019	8980	9050	8875	8875
20121022	8865	9100	8865	9095
20121023	9105	9110	8905	8935
20121024	8950	9075	8920	8985
20121025	8995	9150	8980	9105
20121026	9110	9120	8930	8990
20121029	9005	9015	8905	8950
20121030	8970	9025	8845	8945
20121031	8920	9015	8915	8950
20121101	8955	9090	8855	9085
20121102	9085	9130	9030	9035
20121105	9035	9070	9000	9045
20121106	9045	9095	8990	9080
20121107	9090	9090	8840	8870
20121108	8875	8920	8760	8785
20121109	8805	8810	8680	8765
20121112	8750	8770	8700	8730
20121113	8735	8745	8640	8680
20121114	8700	8805	8680	8700
20121115	8690	8910	8685	8895
20121116	8895	9120	8895	9115
20121119	9105	9245	9105	9235
20121120	9240	9240	9115	9240
20121121	9235	9365	9190	9350
20121123	9450	9475	9330	9450
20121126	9450	9510	9370	9415
20121127	9410	9480	9370	9385
20121128	9385	9430	9240	9370
20121129	9365	9490	9355	9485
20121130	9485	9555	9415	9520
20121203	9520	9550	9455	9460
20121204	9465	9480	9410	9430
20121205	9410	9565	9405	9535
20121206	9530	9585	9525	9560
20121207	9555	9590	9485	9565
20121210	9575	9615	9490	9545
20121211	9540	9615	9515	9610
20121212	9615	9740	9590	9685
20121213	9680	9810	9680	9780
20121214	9770	9800	9705	9785
20121217	9820	9995	9795	9895
20121218	9910	10085	9880	10065
20121219	10070	10220	10040	10160
20121220	10145	10195	10030	10190
20121221	10195	10195	9940	10115
20121224	10085	10180	10085	10175
20121226	10335	10390	10320	10355
20121227	10350	10460	10335	10435
20121228	10450	10485	10360	10375
20121231	10365	10580	10345	10570
20130102	10785	10895	10715	10885
20130103	10875	10905	10735	10790
20130104	10790	10830	10670	10775
20130107	10765	10795	10555	10635
20130108	10635	10635	10390	10445
20130109	10450	10655	10405	10645
20130110	10655	10840	10640	10800
20130111	10825	10935	10770	10935
20130114	10940	11025	10930	11005
20130115	10995	10995	10785	10880
20130116	10880	10890	10490	10655
20130117	10655	10890	10450	10865
