20020128	595.6	595.6	590.8	591.5
20020130	582.2	583.6	577.3	583.2
20020131	582.8	592.2	582.7	591.5
20020201	592.2	592.2	588.1	589.7
20020204	585.7	585.7	580.5	581.5
20020205	581.7	581.9	575.4	579.4
20020206	578.6	579.7	572.9	575
20020207	574.3	574.4	570.4	573.6
20020208	571.7	577.6	569.5	577.6
20020211	582.1	586.5	581.8	586.5
20020212	587	588.7	584	587.9
20020213	588.9	591.2	585.2	590.2
20020214	589.2	594.3	589.2	592
20020215	592.1	592.6	584.4	584.7
20020219	583.2	583.2	576.9	577.5
20020220	577.7	580.9	574.6	578
20020221	579.5	584.8	579.5	583.1
20020222	581.4	583.2	575.2	582
20020225	583.9	586.5	583	586.5
20020226	586.7	591.4	586.7	590.2
20020227	590.7	597	590.7	594
20020228	593.5	595.2	592	593.3
20020301	593.2	602.1	589.9	601.3
20020304	604.7	612.1	603.6	611.2
20020305	613.1	616.4	611.7	614.7
20020306	613	617.7	610.2	615.7
20020307	617.7	622.3	617.7	618.7
20020308	618.7	622.1	618.7	622.1
20020311	622.1	622.1	622.1	622.1
20020312	622	622	622	622
20020313	621	621	621	621
20020314	618.2	618.2	618.2	618.2
20020315	619.7	625.1	619.2	623.8
20020318	626.7	627.6	623.4	624.2
20020319	626.2	630.8	626.2	628.9
20020320	630.5	630.6	623.7	625.7
20020321	625.7	626	619.5	621.3
20020322	622.6	626.8	621.9	622.7
20020325	622.2	622.5	615.3	616.4
20020326	616.4	620	613.5	618.4
20020327	618.7	626.1	617	623.7
20020328	624.2	629.6	624.2	627.7
20020401	625.2	625.2	619.1	625.2
20020402	624.4	628.3	623.5	625.2
20020403	624.1	624.6	615.8	615.8
20020404	615.7	617.7	613.2	615.3
20020405	616.4	620.7	615.9	615.9
20020408	613.7	622.7	613.2	622.7
20020409	622.5	626.2	621.1	622.8
20020410	623.8	630.1	620.7	628
20020411	627.8	630.2	625.5	627.3
20020412	626.6	629.1	620.8	629
20020415	630.2	632.2	625.8	629.4
20020416	629.6	635.2	626.9	634.9
20020417	634.4	640.4	634.4	636.3
20020418	636.8	637.1	628.2	634.2
20020419	634.2	637	632.2	635.5
20020422	633.2	633.2	628.2	628.4
20020423	628.3	630.2	626.2	628.7
20020424	629.8	631.2	626.1	626.1
20020425	626.4	626.4	618.1	622.9
20020426	622.3	627.7	615.2	616.7
20020429	618.2	619.7	614.6	615.2
20020430	616	624	616	622.8
20020501	624.1	627.7	618.3	627.7
20020502	628.2	628.2	625	625.9
20020503	624.1	625.2	619	620.7
20020506	621.2	623.1	611.7	611.7
20020507	614.7	614.7	609.4	612.1
20020508	620.7	622.3	618.8	620.7
20020509	623.7	623.9	608.2	616.2
20020510	619.2	619.2	611.2	612.4
20020513	613.2	618.4	612.2	614.4
20020514	625.2	630.7	625.2	630.7
20020515	632.2	634.3	628.2	632.6
20020516	626.4	629.4	626.4	627.7
20020517	629.2	631.9	627.2	630.7
20020520	629.5	630.7	625.2	630.7
20020521	626.2	626.4	616.7	616.8
20020522	615.3	615.3	614.4	614.5
20020523	617.7	620.2	616.1	619.5
20020524	624.3	624.7	617.6	618
20020528	620.2	620.2	612.8	617.2
20020529	616.2	618	612	613.2
20020530	611.2	614.7	608	609.6
20020531	613.7	618.7	611.5	614.1
20020603	612	612.5	603.8	606.6
20020604	599.7	600.4	591.6	595.5
20020605	596.7	600.6	594.9	597.7
20020606	598.5	599	591.2	592.8
20020607	583.3	599.1	583	599.1
20020610	595.2	598.9	594.2	598.1
20020611	596.7	597.4	583.2	584.3
20020612	584.6	585.7	577.2	584.2
20020613	584.2	585.9	576.7	576.7
20020614	564.4	580.8	564.4	580.8
20020617	590.2	595.1	590.2	595.1
20020618	595.5	595.5	595.5	595.5
20020619	590.7	590.7	585.2	585.3
20020620	586.8	587.6	582.7	582.7
20020621	581.2	583.8	574.6	575.7
20020624	575.7	577	565.4	572.4
20020625	575.4	576.4	564	565.5
20020626	555.6	566.2	553.4	565
20020627	569.8	572	561.4	572
20020628	573.2	578	572.6	574.5
20020701	572.9	575.5	560.7	560.7
20020702	558.7	560.3	547	548.2
20020703	546.5	550.4	538.9	548
20020705	550.7	564.2	550.7	564.2
20020708	564.6	565.2	553.4	554.5
20020709	554	556.5	543.8	545
20020710	547.2	547.2	531.2	531.2
20020711	528.9	533.3	519.9	532.7
20020712	535	537.4	527	530
20020715	526.2	526.5	511.1	525.1
20020716	525.2	530.8	520.7	526.2
20020717	532.3	537.2	519.5	530
20020718	528.3	530.2	514.7	514.9
20020719	512.7	512.7	502.5	505.7
20020722	505.9	509.2	487.2	491.2
20020723	493.8	494.6	478.9	480.2
20020724	469.8	501.2	467.3	501.2
20020725	496.2	505.6	488.8	497
20020726	496.7	502.7	495.3	501.7
20020729	507.4	524.4	506.3	522.1
20020730	519.4	530.3	515	527.2
20020731	525.7	527.5	520.2	524.7
20020801	524.7	526.8	515.5	517.7
20020802	515.6	515.6	500.9	505.2
20020805	503.4	503.9	490.3	490.9
20020806	497.7	508.1	497.3	505.3
20020807	511.2	513.1	500.2	509.5
20020808	510.7	520.2	507.2	520.2
20020809	516.7	523.4	512	519.2
20020812	515.2	522.9	513.9	521.2
20020813	519.9	523	510.1	510.6
20020814	512.4	525.1	506.7	523.8
20020815	527	532.5	525.1	531.8
20020816	528.3	536.9	527	534.2
20020819	533	542.3	533	541.2
20020820	539.1	539.5	534.7	537.5
20020821	541.1	545.7	536.6	544.2
20020822	544.7	551.2	541.6	548.2
20020823	546.9	546.9	538.3	539.2
20020826	540.2	545.5	535.3	543.7
20020827	546.8	547.4	533.5	534.5
20020828	532.3	532.4	523.8	525.5
20020829	521.8	531.7	520.7	529.3
20020830	528.2	533.3	526.7	527.8
20020903	523.7	523.7	513.2	514.5
20020904	514.6	523.2	511.9	521.6
20020905	517.3	519.7	513.2	515.3
20020906	520.5	526.5	520	525.5
20020909	523.5	530.5	518.9	526.7
20020910	529.2	531.2	525.3	530.2
20020911	534.2	535.7	528.8	529.2
20020912	528	528	519.1	519.1
20020913	517.2	523.3	514.2	523.3
20020916	520.6	520.8	516.2	520.7
20020917	519.2	519.2	513	513
20020918	510.3	512.6	504.7	508.7
20020919	504.3	504.8	498.1	498.1
20020920	499	503.8	497.7	498.7
20020923	497.2	498.1	490.1	493.2
20020924	489.6	491.5	486.7	488.7
20020925	491.9	499.6	488.1	499.2
20020926	500.9	508.1	499.9	506.8
20020927	504	508.2	494.8	494.8
20020930	492.2	496.2	484.5	490.8
20021001	494.1	505.2	486.6	505.2
20021002	499.7	502.4	489.3	491.5
20021003	491.1	495.6	483.3	485
20021004	485.8	486.7	469.7	474.7
20021007	474.2	474.7	462.8	464.7
20021008	466.3	470.1	461.1	469.8
20021009	466.7	466.9	456.7	456.7
20021010	458.2	474.2	454.7	472.2
20021011	478.7	491	478.7	486
20021014	483.3	492	481.9	491.2
20021015	500.3	508.8	499.4	506.7
20021016	503.1	503.2	492.6	494.7
20021017	503.9	511.5	503.7	506.3
20021018	504.8	510.6	501.5	508.1
20021021	504.2	516	502.2	514.7
20021022	510.2	513.1	506.1	508
20021023	505	514	503.7	514
20021024	515.3	515.5	505.7	506.2
20021025	505.7	514.2	504.5	513.7
20021028	517.4	517.5	506.8	508.7
20021029	507.1	508.3	499.3	505.2
20021030	506.3	511.3	504.1	510
20021031	510.7	514.5	506.7	509.6
20021101	507	517.5	505.6	517.5
20021104	522.3	526.2	517.9	519
20021105	517.2	519.7	514.2	519.7
20021106	521.9	525.9	517.7	525
20021107	520.2	520.7	512.8	513.7
20021108	514.3	515.7	507	507.7
20021111	506.5	507.8	498.2	500.7
20021112	500.5	508.9	500.5	504
20021113	501.8	507.6	498.2	504.2
20021114	507.7	515.4	507.7	512.1
20021115	510.2	517.7	510	516
20021118	520.4	520.7	512.9	513.7
20021119	513	514.4	508.5	510.5
20021120	509.7	520.2	509.2	520.2
20021121	521.4	529.9	520	529.7
20021122	527.2	532.2	526.2	529.7
20021125	529.3	533.2	526.2	530.7
20021126	528.8	530.2	521.7	523.2
20021127	527.2	535.3	525.7	534.2
20021129	534.7	537.2	531.7	533.5
20021202	539.3	542.2	532.8	536.2
20021203	533	534.5	527.7	529.7
20021204	525.4	528.5	521.2	525.7
20021205	527	527.5	520.7	523.7
20021206	518.9	526.3	518	524.7
20021209	520.8	522.7	512.6	513.2
20021210	515	521.2	515	520
20021211	517.2	522.7	516.7	520.7
20021212	521.7	524.2	520.5	521.5
20021213	518.5	519	514.2	514.7
20021216	517.5	524.4	517.5	524
20021217	524.1	524.1	519.5	519.5
20021218	517.9	517.9	514.3	515
20021219	519.6	519.6	512.4	513.5
20021220	515.84	515.84	515.84	515.84
20021223	514.7	518.1	512.5	517.7
20021224	516	517.4	514.4	515.3
20021226	516	520.7	514.8	516.4
20021227	514.4	516	508.8	508.8
20021230	510.7	511.2	506.4	509.8
20021231	509.8	514.5	506.8	512.3
20030102	513.2	525.4	511.1	523.9
20030103	524.2	524.2	520.2	523.9
20030106	523.4	530.8	523.4	527.9
20030107	528.1	528.4	522.7	525.1
20030108	522.4	523.4	517.8	518.2
20030109	520.5	525.9	520.5	525.4
20030110	521	528.2	519	526.7
20030113	528	529.8	522.6	524.4
20030114	522.9	525.6	522.4	523.9
20030115	524.8	525.8	520	521.9
20030116	522.3	527.2	520.5	522.4
20030117	519.4	519.5	514.3	514.9
20030121	515.9	515.9	507.9	508.4
20030122	506.8	508.9	504.6	505.3
20030123	507.4	510.3	504.1	508.2
20030124	507.1	507.1	498.9	498.9
20030127	497.3	500.3	491.4	491.7
20030128	494.4	497.6	492.8	495.4
20030129	493.5	501	490.3	497.7
20030130	499.1	500.7	491.4	491.4
20030131	490.4	500.1	490.1	499.3
20030203	500	501.7	497.1	498.9
20030204	494.3	500	492.2	498.9
20030205	497.6	501.1	493.1	493.9
20030206	492.8	495.4	489.2	490.4
20030207	493.1	493.5	485	485.4
20030210	486.4	489.2	483	488.7
20030211	489.6	491.2	484.2	487.9
20030212	486.8	487.7	479.2	479.6
20030213	479.9	480.2	473.4	477.8
20030214	476.9	482.4	475.9	482.2
20030218	483.8	490.8	483.6	490.7
20030219	489.4	490.2	484	486.9
20030220	487.1	488.3	485	486
20030221	486.2	491.9	483.9	490.5
20030224	489	490.1	484.5	484.7
20030225	481.4	488.9	480.2	488.9
20030226	486	487.1	482.9	484.7
20030227	486	489	483.9	487
20030228	488.2	491.5	487.4	488.9
20030303	491	493.4	485.6	487.6
20030304	486.1	486.7	480.9	480.9
20030305	480.2	482	478.2	479.9
20030306	477.7	479.9	476.8	479.2
20030307	474.9	481.6	474.5	480.4
20030310	477.9	479.2	472.4	473.3
20030311	473.1	475.3	468.2	468.7
20030312	467.2	468.6	464.3	468.2
20030313	473	480.1	470.5	480.1
20030314	480.2	482.3	477.7	480
20030317	477.7	491.8	477.7	490.5
20030318	492.5	495.9	491.4	495.9
20030319	494.8	494.8	491.5	494.8
20030320	492.7	499.1	489.4	499.1
20030321	502.08	502.08	502.08	502.08
20030324	496	496.7	488.5	489.1
20030325	489.7	496.6	489.7	494.8
20030326	494.6	495.6	491.6	492.3
20030327	490.5	495.7	489	493.4
20030328	491.5	495.1	491.2	494
20030331	488.9	493	484.9	489.3
20030401	489.6	493.1	487.2	492.2
20030402	497	502.6	497	500.9
20030403	503.1	503.1	497.5	497.8
20030404	499.8	500.6	495.6	497.8
20030407	506.5	506.7	496.9	497.1
20030408	497.3	497.4	493.3	495.2
20030409	495.4	499.1	490.5	492.1
20030410	491.5	493.8	489.4	493.1
20030411	495.1	496.9	490.3	492.1
20030414	491.9	498.7	491.6	498.6
20030415	497.4	502	495.4	501.7
20030416	502.5	503.7	495.8	496.5
20030417	496.8	502.7	496.5	501.6
20030421	502.4	504.3	501.1	503.3
20030422	501.3	512	500.8	510.7
20030423	511.2	516.1	511	515.6
20030424	512.9	514.9	510.8	512.6
20030425	511.6	512.3	507.4	508.4
20030428	509.3	515.9	508.6	514.3
20030429	515.7	519.2	514.4	516.3
20030430	515.5	520.1	513.8	518.6
20030501	517.3	518.3	511.3	518.3
20030502	515.8	525.9	515.8	525.3
20030505	526.1	528.5	524.5	526.7
20030506	526.8	530.9	526.3	528.8
20030507	527.7	529.9	525.2	527.6
20030508	524.6	526.9	522.6	524.3
20030509	525.7	530.4	524.4	529.6
20030512	529	535.1	527.3	534.8
20030513	533	536.5	531	534.9
20030514	535.6	536.5	532	535.3
20030515	535.8	537	532.8	536.6
20030516	535.3	536.4	532.3	533.7
20030519	530.6	532.4	524.1	524.8
20030520	524.8	527.7	520.8	524.2
20030521	522.9	527.2	522.3	526.1
20030522	527.1	532.2	525.8	530.1
20030523	530	534.7	529.3	534.3
20030527	532	543.1	532	541.9
20030528	544.1	545.6	542.5	542.5
20030529	544.1	547.7	541.9	544.1
20030530	545	555.1	545	554.5
20030602	557.4	561.2	555.3	556.8
20030603	555.7	556.5	552.5	555.8
20030604	555.6	563	555	561.7
20030605	559.8	566.9	557.4	566.9
20030606	569.6	575.1	563.2	563.5
20030609	561.5	563.2	554.2	554.7
20030610	556.1	561	555	561
20030611	560.3	566.9	556.7	566.3
20030612	568.8	569.5	565	569.4
20030613	569.4	569.9	561	562.6
20030616	565.6	571.1	563.7	570.8
20030617	572.5	572.5	568.4	571.4
20030618	567.7	571.7	567.1	569.1
20030619	568.8	568.8	563.7	564.3
20030620	566.1	566.8	561.1	561.7
20030623	562.6	564.4	554.8	556.8
20030624	555.8	559.6	554.5	556.9
20030625	556.6	563.5	556.6	557.6
20030626	558.9	563.8	557.8	562.6
20030627	562.8	566.3	560.6	561.6
20030630	563.2	565.5	556.5	560
20030701	556.8	563	553.5	562.7
20030702	563.6	569.3	562.9	569.3
20030703	566	570.3	565.6	566.3
20030707	536.3	536.3	536.3	523.3
20030708	540.1	540.1	540.1	524.6
20030709	541.9	541.9	541.9	541.9
20030710	532.3	532.3	532.3	532.3
20030711	538.3	538.3	537.4	537.4
20030714	542.7	542.7	542.7	535.8
20030715	541.8	541.8	541.8	539.8
20030716	538.5	538.5	538.5	538.5
20030717	528.8	528.8	528.8	528.8
20030718	533.6	533.6	533.6	545.8
20030721	530.3	530.3	530.3	553.8
20030722	534.2	534.2	534.2	534.2
20030723	534.3	534.3	534.3	534.3
20030724	530.6	530.6	530.6	530.6
20030725	533.7	535.8	533.7	535.8
20030728	537.6	537.6	536.7	536.7
20030729	537.9	537.9	537.9	537.9
20030730	537.1	537.1	537.1	537.1
20030731	537.6	537.6	537.6	537.6
20030801	531.6	531.6	531.6	531.6
20030804	530.3	530.3	530.3	566.7
20030805	520.5	520.5	520.5	520.5
20030806	520.8	520.8	520.8	520.8
20030807	523.3	523.3	523.3	523.3
20030808	524.6	524.6	524.6	524.6
20030811	528.3	528.3	528.3	528.3
20030812	534.3	534.3	534.3	534.3
20030813	534.6	534.6	534.6	534.6
20030814	535.8	535.8	535.8	535.8
20030815	539.8	539.8	539.8	539.8
20030818	545.8	545.8	545.8	545.8
20030819	548.3	548.3	548.3	548.3
20030820	548.3	548.3	548.3	548.3
20030821	553.8	553.8	553.8	553.8
20030822	548.8	548.8	548.8	548.8
20030825	547.5	547.5	547.5	547.5
20030826	547.2	547.2	547.2	547.2
20030827	549.6	549.6	549.6	549.6
20030828	555	555	555	555
20030829	555.1	558.8	555.1	558.8
20030902	560.7	564.2	560.7	564.2
20030903	566.3	566.3	566.3	566.3
20030904	566.7	566.7	566.7	566.7
20030905	563.9	563.9	563.9	563.9
20030908	566.1	568.9	566.1	568.9
20030909	565.8	565.8	565.2	565.7
20030910	563.5	563.5	554.5	556.2
20030911	555.8	559.9	554.6	557.4
20030912	556.1	561	553.4	560.7
20030915	561.4	562.8	558.9	559.6
20030916	560.3	566.6	560.3	566.4
20030917	565.6	567.2	563.8	565.1
20030918	565.3	572	564.2	571.4
20030919	572.3	572.6	568.1	569.3
20030922	566.3	567.2	563.9	565.7
20030923	566.1	569.6	565.6	569.4
20030924	570.3	570.3	560.7	560.8
20030925	561.9	563.9	552.2	552.2
20030926	553.6	554.2	547.9	547.9
20030929	549.9	554.7	548.1	554.7
20030930	552.1	555.1	547.5	550.3
20031001	550.9	561.2	550.9	560.7
20031002	559.8	564.8	559.5	564.4
20031003	569.9	572.8	568.5	571.2
20031006	571.5	573.9	569.2	573.8
20031007	571.1	576.3	569.4	574.9
20031008	575.9	577	572.9	574.2
20031009	579.1	581.8	574.3	576.7
20031010	576.6	579.2	575.5	578.2
20031013	580.2	584.4	579	584.4
20031014	582.6	585.2	580.7	584.4
20031015	586.8	586.9	579.4	579.4
20031016	579.6	584.5	579.2	583.2
20031017	583.5	584.3	574.6	574.9
20031020	576.9	579.5	574.4	579.5
20031021	578.3	581.3	576.3	579.9
20031022	575.9	577	572.1	573.4
20031023	570.2	574.6	568.1	570.9
20031024	569.3	572.7	567.6	571.9
20031027	573.8	579.2	573.6	575.4
20031028	578.1	586.5	577.6	586.2
20031029	582.8	587.8	582.3	586.2
20031030	590.2	591.4	586	587.4
20031031	588.2	589.8	586.4	588.4
20031103	590.4	594.8	589.3	593.6
20031104	594.4	596.8	592	593.6
20031105	592.6	596.8	589.6	596.7
20031106	596.2	601.9	594.1	601.9
20031107	602.2	602.7	598.5	598.9
20031110	600	600.9	592.3	592.3
20031111	592.6	594.3	589.8	591.4
20031112	592.4	602.3	592.3	601.7
20031113	600	603.8	599.7	603.4
20031114	603.6	606.3	596.3	596.9
20031117	594.5	594.7	587.8	592.7
20031118	595	596.7	585.5	585.9
20031119	587.2	590.2	585.2	588.2
20031120	585.2	592.1	584.4	585.9
20031121	587.9	589.5	586.6	589.4
20031124	590.9	599.8	589.2	598.9
20031125	599.5	604.7	598.8	602.3
20031126	605.4	606.6	600.4	605.9
20031128	604.8	608.5	604.8	607
20031201	609.6	615.7	609.6	614.9
20031202	615.4	617.8	613.7	614.9
20031203	616.4	617.5	608.3	608.3
20031204	609.8	610.1	602.5	607.3
20031205	605.3	605.8	600.9	601.9
20031208	602	606.8	601.9	605.7
20031209	607.9	608.6	598.2	598.4
20031210	599	599.6	592.6	594.9
20031211	595.7	604.8	595.1	604.1
20031212	604.6	605.8	600.6	605.3
20031215	611.4	611.4	597.4	597.5
20031216	599.7	600.2	594.3	598.3
20031217	597.6	599.9	595.5	599.2
20031218	600.4	609.1	600.3	607.7
20031219	608.46	608.46	608.46	608.46
20031222	608.8	613.8	608.2	613
20031223	612.8	615.8	611.2	615.5
20031224	613.8	615.3	612.8	613.2
20031226	614.8	617.6	613.3	614.2
20031229	616.5	621.6	616.4	620.6
20031230	620.3	622.4	619.6	621.5
20031231	622.4	624.6	617.2	618.3
20040102	619.7	622.7	616.6	619.5
20040105	623.1	623.6	618.8	623.2
20040106	621.9	625.5	620.7	623.7
20040107	623.2	627.2	621.1	626.7
20040108	628.5	629.1	623.6	627.2
20040109	624.7	632	622.6	626.9
20040112	628.3	631.3	626.2	631
20040113	630.8	631	623.2	627
20040114	628	630.9	626.8	630.7
20040115	630.5	633.9	626.4	633.2
20040116	634.7	636.5	632.2	635.3
20040120	636.8	642.1	636	640.6
20040121	640.9	644.2	637.7	642.5
20040122	643.7	645.8	639.4	641.5
20040123	641.6	645.2	639.2	641.2
20040126	641.2	645.9	637.5	645.5
20040127	644.7	645.2	639.3	639.4
20040128	642.5	643.7	630.6	631.9
20040129	633.1	634.2	623.3	628.2
20040130	629	630.8	624.9	630.2
20040202	630.4	635.1	626.5	631.6
20040203	630.9	631.4	627.6	629
20040204	626.7	628.6	622.5	623
20040205	625.6	628.3	624.3	625.7
20040206	626	636.9	625.9	636.2
20040209	637.9	641.8	636.7	639.2
20040210	638.8	643.1	638.5	642.2
20040211	642.4	647.9	639.8	647.7
20040212	647.2	649.5	646.2	646.6
20040213	647.7	650.4	642.6	644.2
20040217	647.6	651.8	647.1	651.8
20040218	651.5	651.9	646.8	648.1
20040219	650.9	652.7	640.9	642.2
20040220	643.3	643.8	635.1	637.5
20040223	640.5	640.6	630.5	632.5
20040224	630.4	634.9	628.2	631.6
20040225	632.6	636.9	631.2	636.7
20040226	635.4	641.8	633.8	640.2
20040227	641.7	645.2	640	643.7
20040301	645.3	653.5	645.1	653.2
20040302	652.1	655	650.4	650.9
20040303	650.1	651.9	644.9	650.6
20040304	650.4	654.7	649.7	653.9
20040305	651.4	659.9	651.3	657.7
20040308	658.8	660.9	649.7	649.7
20040309	651.1	651.6	645.5	647.5
20040310	648.6	648.8	635.7	636.5
20040311	634.8	640.3	628.5	628.6
20040312	632	640.2	631.5	637.8
20040315	637.4	638.2	629.3	630.2
20040316	632.5	635.4	627.4	630.5
20040317	630.7	638.8	630.7	638.7
20040318	636.5	638.9	632.6	636.6
20040319	636.2	636.2	636.2	636.2
20040322	634.3	634.7	627.4	628.2
20040323	631.3	633.4	627.1	629.2
20040324	629.7	631.9	625.3	627.2
20040325	630.3	637.4	629.5	635.7
20040326	635.3	640.8	635	637
20040329	640.4	647.5	640.4	647.5
20040330	645.5	650	643.7	649.5
20040331	649.8	653.4	646.7	652.2
20040401	651.9	658.7	651.6	658.7
20040402	661.7	664.8	656.1	661.5
20040405	661	666	660.6	665.2
20040406	662.7	664.6	660.1	661.2
20040407	661.7	665.1	657.8	663.1
20040408	667.3	667.9	657.4	660
20040412	660.6	664.4	658.9	661.2
20040413	662.9	663.1	648.9	650.1
20040414	646.9	653	644	648.2
20040415	648.6	651.1	641.5	644.5
20040416	647.6	650.7	643.7	650
20040419	648.7	652.1	646.5	651
20040420	652.7	654.8	641.5	641.7
20040421	644	649	641.4	648.7
20040422	647.3	659.1	647.1	657.5
20040423	659.3	659.5	652.2	656.6
20040426	657.7	660.4	652.4	655
20040427	655	660.4	652.5	654.5
20040428	653	653.4	643.1	646.7
20040429	645.7	647.4	633.2	635.7
20040430	637.1	638.3	629.1	631.9
20040503	631.8	638.8	631.8	637.3
20040504	637.5	643.1	635.3	637.2
20040505	638.3	643.1	636.9	642.6
20040506	639.4	639.5	629.7	633.9
20040507	630.7	636.8	620.7	620.7
20040510	617.1	618.6	608.1	610.6
20040511	613.7	620.9	612.9	618
20040512	617.3	619.4	606.8	619.2
20040513	615.9	621.9	614.5	617
20040514	617.4	621.7	613.2	615.2
20040517	610	614.4	600.2	610.7
20040518	612.7	616	611.2	615.3
20040519	619.2	624	612.4	612.7
20040520	613.3	617.3	611.5	615.2
20040521	616.1	619.6	614.5	616.7
20040524	620.6	624.3	618.4	623.4
20040525	621.7	634.5	620.5	633.4
20040526	632.9	637.8	632.2	637.2
20040527	639.1	642.3	635.2	640.8
20040528	639.8	644.7	639.8	643.4
20040601	642	647	641.1	646.9
20040602	647.5	647.9	642.4	645
20040603	643.6	643.7	635.7	635.7
20040604	640.8	644.3	638.8	642
20040607	644	651.2	643.4	651
20040608	649.8	650.7	647.5	650.7
20040609	649.2	650.3	641.7	642
20040610	644.3	646.6	642.8	644.2
20040614	642.2	642.4	635.5	636.6
20040615	639.8	645.5	639.8	643.5
20040616	643.2	644.3	641.1	643.8
20040617	640.8	645.8	639.4	643.2
20040618	640.46	640.46	640.46	640.46
20040621	641.6	644.5	640	640.9
20040622	641	645.5	638.3	645
20040623	643.9	651.6	642.7	651.5
20040624	650.5	653.1	648.5	648.5
20040625	648.1	653.5	647.6	652.8
20040628	654.1	654.5	647.8	648
20040629	647.9	651.7	647.9	650.3
20040630	651.2	656.2	650.1	655.8
20040701	654.9	655.8	646	646
20040702	647.4	648.2	645.1	647.1
20040706	644.7	645.6	637.9	639
20040707	637.7	642.4	637.7	640.3
20040708	638.4	639.5	631.7	632.3
20040709	634.5	637.3	633.1	636.5
20040712	634.7	635.7	629.6	633.3
20040713	634.1	636.3	633.3	633.5
20040714	630.6	638	630.4	632
20040715	633.6	638.2	632.9	633.3
20040716	638.5	639	630.9	632.3
20040719	632.9	633.9	628.6	631.3
20040720	632	641	630.9	640
20040721	639.5	641.7	625	625
20040722	625.5	627.8	618.8	626
20040723	624.5	625.1	617.9	618.5
20040726	620.2	622.3	611.4	613.8
20040727	614.8	622.5	614.8	620.9
20040728	619.5	621.1	612.4	618.8
20040729	620.6	627.2	619.8	626.5
20040730	625	628.3	623	626.6
20040802	623.2	628	618.6	627
20040803	625.5	625.8	619.1	619.8
20040804	618	621.7	613.5	618.5
20040805	618.5	619.4	607.1	607.5
20040806	603.7	605.8	597.6	599
20040809	600	602.8	599.1	600.8
20040810	601.2	609.6	601.1	608.3
20040811	604.8	607.2	598.5	604.7
20040812	602.4	604	596.7	597.5
20040813	598.6	601	595.6	598
20040816	598	606.9	597.8	605.6
20040817	607.5	611.9	605.4	609.3
20040818	607.1	617.8	605.1	616.3
20040819	615.3	615.4	610.4	612.5
20040820	612.2	621.4	611.7	620.8
20040823	621.8	622.8	617	618.8
20040824	620.2	621.4	614.9	620.9
20040825	619.8	624.7	616.4	622.3
20040826	622.3	624.9	621.9	622.3
20040827	623.9	627.4	623.5	625.5
20040830	624.8	626.2	618.9	620.4
20040831	620.9	625.5	618.9	624.4
20040901	623.3	629.6	623	629.3
20040902	628.1	636	628	636
20040903	632.8	635.5	628.4	631.8
20040907	634.1	637.1	632.8	636.3
20040908	633.6	636.4	629.4	632
20040909	632	635.8	630.2	634.2
20040910	634.6	637	630.8	636.9
20040913	638.2	642.1	637.6	640.5
20040914	640.4	640.4	637	639.6
20040915	637.6	638.2	634.5	635.5
20040916	637.5	640.4	637.5	640.4
20040917	640.41	640.41	640.41	640.41
20040920	638.7	641.5	637.4	637.4
20040921	640.1	644	639.6	640.9
20040922	638.8	639.7	633.9	633.9
20040923	635.7	636.5	633.1	633.2
20040924	634.9	639.7	634.1	637.4
20040927	635.7	636	630.5	632.4
20040928	633	636.4	631	635.4
20040929	634.6	638.7	634.1	638.5
20040930	636.9	643.2	636.7	642
20041001	643.1	651.7	643.1	651.2
20041004	654.1	656.7	652	652.4
20041005	651.8	653.8	649.6	651.8
20041006	650.9	654.9	649.6	654.7
20041007	653.1	653.7	646.6	647.7
20041008	645.5	648.9	641.8	641.9
20041011	643.7	645	641.5	643.7
20041012	639.9	642.8	636.6	639.9
20041013	643.5	644.2	634.2	634.7
20041014	635.8	637	631.4	631.7
20041015	633.1	636.7	629.7	633.9
20041018	632.4	637.3	631	635.8
20041019	638	640.2	632	632.6
20041020	631.4	636.6	628.9	634.2
20041021	635.2	641.6	632.8	640.4
20041022	640.3	641.6	634.7	635.2
20041025	634.2	638.8	631.9	637.9
20041026	637.7	643.8	633.5	643.3
20041027	641.5	650.7	641.3	650.4
20041028	649.6	651.3	645.3	648.4
20041029	648.5	652.2	646.6	650.7
20041101	651.5	653.1	648.2	650.2
20041102	651	655.2	648.2	649.4
20041103	657.6	661.4	654.8	659.7
20041104	658.4	667.4	657.4	666.9
20041105	669.2	672.1	666	668.2
20041108	667.9	669.4	664.9	666.4
20041109	666.8	669.8	666.4	667.3
20041110	668	672.2	667.6	669.9
20041111	670.7	675.9	670.6	674.9
20041112	674.9	682.9	672.7	682.1
20041115	682	682.8	679.5	681.9
20041116	680.3	681.8	677.7	679.9
20041117	681.7	687	680.4	684.9
20041118	684	684	679.2	683.4
20041119	682.5	682.6	675	675.4
20041122	674.3	681	674.3	680.4
20041123	679.9	684	676.8	683.7
20041124	684.1	688.9	683.8	686.9
20041126	688.1	691	686.6	687.4
20041129	690.6	691.9	682.2	684.7
20041130	686.6	687.4	684	685.6
20041201	687.1	694	686.9	692.9
20041202	691.9	694.5	689	689.9
20041203	690.2	694.8	689.6	690.9
20041206	692.2	692.8	686.7	689.4
20041207	690.7	691.6	681.9	682.4
20041208	682.5	687.4	681.4	687.3
20041209	683.9	688.9	680.7	686.7
20041210	685.9	689.7	685.2	689.3
20041213	691.1	694	689.8	694
20041214	693.7	700	693.7	699.6
20041215	698.8	703.2	698.8	702.9
20041216	702.9	703.2	697	699.7
20041217	698.44	698.44	698.44	698.44
20041220	700	701.7	694.5	697.9
20041221	698	704.6	698	704.5
20041222	704.4	707.1	703.4	704.4
20041223	705.4	708.1	705.4	706.2
20041227	708.8	708.8	699.7	702.4
20041228	703.3	710.1	703.1	709.7
20041229	709.3	711.6	708.3	711.4
20041230	711.6	713	709.4	709.4
20041231	710.9	715.1	708.5	711.3
20050103	713.5	713.6	699.3	701.7
20050104	702.1	702.9	688.6	690.1
20050105	688.9	690.4	680.1	680.6
20050106	683.8	688.4	682.2	684.9
20050107	686.3	686.9	679.5	681.4
20050110	681.8	690.5	681.6	685.9
20050111	683.4	684.6	679.9	681.7
20050112	681.8	684	676.3	683.5
20050113	684.3	687	681.4	683.2
20050114	683.4	688.1	682.1	686
20050118	685.5	693.9	685.4	692.9
20050119	692.7	693.9	686.2	686.3
20050120	684.8	689	682.9	683.2
20050121	684.9	687.1	678.6	680.4
20050124	682.2	684.4	676.5	677.4
20050125	679.6	683.8	677.3	679.4
20050126	680.6	685.4	679.3	683.9
20050127	683.4	689.5	682.7	686.4
20050128	687	687.1	680.2	685.2
20050131	687.9	693	687.2	693
20050201	692.5	698.5	691.8	696.4
20050202	697.7	702.1	696.8	699.9
20050203	699.5	700.2	696.1	698.9
20050204	699.5	708.5	699.5	707.4
20050207	708.3	710.6	704.6	707.7
20050208	707.1	710	706.5	708.2
20050209	710.3	710.8	699.7	700.4
20050210	701.9	703.4	698.4	702.4
20050211	702	710.4	699.4	709.4
20050214	709.2	710.7	706.7	709.9
20050215	710.2	713.4	707.9	711.7
20050216	710.1	714.3	708.5	712.3
20050217	713.5	714.9	708.1	708.7
20050218	708.3	710.9	706.6	707.7
20050222	705.2	709.5	696.3	696.7
20050223	698.4	703.2	698.3	701
20050224	700.7	708.8	698.6	708.2
20050225	707.8	717.6	707.1	716.2
20050228	715	717.4	709.1	713.4
20050301	715	719.3	714.9	718.3
20050302	715.8	722.1	714.5	717.1
20050303	719.7	721.7	713.7	717.3
20050304	721.7	726.3	719.4	725.2
20050307	725.7	729.8	725.1	727.7
20050308	727.6	729.2	722.1	723.4
20050309	721.9	723.2	715.1	715.5
20050310	716.2	716.8	709.9	715.6
20050311	715.9	720	712.6	715.2
20050314	716.5	720.7	716.1	720.7
20050315	722.3	723.6	716.2	717.1
20050316	715.5	716.3	710	711.6
20050317	712.9	713.5	709.8	710.3
20050318	711.5	712.3	705.3	705.3
20050321	707.4	708.4	704.3	708.4
20050322	708.8	713.6	703.4	703.8
20050323	702.8	703.4	698	698
20050324	700.8	705.6	698.9	700
20050328	701.7	704.3	700.5	702.3
20050329	700.8	705.7	692.7	693.7
20050330	693.8	701.9	693.3	701.8
20050331	701.5	705.4	700.8	704.4
20050401	706.3	710.5	699.2	701.6
20050404	701.9	703.7	697.1	702.9
20050405	702.7	706.3	702.1	703.8
20050406	705.3	708.2	703.6	705.2
20050407	703.7	708.2	703.1	707.1
20050408	707.1	707.5	700.1	700.1
20050411	701.5	702	696.7	697.8
20050412	697.1	703.3	691.2	701.1
20050413	700.3	700.3	691.6	692.8
20050414	692.8	693.6	680	680.1
20050415	680.3	682.7	671.3	671.6
20050418	670.4	677.7	668.7	675.4
20050419	678.3	684.2	677.1	683.6
20050420	684.1	684.2	672.9	674
20050421	678.9	685.1	676.3	684.3
20050422	682.8	683.8	674	681.1
20050425	682.3	688.8	681.7	687.5
20050426	685.1	689.8	680.3	680.7
20050427	678.3	683.9	673.6	681.1
20050428	678.2	678.4	670	670.3
20050429	675.4	678.5	667.2	677.1
20050502	678.9	682	675.1	681.9
20050503	680.7	684.3	677.2	681.3
20050504	681.3	688.4	680.1	686.3
20050505	687.3	692.2	685	689.8
20050506	692.8	693.1	688.8	691.1
20050509	690.9	694.8	688	694
20050510	691.4	694.3	688.2	689.8
20050511	691.2	693.5	684.6	692.3
20050512	693.1	693.7	682.3	683.1
20050513	684.8	687.5	674.7	680.1
20050516	680	688.5	680	688.3
20050517	686.3	694.4	685.2	694.4
20050518	696.3	704.9	696.1	704.3
20050519	705	707.5	703.4	706.6
20050520	706.5	707.6	702.7	705.3
20050523	706.5	712.6	706.5	712.6
20050524	710.2	710.9	707.2	708.6
20050525	708.2	708.3	702.9	705.3
20050526	707.3	711.6	707.2	711.1
20050527	711.5	714.3	710.2	713.8
20050531	713.6	715.9	710.1	713.5
20050601	712.5	721.1	712.4	717.8
20050602	717.6	721.9	716.9	721.1
20050603	720.1	723.4	716.9	717.8
20050606	717.4	720.7	715.4	719.8
20050607	721.9	726.8	719.2	720.8
20050608	721.8	722.4	715.6	716.8
20050609	716.4	722.1	713.4	720.9
20050610	721.8	723.6	719	722.6
20050613	721.2	725.9	719	724.9
20050614	724.4	728.2	723.9	727.9
20050615	728.9	729.4	723.2	729.4
20050616	729.8	734.9	728.8	734.4
20050617	736.9	739	732.9	732.9
20050620	732.4	735	731.4	732.8
20050621	734.1	735.1	730.2	733.4
20050622	733.8	736.2	728.7	732.4
20050623	731.2	734.5	725	725.2
20050624	725.2	726.3	716.4	716.9
20050627	717.4	720.6	716.6	719.7
20050628	722.5	729.9	721.6	728.8
20050629	729.8	731.1	728.2	729.4
20050630	731.1	733.4	726.7	727.3
20050701	728.5	732.6	728	732.2
20050705	730.9	739.4	730.9	739.4
20050706	739.1	740.1	733.2	733.9
20050707	727.9	737.2	727.7	736.4
20050708	736.6	745.4	736.2	745.4
20050711	745.4	751	745.3	750.7
20050712	749.8	753.8	747.3	751.1
20050713	751.2	752.8	747.9	749.2
20050714	752.5	754.8	744.9	747.2
20050715	746.7	748.7	744.5	747.8
20050718	746.9	748.5	744.9	747.4
20050719	749.6	754.5	746.6	754.5
20050720	751.9	758.6	750.8	756.6
20050721	757.2	757.6	747.9	750.4
20050722	752	757.2	751.5	756.4
20050725	756.4	758.6	751	753.9
20050726	755.2	756.5	751.9	755.7
20050727	756.2	758	752.5	757.9
20050728	758.7	763.7	756	763.1
20050729	763.3	765	759.7	761.6
20050801	762.1	764.2	760.3	762.2
20050802	762.3	766	762.1	765.4
20050803	763.9	765.5	762.5	763.4
20050804	760.2	761.8	756.3	756.6
20050805	755.8	756	747.4	748.9
20050808	750.4	752.9	745.1	745.9
20050809	747.5	749.7	746.1	749.4
20050810	751	755.1	745.8	750.9
20050811	749.4	755	748.7	753.3
20050812	751.9	754.5	746.4	750.9
20050815	750.9	755.9	748.1	753.6
20050816	752.1	752.4	742.9	743.9
20050817	743	746.4	741.9	742.2
20050818	741	744.1	738.2	741.2
20050819	742.9	745.1	740.9	744.9
20050822	745	747.9	741.3	746.5
20050823	746.1	747	741	745.8
20050824	743.1	749.9	740.7	742.2
20050825	743.1	745.9	741.5	745.7
20050826	745	745	736.9	737.4
20050829	735.8	744.4	734.4	744.1
20050830	741.5	742.2	736.7	739
20050831	739.4	753.1	738.4	751.1
20050901	751.7	754.6	748.4	750.6
20050902	752.6	752.8	746.1	747.9
20050906	749.1	755.7	748.5	754.3
20050907	754.9	757.9	753.3	756.7
20050908	756.3	757.1	752.6	753.5
20050909	755.6	759.7	754.5	758.7
20050912	758.7	761.3	757.6	759.3
20050913	758	758.8	754.4	755
20050914	755.8	756.8	750.8	752.2
20050915	752.9	754.6	749.2	751.3
20050916	753.9	755.6	751.8	753.7
20050919	754.2	755	749.5	751.4
20050920	752.1	755.1	742.6	743.1
20050921	742	742	733.1	733.5
20050922	733.4	737.7	729.1	736.5
20050923	735.8	741.6	732.1	739.2
20050926	743	746	740.7	743.7
20050927	743.2	744.7	738.4	742.1
20050928	743.3	744.7	737.4	742.5
20050929	741.3	750.5	738.2	749.7
20050930	749.6	755.8	748.6	755
20051003	755.4	760.2	755.3	759.5
20051004	760.2	761.6	748.5	749
20051005	749.9	750	733.8	734.3
20051006	733.3	734.8	721.6	728.4
20051007	730	733	727.2	730
20051010	731.1	731.8	724.6	725.2
20051011	727.7	730.1	720.3	720.6
20051012	720	723.7	708.5	711.2
20051013	710.6	711.9	702.3	707.1
20051014	712.1	718.9	708.3	717.7
20051017	717.8	722.8	715.5	722.6
20051018	721	721.2	712.7	713.5
20051019	711.4	722.7	705.8	722.5
20051020	721.6	724.6	708.6	712.4
20051021	715.3	722.8	714.8	719.8
20051024	721	733	720.7	732.6
20051025	731	734.2	725.1	730.4
20051026	728.9	734	725.7	727.5
20051027	725.6	726.2	714	716.3
20051028	717.6	726	714.3	724.7
20051031	728.4	738.5	728.3	737.3
20051101	734.2	739.4	731.5	738.5
20051102	736.4	749.3	736	748.6
20051103	752.2	756	748.7	751.5
20051104	751.9	753.8	746.4	750.8
20051107	752.7	754	747.9	750.2
20051108	748.5	749.8	744.3	748.9
20051109	747.8	753.4	744.1	750.6
20051110	749.4	754.2	740.7	752.4
20051111	753.2	756.9	752.2	756.6
20051114	756.8	757.8	753.7	757.5
20051115	756.1	759.7	750.5	752.6
20051116	753.1	755.8	748.1	754.1
20051117	755	762.9	754.9	762.2
20051118	764.7	766.3	760.5	764.2
20051121	765.5	771.2	762.3	770.8
20051122	769.8	776.1	768.7	774.9
20051123	774.4	780.1	773.7	777.2
20051125	776.7	778.7	774.9	778.1
20051128	779.7	779.9	766.2	767.7
20051129	768.3	773.9	767.5	769.7
20051130	769.5	773.3	767.1	768.9
20051201	772.3	780.8	772	779.2
20051202	779.4	781.2	776.1	780.5
20051205	779.6	779.8	773.2	776.7
20051206	779.1	782.2	776.1	777.4
20051207	777.7	778.8	771.6	774.9
20051208	775.4	779.8	771	775.9
20051209	775.6	780.8	773.3	779.4
20051212	781.7	782.9	773.8	781.1
20051213	780.2	784.5	778.6	782.8
20051214	782.3	786.9	779.7	784.7
20051215	785.2	785.5	775.5	780.4
20051216	783.3	783.8	774.9	775.2
20051219	776.9	777	767.5	769.4
20051220	769	773.5	765.8	769.9
20051221	771.7	778.1	771	776.2
20051222	777	781	774.1	780.8
20051223	781.4	785.1	780.2	782.6
20051227	783.6	784.3	772.3	772.7
20051228	774	779.5	772.1	777.2
20051229	777.3	779.9	773	774.2
20051230	771.9	773	767.6	771.7
20060103	774	783.5	765	782.5
20060104	783.1	787.8	781.2	786.8
20060105	786.8	789	784.1	788.8
20060106	791.4	797.4	787.8	797
20060109	796.6	803.2	796.4	800.4
20060110	797.1	805	797	804.7
20060111	804.5	806	801.1	804.6
20060112	802.9	805.6	798.7	801
20060113	800	801.5	797.6	798.9
20060117	796.6	798	792	797.3
20060118	791.2	796.8	789.1	794.7
20060119	796.3	804.5	795.3	802.5
20060120	802.7	803.9	789.7	790.3
20060123	791.1	795	789.7	793
20060124	793.8	800.6	793.8	799.2
20060125	801	802.8	791.1	795.9
20060126	798.2	804.7	795.7	804.3
20060127	805.3	811.4	803.5	807.4
20060130	807	810.8	806.5	807.2
20060131	807	813.5	804.8	812.8
20060201	811.3	816	809.7	814.3
20060202	812.9	813.4	802.8	804.4
20060203	802.6	808.7	800.5	803.2
20060206	804.3	808.8	802.5	808.2
20060207	806.3	807.4	796	796.3
20060208	798.3	800.3	792.8	798.8
20060209	800.3	805.5	794.8	795.4
20060210	794.8	797.5	788.2	795.1
20060213	794.8	795.1	788.2	790.3
20060214	790.8	798.2	786	796.7
20060215	795.8	800.8	793.2	799.4
20060216	800.8	806.7	800.1	806.5
20060217	806.1	806.8	802.4	803.7
20060221	805.1	808.1	799.7	803.9
20060222	804.8	810.1	801	808
20060223	808.4	811.1	804.3	807.8
20060224	807.4	812.6	805.7	812.3
20060227	811.8	814.3	810.5	810.7
20060228	809.4	810.5	801	803.5
20060301	805.2	815.4	804.7	815.2
20060302	812.3	813.8	807.7	813.5
20060303	809.9	815.1	806.7	806.9
20060306	808.8	809	799	800.9
20060307	798.6	798.8	789.8	791.6
20060308	789.7	794.6	784.7	793.4
20060309	794.2	795.5	787.2	787.4
20060310	789	795.9	785	794.5
20060313	797.6	801.6	796.3	799.3
20060314	797.7	806.7	795.2	806.2
20060315	806.2	811.9	803.8	811.5
20060316	812.6	815.3	808.8	809.2
20060317	812	814	809.7	812
20060320	813.3	815.6	808.5	809.3
20060321	809	814.6	801.9	802.7
20060322	801.8	810.8	801	808.4
20060323	808	811.5	806.1	810.7
20060324	811.1	815.3	809.9	815
20060327	813.8	815.5	811.4	813.1
20060328	813.1	817.9	809.7	811.6
20060329	812.1	820.6	811.5	818.7
20060330	819.7	823.2	816.3	819.4
20060331	820.2	821.6	806.6	819.8
20060403	821.7	825.7	816.4	818.1
20060404	817.7	824.8	815.5	821
20060405	821.7	827.7	819.6	827
20060406	825.6	829.1	822.8	828.9
20060407	829.4	830.8	817.2	819
20060410	819.2	821.4	814.2	817.3
20060411	817.4	818.6	806.1	808.2
20060412	808.7	811.9	807.6	810.8
20060413	809.4	813.5	805.3	810.1
20060417	810	814	806	812.2
20060418	813.3	829.1	813.3	828.3
20060419	828	836	826.9	834.2
20060420	834.5	839.5	829.7	835.6
20060421	838.5	839.8	829.9	833.3
20060424	832	832.5	827	830.4
20060425	831.6	832.3	824.3	830.4
20060426	829.1	833.2	823.8	825
20060427	821.3	830.9	815.6	823.1
20060428	822.5	831.9	820.4	828
20060501	829.9	833.3	823.3	823.4
20060502	827.1	832.3	825.5	830.9
20060503	830.2	831.2	825.4	828
20060504	827.9	835.2	827.9	833.6
20060505	836.6	842	835.2	840.4
20060508	840.1	843.8	839.2	840.9
20060509	840.9	842.9	839.5	840.2
20060510	838.2	840.3	834.7	839.2
20060511	839.1	839.9	827.4	830.6
20060512	826.2	826.7	812.3	812.6
20060515	808.1	811.9	803	807.1
20060516	808.9	812.4	802.6	807.3
20060517	801.8	806	788.9	789.2
20060518	793.3	797.1	784.2	785.3
20060519	786	791.5	779.2	786.7
20060522	779.7	784.6	770.5	779.1
20060523	785.8	791.4	771.9	772.6
20060524	775.5	782.6	762	775.1
20060525	779.9	785.9	775.9	784.1
20060526	786.8	790.4	784.7	789.6
20060530	787.2	788.5	774.6	775.5
20060531	778.1	790.5	777.9	788.1
20060601	789.4	800.9	787.8	800.1
20060602	803.6	806	796.8	802.7
20060605	801.1	802.6	781.6	785.5
20060606	784.5	785.2	770.8	779.5
20060607	779.6	785.2	770.3	771.8
20060608	769.6	769.9	752.3	767.6
20060609	770.5	776.9	764.5	764.9
20060612	766.7	766.7	747.5	748.7
20060613	746.7	753.9	736.2	736.2
20060614	736.8	743.5	733.7	741
20060615	745.3	766.3	744.6	764.7
20060616	765.9	765.9	755	760.2
20060619	763.1	763.8	746.8	747.9
20060620	748.5	754.6	745.7	747.2
20060621	746.5	762.8	746	758.6
20060622	758.6	759.2	751.4	755
20060623	756.1	766.2	752.1	762.8
20060626	764.4	767.1	762	766.8
20060627	766.8	769.1	757.4	758.9
20060628	758.6	762.1	753	761.5
20060629	761.5	782.5	761.2	781.3
20060630	784.4	785.7	779	785.7
20060703	786.5	792.3	783.8	791.7
20060705	786.7	787.9	772	777.8
20060706	779.3	785.3	777.5	781.3
20060707	780.6	781.6	771.4	774.8
20060710	775.4	779.7	769.4	771.9
20060711	769.6	775.4	764.8	775
20060712	773.2	775.8	763.6	766.1
20060713	762.1	763.1	749.5	750
20060714	751.1	751.4	740	745.3
20060717	745.1	749.5	739.7	742.2
20060718	743.7	746.5	731.9	741.6
20060719	741.6	760.6	741.3	755.8
20060720	759.6	760.7	739.1	739.6
20060721	740.8	740.9	728	730.4
20060724	734.5	748.6	733.8	748
20060725	746.6	757	745	752.9
20060726	752.5	758.9	746.5	752.9
20060727	757.3	761.4	745.2	748
20060728	750.6	760	748.6	758.5
20060731	757.1	761.9	754.2	760.5
20060801	755.9	756.8	748.2	753.7
20060802	757.3	763.2	754.8	760.7
20060803	754.5	766	751.4	764.7
20060804	770.8	773.6	755.2	761.3
20060807	759.7	760	752.8	756.5
20060808	757.1	761.9	746.8	748.8
20060809	753.4	756.5	742.7	743.1
20060810	740.2	749.7	737.3	748.4
20060811	746.8	746.9	738.3	742.1
20060814	745.7	750.1	739.9	742.9
20060815	749.2	756	747.7	755.1
20060816	759	766.6	757.3	766.3
20060817	764.3	769	762.6	764.8
20060818	766.2	768.1	759.7	767.2
20060821	764.8	764.8	758.3	760.8
20060822	759.2	763.2	757.6	761.5
20060823	760.9	763.2	750.2	754.8
20060824	754.3	755.9	747	750.2
20060825	750.2	755.6	748.8	750.3
20060828	749.9	759	749.5	757.7
20060829	757.9	761.6	751.4	761
20060830	761.1	763.3	758	761.9
20060831	763	766.8	761.6	765.1
20060901	767.7	770.6	763.5	768.1
20060905	767.9	772.3	766.4	771.3
20060906	766.7	766.7	757.5	759
20060907	755.4	759.5	749.9	753.8
20060908	754.7	756.8	752.6	754
20060911	751.4	757	745.6	753.1
20060912	754	766.6	753.5	765.7
20060913	765	772.1	763.6	771.2
20060914	769.5	771	764.8	767.9
20060915	771.6	772.2	763.9	765.2
20060918	764.1	769.6	762.8	766.4
20060919	766.4	767	755.4	762.9
20060920	766.2	771.8	764.3	769.3
20060921	769.2	770.7	760.6	762.5
20060922	760.8	761	752.2	755.6
20060925	756.9	764.4	749.9	763.4
20060926	762.3	770.2	761.1	769.1
20060927	767.8	774.1	767.5	773.2
20060928	773.3	776.2	767.9	771.8
20060929	772.2	773.9	766.3	767.6
20061002	767	770	760.8	762.4
20061003	761.6	765.8	756.4	759.6
20061004	758.6	773	758	772.8
20061005	772.2	782.9	772.2	782.5
20061006	780.6	781.5	772.7	775.9
20061009	776.3	783.9	774.4	781.5
20061010	781.7	785.5	780.3	783.9
20061011	781.2	785.7	776.8	783
20061012	784.4	794.1	784.3	793.4
20061013	792.9	798.5	791.8	798
20061016	797.6	803.3	796.7	802.3
20061017	799.6	799.7	791.8	795.1
20061018	799.5	801.1	791	794.7
20061019	793.1	799.1	791.1	798.9
20061020	798.6	798.6	789.5	790.5
20061023	789.1	798	787.5	793.9
20061024	793	799	791.8	798.6
20061025	797	802.6	795.9	802.4
20061026	803.8	807.9	798.5	806.6
20061027	805.5	807.4	797	798.3
20061030	795.8	801.9	792.7	799.4
20061031	799.1	800.2	791.4	795.7
20061101	798.3	798.9	783.6	783.9
20061102	780	786.2	779.5	784.7
20061103	787.8	790.5	781.4	787.2
20061106	790.1	798.2	789.5	793.8
20061107	794.8	802.8	793.8	799
20061108	793.8	803.3	791.6	801.9
20061109	803.9	804.2	795	798.8
20061110	797.5	802.9	796.4	802.3
20061113	801.6	805.9	799.3	802.4
20061114	804.3	812.6	800.7	812
20061115	812.2	818.6	811.1	816.7
20061116	820.1	820.1	814.5	817.3
20061117	814.5	816.5	809	816.2
20061120	814.4	818.8	812.8	815.6
20061121	815.9	818.3	813.8	817.8
20061122	818.6	822	816.4	821.3
20061124	817.7	821.8	816.1	818.6
20061127	818.8	818.9	802.8	803.4
20061128	801.9	807.2	800.7	805.4
20061129	808.7	816.6	808.4	815.7
20061130	815.7	820.1	811.9	817.4
20061201	818.2	820	808.2	817.9
20061204	818	836.6	818	826.6
20061205	827.5	829.9	824.6	829
20061206	827.7	830.2	825	827.3
20061207	828.4	830.1	822.8	823
20061208	821.9	827.7	819.3	822.5
20061211	822.4	824.9	820.2	823.3
20061212	822.2	822.2	814.7	818.3
20061213	821.3	822.5	817.2	820.3
20061214	819.9	829.7	819.5	824.5
20061215	827.5	828.2	820.8	822.4
20061218	824.3	825.9	812.8	816
20061219	812	817	807.4	814.8
20061220	815.1	819.5	814.4	816.2
20061221	816.8	819.1	809.6	812.4
20061222	811.5	811.6	805	805.1
20061226	806.7	813.6	806.2	812.7
20061227	813.6	820.5	813.2	818.1
20061228	818	819	814.2	815.5
20061229	813.9	817.7	807.7	810
20070103	815.9	819	803.8	812.9
20070104	811.2	815.6	806	813.4
20070105	811.1	811.2	802.3	802.9
20070108	804.7	807.5	800.7	804.5
20070109	805.6	809.2	801.1	807.9
20070110	803.3	813.6	801.7	813.3
20070111	813.2	822	812.9	818.4
20070112	819.2	827.7	818.8	827.4
20070116	827.8	829.2	820.2	821.1
20070117	820.2	826.3	819.5	822.8
20070118	822.5	823.5	813.6	815.5
20070119	813.3	820.2	811.2	819.3
20070122	819.7	820.5	813.4	816.7
20070123	815.6	825.4	815.3	821.2
20070124	822.8	830.2	822.3	829.9
20070125	828.4	829.8	817.8	820.5
20070126	822.1	823	814.7	821.3
20070129	822.9	828.5	822.2	826.5
20070130	827.5	830.3	824.9	829.6
20070131	828.5	837.2	826.2	835.6
20070201	837.5	843.9	837	843.6
20070202	844.9	846.1	841.9	844
20070205	844.6	847.5	842.8	847
20070206	846.7	850.6	844.1	849.9
20070207	850.4	854.8	848.1	854.6
20070208	851.5	853.8	848.4	852.4
20070209	852.3	854.4	842.3	848.5
20070212	848.9	849.1	841.4	844.9
20070213	845.6	852.8	845.1	852.5
20070214	852.9	857.9	851.3	856.7
20070215	856.5	860	855.3	857.7
20070216	857	860.2	854.7	859.3
20070220	859.2	866.2	855.3	865.2
20070221	863.2	867.8	860.8	866.9
20070222	868.8	870.6	863.5	869.7
20070223	868.6	869.1	864.1	867.8
20070226	871.3	871.6	860.9	865.6
20070227	851.7	853	832.7	833.8
20070228	835.4	842	830.9	838.2
20070301	829.6	840.9	820.2	836.3
20070302	833.7	835.3	820.9	821.6
20070305	814.4	822.8	804.2	804.5
20070306	814.1	824.5	811.5	820.5
20070307	820.8	827.6	819.1	822.9
20070308	829.3	833.5	826.4	831.4
20070309	835.1	835.3	827.4	833.9
20070312	832.6	836.1	829.4	835.7
20070313	829.7	832.4	817.8	820.2
20070314	819	823.2	807.4	822.8
20070315	820.9	828.4	820.7	826.4
20070316	826.7	828.6	820.4	822.5
20070319	826.6	832.4	826.5	830.7
20070320	830	838.8	828.9	837.9
20070321	838.4	851.6	835.7	850
20070322	852.9	854.1	847.8	852.1
20070323	853.4	855.8	851.8	854.6
20070326	855.5	855.6	846	851.8
20070327	851.5	852	846.7	851.3
20070328	846.9	849	840.4	846.3
20070329	850.3	850.9	839.2	844.6
20070330	846.4	850.8	840.4	846.3
20070402	848.3	850.7	844.5	849.6
20070403	853.3	857.8	851.9	855.5
20070404	855.1	857.3	852.9	856
20070405	855.8	860.5	855.3	857.1
20070409	859.9	861.5	857	860
20070410	859.4	863.8	858.5	861.6
20070411	861.9	862.1	854.1	856.8
20070412	855.2	862.9	851.6	861.8
20070413	863.3	864.9	859.3	864.4
20070416	869	873.9	868.8	873.1
20070417	874.5	875.3	870.4	872.7
20070418	869.7	873.5	865.2	871
20070419	864.5	871	862.2	867.8
20070420	873.9	877.2	871.5	876.9
20070423	874.8	879.1	873.5	877.7
20070424	878.4	878.7	870.9	877.7
20070425	879.8	885	875.5	881.9
20070426	882.5	886.3	878.9	885.9
20070427	881.7	884	879.1	881.7
20070430	881.9	882.7	867.4	868.7
20070501	869.9	872.3	861.9	870.8
20070502	871.2	882.6	869.6	880.6
20070503	881.6	884.5	879.1	882.1
20070504	884.7	888.4	882.3	888
20070507	886.8	889.2	885.3	886.4
20070508	883.1	887.6	877.4	885.4
20070509	883.9	894.6	883.2	890.8
20070510	888.2	890.3	879.2	882.3
20070511	882.7	889.2	881.4	887.9
20070514	888.1	890.7	881.1	885.2
20070515	884.2	890.5	880.1	882
20070516	882.8	886.1	877.4	884.6
20070517	884.4	890.2	881.3	885.1
20070518	888.9	893.4	885.9	891.1
20070521	890.9	901.2	890.5	898.6
20070522	898.4	902.8	895.7	898.9
20070523	900.6	905.5	895.8	897.2
20070524	896.7	900.9	881.1	883.7
20070525	886.1	889.7	884.4	889
20070529	890.4	897	890	894.2
20070530	888.3	904.2	886.4	904
20070531	906	910.5	903.5	908.2
20070601	910.6	915.5	909.5	913.3
20070604	911.2	917.9	910.5	917
20070605	915	915.7	908.1	913
20070606	907.8	908.2	897.8	898.5
20070607	897.3	898.6	878.6	879.1
20070608	880	891.6	877	889.3
20070611	887.7	893.6	885	891.5
20070612	886.5	890.6	878.7	878.7
20070613	883.2	891.4	881.6	889.3
20070614	891.6	900.2	891.5	897
20070615	905.4	907.3	901.4	903.9
20070618	904.8	905.2	897.9	900
20070619	896.8	900.4	892.8	898.4
20070620	900.3	902.2	887.3	888
20070621	887.7	897	882.2	896.1
20070622	893.1	893.7	882.5	889.8
20070625	886.8	890.4	877.1	880.8
20070626	884.3	884.7	871.8	872
20070627	871.1	887.2	869.2	886.5
20070628	886.2	892.8	885.2	886.2
20070629	889	892.4	879.8	884.4
20070702	888.7	896.6	887.5	896.1
20070703	897.1	900.7	895.7	900.2
20070705	899.7	901.8	893.6	898.7
20070706	898.6	905.6	895.7	905
20070709	906.4	907.4	900.7	904.3
20070710	899.2	901.6	890.8	891.7
20070711	891.2	899.3	888	898.9
20070712	900.5	912.1	900.5	909.3
20070713	909.5	914.6	907.7	911.4
20070716	911	913.5	906.2	908.6
20070717	909.4	914.3	908.6	909.4
20070718	904.4	907.4	898	907.1
20070719	911	912.6	908.1	908.6
20070720	908.3	910.3	896.1	901.2
20070723	904.8	905.7	896.9	897.1
20070724	890.2	891.6	874	880.2
20070725	883.1	885.4	867.2	875.2
20070726	861	867.8	844.5	853.9
20070727	853.5	861.4	836.3	837.7
20070730	842.9	855.5	838.1	850.4
20070731	856.8	863	836.2	841.6
20070801	838.1	848	829.8	843.1
20070802	846.7	852.8	842.2	852.2
20070803	850.3	852.5	823.7	828.5
20070806	830.2	836.4	814.8	833.4
20070807	832.6	846.9	829	842.5
20070808	847.9	863	842.4	856.3
20070809	839.6	851.2	829.7	830.6
20070810	822.8	842.8	815.7	832.5
20070813	842.9	849.7	835.5	837.4
20070814	839.1	841.8	821.1	824.2
20070815	820	830.1	801.6	807.7
20070816	798.4	806.3	780.1	804.8
20070817	823.9	834.6	807	821.9
20070820	824.9	829.4	814.9	823.7
20070821	824.5	830.2	820	828.1
20070822	835	840.7	832.1	838.5
20070823	841.1	843.7	831	834.7
20070824	833.7	849.4	833	849.1
20070827	845.9	846.6	836.1	836.7
20070828	832.4	834.1	816	819.5
20070829	822.9	838.3	821.3	837.4
20070830	830	840.3	828.4	832.8
20070831	840.8	848.8	836.7	845.4
20070904	843	860	842.1	853.6
20070905	849.4	851.1	842.4	849.7
20070906	849.4	853.4	842.3	851.3
20070907	839.9	842.3	831.9	837.2
20070910	840.3	841.3	820	829.1
20070911	832.6	840.1	830.6	839.2
20070912	836.8	843.5	835.4	839.6
20070913	844.1	846.7	835.8	839.8
20070914	832	845.3	831.8	844.1
20070917	840	842.5	836.1	838.2
20070918	842.2	862.9	837.2	862.6
20070919	867.2	876	862.9	866.7
20070920	865.7	866.9	857.5	860.5
20070921	865.5	866.4	858.9	860
20070924	861.8	863.4	852.9	856.3
20070925	851.3	856.2	846.5	854.6
20070926	858.5	862.5	855.3	860
20070927	863.1	868.4	862.2	868.2
20070928	868.1	871	861.6	864.7
20071001	865.1	877.5	864.7	875
20071002	876.7	882.3	875.6	878.2
20071003	876.7	882	874.1	880.4
20071004	882.1	883.1	876.4	877.9
20071005	884.5	894.4	882.7	893.9
20071008	891.5	896.3	885.8	887.6
20071009	891.7	896.9	887.4	896.5
20071010	893.4	896.7	888.8	894
20071011	898.8	902.8	883.2	890.2
20071012	890.5	894.5	888.5	891.4
20071015	891.2	892.4	878.5	887.1
20071016	883.8	884.7	874.3	875.3
20071017	880.9	883.9	866.7	877.8
20071018	872.9	881.1	868.9	878.5
20071019	876.8	877.2	850.5	851.1
20071022	847.3	863.6	844.5	860.5
20071023	865.3	867.9	857.9	866.2
20071024	861.8	867.6	849.9	866.4
20071025	865.2	868.1	852.1	865.9
20071026	872.7	874.4	862.9	873.3
20071029	874.8	876.7	870	875.3
20071030	870.8	874.3	866.5	868.3
20071031	872.2	884.9	869.9	883.5
20071101	875	875.1	860.9	861.7
20071102	866.7	867.2	854.1	862.3
20071105	852.7	859.4	849.2	852.4
20071106	857.2	866.2	851.2	865.8
20071107	855.7	859.8	843.9	848.1
20071108	849.8	851.5	830.1	846.8
20071109	836.9	845.2	830.6	834.3
20071112	834.9	841.1	818.7	819.5
20071113	828.8	842.9	827.8	841.5
20071114	846.3	849.6	836.3	841
20071115	836.6	837.8	822.4	827.1
20071116	830.4	831.1	817.3	823.9
20071119	820.7	821.5	807.9	810.3
20071120	809.4	818.6	797.1	810.9
20071121	805	807.1	793.5	795.6
20071123	802.8	811.7	800.1	806.1
20071126	807.6	813.9	791.1	792.2
20071127	799	805.5	793.5	801.9
20071128	810.8	829.9	810	826.9
20071129	824.3	830.9	822.1	826.1
20071130	836.4	840.2	827.8	834.1
20071203	832.8	837.4	828.9	830.5
20071204	822.3	831.1	821.4	828.2
20071205	837.8	842.2	832.8	840.3
20071206	838.8	857.8	838.5	855.9
20071207	859.2	860.9	855.1	858.7
20071210	860.8	867.2	858.1	866.4
20071211	867.2	869.7	837.6	838.5
20071212	859.1	860.2	833	843.5
20071213	836.8	842.8	830.7	840.5
20071214	833.8	838.9	825.3	825.6
20071217	824.3	824.7	812.1	814.1
20071218	820.7	820.8	806.5	817.9
20071219	816.9	822.9	813.5	819.2
20071220	824.1	832.9	814.6	832.5
20071221	839.9	842.1	834.8	841.5
20071224	841.2	851.2	841.2	850
20071226	848.3	849.7	843.9	848.4
20071227	844.6	846.8	832.7	834.4
20071228	840.2	840.9	830.1	832.3
20071231	831.5	832.8	821.9	828.7
20080102	824.9	828.8	812	817.8
20080103	817.8	821.4	808.5	811
20080104	800.2	801.5	783.6	788.2
20080107	789.3	791.7	775.6	782.8
20080108	786.1	792	761.6	762.8
20080109	763.6	770.1	748.1	767.1
20080110	762.3	781.6	758.3	773.1
20080111	769.8	773.4	760.6	763.3
20080114	770.2	773.7	765.2	771.5
20080115	762.2	764.1	750.6	753.3
20080116	748.8	759.3	740.4	748.3
20080117	750.5	754.6	725.2	726.6
20080118	728.6	736.7	713.9	720.5
20080122	692.1	726.2	688.6	716.6
20080123	700.9	737.4	695.9	736.8
20080124	739.3	748	734.1	742.2
20080125	750.2	753.9	733.7	736.1
20080128	735.1	757.5	728.8	756.1
20080129	759	762	750	760.8
20080130	756.2	771.8	747.7	748.5
20080131	740.3	774	739.2	770.3
20080201	771.9	790.1	770.7	789.1
20080204	787.3	788.2	779.5	779.9
20080205	768.7	775.9	758.3	762.3
20080206	762.8	767.2	748.6	753
20080207	746	762.5	742	761.3
20080208	757.2	765.4	751.2	758.5
20080211	759.6	766	750.8	763.3
20080212	767.7	773.7	758.9	766.8
20080213	772.1	775.8	766.5	774.2
20080214	776.3	776.9	760.9	761.4
20080215	757.3	761.4	750.7	759.9
20080219	768.5	771.2	758.3	765.6
20080220	757.1	773.6	754.5	772.9
20080221	776.6	780	759.6	761.9
20080222	763.1	767	750.8	765.2
20080225	765	783.8	762	782.9
20080226	779.7	795.1	778.7	789.1
20080227	783.7	794.8	780.8	786.2
20080228	781.3	784	773.5	774.8
20080229	769.1	769.1	749.8	753.3
20080303	753	757.3	744.9	753.3
20080304	746.6	752.8	737.6	748.9
20080305	751.9	759.8	746.4	754.9
20080306	749.7	751.8	729.8	732.5
20080307	725.4	736.5	717.6	724.9
20080310	725.9	726.4	708.6	711.4
20080311	726.9	737.1	714.1	736.7
20080312	734.5	743	728.9	730.7
20080313	721.2	741.8	714.7	738.3
20080314	744.5	745.8	717.2	728.9
20080317	710.9	719.6	702.3	708.4
20080318	722.9	741	719.9	741
20080319	742.2	746.6	716.5	717.3
20080320	720.3	734.8	713.4	728.5
20080324	735	757.8	734.4	753.2
20080325	751.8	762.2	749.1	758.5
20080326	756.1	757.8	748.5	748.8
20080327	753.3	756.7	742.5	742.9
20080328	743.9	747.9	735	738.9
20080331	736.8	746.1	733.7	744.9
20080401	750.6	770.2	749.8	768.9
20080402	769.5	779.1	766.5	773.3
20080403	768.8	778.5	768.2	776.9
20080404	776	786.8	773.8	779.1
20080407	783.9	789.6	778.2	779.5
20080408	775.5	784.4	774.4	783
20080409	782.3	783.7	766.2	769.4
20080410	768.4	780.8	766.2	778.9
20080411	769.8	773.1	761.7	764.2
20080414	763.1	767.1	759.9	762.9
20080415	766.7	767.8	758.4	765.6
20080416	771.2	791.3	771.2	790.4
20080417	786.3	789.4	780.8	787.8
20080418	798.6	802.9	793.9	794
20080421	792.6	800.3	792.4	798
20080422	795.7	795.7	782.3	789.1
20080423	789.4	794.5	784.9	787.9
20080424	789.2	800.7	780.8	792.3
20080425	798.8	809.6	794.5	807.8
20080428	809.1	813.2	803.3	809.2
20080429	808.7	808.9	800.4	804.6
20080430	806	815.6	801.1	803.5
20080501	802.3	815.1	799.3	814.8
20080502	820.3	823.3	811.4	815.2
20080505	812.3	816.5	809.7	812.9
20080506	809.7	823.2	807.9	822.2
20080507	821.7	825	809.6	812.4
20080508	813.3	818	809.7	814.3
20080509	811.9	819.2	809.5	817
20080512	818.2	827.9	813.3	826.6
20080513	828.4	833.7	824.6	833.6
20080514	836.4	843.3	833.6	834
20080515	835.9	845.9	833.6	845.8
20080516	849.5	850.1	839.9	847.6
20080519	848.4	855.4	841.8	847.3
20080520	843.6	846.5	837.8	845.8
20080521	844.5	850.4	829.1	831.9
20080522	830.9	836.9	829.7	831.9
20080523	829.5	831	817.3	820.8
20080527	823.9	830.8	821.8	828.4
20080528	832.2	837.6	826.9	837.2
20080529	834.9	845.5	834.9	838.3
20080530	840.2	846.9	839.1	845.9
20080602	843.4	844.4	832.3	837.7
20080603	840.3	846.9	830.6	839.9
20080604	835.8	849.1	835.5	840.6
20080605	844.3	862	843.5	861.9
20080606	855.2	855.6	834.9	835.9
20080609	838	843.1	828.8	836.5
20080610	831.1	834.9	825.3	828.9
20080611	829.9	832.3	815.4	815.6
20080612	819.3	825.8	811.8	817.1
20080613	820.7	831.1	819.3	829
20080616	825.6	836.9	825	834.1
20080617	838.4	841.3	835.1	836.7
20080618	832	833.4	823.7	829.5
20080619	829.6	834.7	825.5	831.8
20080620	827.2	829.3	815.1	817.5
20080623	820.6	824.6	814	814.1
20080624	812.7	816.8	803.5	805.6
20080625	808.8	815.4	806.5	812.9
20080626	803.9	804.3	786.3	788.4
20080627	787.4	791.4	781.2	783.9
20080630	784.6	790.3	779.6	782.1
20080701	771.9	783	766	781.6
20080702	782.5	786.5	755.7	757.1
20080703	759	759	743.7	748.6
20080707	753.8	757.5	734.5	741.6
20080708	741.9	762.1	731.7	761.7
20080709	761.5	767.7	747	750.5
20080710	749.2	757	741.5	754.5
20080711	747	758.4	736	747.1
20080714	754.2	757.5	737.5	740.3
20080715	735.1	746.6	719.7	732.4
20080716	736.9	752.9	728.3	751.9
20080717	757.4	766.1	751.3	760
20080718	766.9	767	757.1	759.7
20080721	764.4	769.4	760	768.6
20080722	762.1	777.8	759.2	776
20080723	775.2	787.3	774	779.7
20080724	778.6	778.9	751.4	755.2
20080725	758.3	761.4	752.5	754.5
20080728	755.8	760.3	745.8	747.1
20080729	748.7	765.1	748.7	763.7
20080730	767.4	777.7	761.8	777.3
20080731	769.2	775.9	760.9	764.8
20080801	765.2	768.4	755.7	763.1
20080804	762.6	763.2	745.9	747
20080805	752.9	765.4	749.3	764.7
20080806	762.2	772	759.6	770.5
20080807	764.2	768.9	755.5	759.6
20080808	757.3	775.7	756.2	773.9
20080811	773.9	787.2	772.1	783.1
20080812	780.2	781.4	772.2	776.1
20080813	773.1	780.5	767.1	776.2
20080814	773.3	785	772.7	784
20080815	787.8	789.7	779.8	785.7
20080818	786.6	787.2	769	774.8
20080819	769.7	772	761	765.6
20080820	768.1	770.1	760.8	768.5
20080821	762.8	770.9	760.9	766.4
20080822	772.4	776.9	768.7	774.5
20080825	771.8	772.8	756.3	760.7
20080826	761.1	764.8	756.1	764.7
20080827	764.6	775.7	764	772.8
20080828	777.4	786.5	774.9	784.1
20080829	782.4	784.9	773.6	776.9
20080902	784.9	788.6	763.8	768.2
20080903	766.5	770.9	757.7	763
20080904	757.9	760.7	739.3	743.6
20080905	738.7	748.2	726.2	743.8
20080908	766.2	772.7	746.3	757.2
20080909	756.3	756.5	724.7	727
20080910	730.4	741.6	722.6	737.4
20080911	727.7	744.4	718.2	743.2
20080912	736.7	755.5	733.9	755.3
20080915	729.1	740.9	716.2	717.7
20080916	702.3	737.2	697.8	736
20080917	721.4	724.4	695	697.4
20080918	707.6	734.9	682.8	733.7
20080919	774.8	787.8	748.7	760.9
20080922	762.1	765.1	726.9	729.4
20080923	728.6	735.8	714.4	718.5
20080924	720	722.4	708.3	712.7
20080925	715.3	723.3	711.5	718.4
20080926	706.5	715.4	701.4	712.5
20080929	701.4	703.7	650.7	658.2
20080930	669.7	690.2	659	690.2
20081001	681.4	686.6	669.2	685.9
20081002	675.6	677.4	636.1	640.2
20081003	644.5	656.6	617.6	620.4
20081006	604.8	606.6	556.1	590.3
20081007	600	602.3	549	554
20081008	535.5	570.5	531.4	549.3
20081009	561.3	563.8	495.4	498.6
20081010	481.3	521.3	462.4	505.6
20081013	531.3	575.1	523.6	573.5
20081014	589.2	591.8	535.6	558.1
20081015	545.1	548.4	484	488.1
20081016	498.9	519.3	466.1	510.9
20081017	496.1	538.6	494.5	508.1
20081020	520.7	540.9	514	539.3
20081021	531	539.7	520	524.2
20081022	505.7	510.2	475.5	496.3
20081023	491.9	496.1	450.8	475
20081024	438	471	425.3	448.6
20081027	448.7	464.8	427.9	428.7
20081028	448.2	487.8	430.5	481.9
20081029	478.9	507.7	473.1	484
20081030	502	520.5	492.8	519.7
20081031	512.8	534	502.3	528.3
20081103	525.6	533.6	522.3	529.1
20081104	536.5	543.3	528.6	540
20081105	531.1	538.6	509.4	514.3
20081106	506.6	512	483.2	487.6
20081107	490.3	507.1	484.2	505.8
20081110	512.3	513.2	479.8	486.8
20081111	478.5	486	464.4	468.4
20081112	462.7	465.6	443.1	445.3
20081113	447.5	490.6	425.9	486.6
20081114	477	483.9	447.7	449.3
20081117	451.3	465.3	445.9	448.9
20081118	450.6	457.9	428.9	457.5
20081119	449	452	409.7	413.1
20081120	406	412.7	371.5	375.5
20081121	385.5	402.1	364.5	393.3
20081124	404.4	439.5	403.2	430.4
20081125	438	444.5	424.6	437.9
20081126	431.6	470.4	431.2	466.2
20081128	464.7	475	461	473.9
20081201	458.1	460.9	415.6	419.6
20081202	427.4	441.9	419.5	440.2
20081203	430	453.1	427	449.8
20081204	442.9	458.5	424.8	438.1
20081205	428.3	458.1	417.4	451.6
20081208	470.3	480.6	464	477.6
20081209	473.1	487.3	459.9	466
20081210	468.7	481.4	465.1	476.6
20081211	471.7	482.2	447.7	452.5
20081212	438.2	472.3	436.8	471.5
20081215	470.6	472.8	445.8	461.4
20081216	463.4	488.4	460.4	484.2
20081217	478.9	498.6	474.6	490.7
20081218	491.4	492.7	470.8	487.6
20081219	486.6	492.3	476.8	479
20081222	481.7	482.1	456.9	474.6
20081223	473.8	476.6	460.8	462.9
20081224	464.7	468.9	459.7	467.3
20081226	470.4	476	466.6	473
20081229	473.8	476.3	460	471.4
20081230	471	487.3	470.1	486.1
20081231	484.1	501.7	482.8	497.9
20090102	498.3	513.5	490.9	507
20090105	509.3	514.4	499.8	511.3
20090106	514.3	524.9	510.8	515.9
20090107	507.4	511.5	496	503.2
20090108	498.3	505.8	494.6	504.6
20090109	505	506.2	485.1	487.5
20090112	488.6	491.3	469.9	475
20090113	472.4	483.3	470.1	480.5
20090114	471	472.4	456.5	460.6
20090115	459.4	474.4	443.7	468.6
20090116	477.5	480.6	460.1	476.4
20090120	470.1	472.6	441.4	445.9
20090121	452.5	468.3	442.3	466
20090122	457	466.8	445.9	458.2
20090123	443.2	466.7	440.9	455.9
20090126	460.3	474.2	455.2	462.1
20090127	465.7	472.7	461.6	468.9
20090128	480.1	491.8	478.6	491.1
20090129	482	482.9	469.5	473.9
20090130	475.4	477.4	453.9	458
20090202	449.7	462.2	448.6	457.3
20090203	461.7	466.9	453.9	460.5
20090204	463.9	473.6	458.8	464.3
20090205	458	475.1	454.2	468.5
20090206	470.8	492.4	469.1	491.9
20090209	488.5	493.9	483.1	488.5
20090210	484.5	491	462.2	466.3
20090211	467.4	472.2	458.1	465.3
20090212	457.3	474.1	451.3	473.9
20090213	469.8	474.8	459.9	461
20090217	445.5	451.4	439.7	441.2
20090218	446.1	447.7	431.7	433.8
20090219	442.4	445.6	428.9	430.9
20090220	420.9	431.6	413.5	424.4
20090223	430	430.6	406.8	411
20090224	411.6	429.3	408.6	424.7
20090225	424.1	430.6	412.6	419.5
20090226	426.7	428.2	410.8	414.3
20090227	404.7	420.8	402.8	409.6
20090302	399.9	401.1	380.9	385.5
20090303	388.7	389.2	374.2	375
20090304	391.1	399.3	385.7	389.3
20090305	382	386.8	368.9	374.7
20090306	375.4	378.7	358	373.2
20090309	363.6	375.9	362.6	367.2
20090310	374.8	395.6	372.8	390.8
20090311	395.6	402.1	389.3	394.9
20090312	394.2	418.3	388.1	417
20090313	418.8	419.3	410.1	417.8
20090316	422.2	425	409.7	413.1
20090317	410.7	431.1	406.7	429.8
20090318	425.6	445.7	419.1	441.9
20090319	447.7	448.6	436.9	440.8
20090320	442.9	443	422.4	424.2
20090323	438.6	462.2	433.6	457.3
20090324	451.8	458.6	445.9	449.2
20090325	451.4	462.7	436.3	451.8
20090326	459.7	475.4	456.2	472.7
20090327	465.3	467.8	458.9	462.6
20090330	448.3	449.2	437.6	442.3
20090331	448.3	459	443.7	451.1
20090401	440	457.3	437.1	455.8
20090402	469.8	483.7	467.6	480.2
20090403	475.6	489.9	471.9	489.5
20090406	481.1	482.4	471.1	478.9
20090407	471.1	472.8	461.2	464.4
20090408	465.7	471.4	461.4	469.4
20090409	482.7	500.1	480.7	496.5
20090413	492.5	500.4	485.3	495.6
20090414	489.6	497.2	483.2	485.5
20090415	480.5	492	478.6	490.6
20090416	495.9	509.2	488.8	504
20090417	506.2	514.8	501.2	510.2
20090420	499.5	501.2	481.9	486.4
20090421	479.7	498.4	478.2	496.8
20090422	489.8	512.8	488.8	496.4
20090423	501.2	501.6	487.3	499.4
20090424	502.8	516.1	497.8	515
20090427	503.2	515	501.7	508.1
20090428	500.6	516.1	497.7	507.7
20090429	514.1	529.1	511.4	522.7
20090430	531.2	536.5	510	523.2
20090501	518.4	525.8	515.1	520.8
20090504	526.3	544.2	523.9	542.4
20090505	540.3	543.6	532.7	541.3
20090506	546.2	547.9	531.9	544.9
20090507	550.8	552.1	525.7	530.5
20090508	536.8	549.5	533.2	546.5
20090511	537.3	542.1	532	537.6
20090512	538.7	542.3	519.6	530.4
20090513	520.3	521.1	504.1	507.5
20090514	506	519.2	503.3	511.6
20090515	511.2	517.9	504.7	508.1
20090518	513.8	529.6	511.8	527.5
20090519	527.5	536.5	523.6	530.7
20090520	535	544.9	525.1	525.5
20090521	518.7	522.3	509.8	518.9
20090522	520.1	521.2	510.3	511.4
20090526	507.6	535.7	506.8	533.5
20090527	532.4	539.1	524.1	525.1
20090528	529.8	532.5	516.3	527.5
20090529	530.7	541.9	528	538.2
20090601	548.8	562.3	546.8	555.5
20090602	556.2	564.8	554.1	560.7
20090603	556.3	557.9	546.2	552.6
20090604	555.5	560.7	548.6	560
20090605	566.2	566.7	552.8	558.4
20090608	554.5	560	546.9	554.8
20090609	557.4	564.8	555.4	559.9
20090610	566.1	566.5	549.7	560.5
20090611	559.6	567.8	559.2	559.7
20090612	557.2	560.4	551.1	557.8
20090615	553	553	539.8	546.5
20090616	549.4	550.9	533.2	534.9
20090617	534.7	541.4	528.1	534.1
20090618	535.3	540.7	530	538.9
20090619	545.3	547.2	537.1	541
20090622	534.9	535.4	519.6	522.3
20090623	522.5	524.7	514	516.3
20090624	521.3	530.2	520.5	525.9
20090625	521.6	540	521.3	538.2
20090626	535.5	542.8	534	538.9
20090629	541.7	546.2	534.7	543.9
20090630	544.4	547.5	536.2	541.9
20090701	545.6	553.1	545.3	547.6
20090702	538.7	538.7	529.1	530.5
20090703	530.5	530.5	530.5	530.5
20090706	524.6	527.4	517.2	526.6
20090707	525	525.5	511.6	515.2
20090708	515.3	516.2	502.1	508.7
20090709	513.2	515.3	507.7	511.4
20090710	507.5	514.6	504.4	509
20090713	513.1	524.7	503.1	522.5
20090714	523.7	529.3	520.2	527.4
20090715	537.4	547	535.7	544.4
20090716	544.3	556.5	543.2	552.8
20090717	554.8	555	549.5	553.5
20090720	556.9	562.5	555.2	561.5
20090721	566.1	566.8	553.4	563.2
20090722	559	567.9	557.8	562.1
20090723	564.1	583.9	563.5	578.4
20090724	577.4	586.5	574.7	585.8
20090727	584.6	589.4	580.6	589.1
20090728	584.8	590.2	580	586.3
20090729	583.8	586.4	579.7	584.1
20090730	590.8	597.6	588.2	589.4
20090731	589.4	596.8	587.1	592
20090803	597.4	605.1	593.5	604
20090804	601.6	612.2	600.2	612.1
20090805	611.1	611.1	601.1	608.9
20090806	610	612.7	600.3	603.6
20090807	611.8	622.8	608	616.3
20090810	615.6	618.6	610.1	615.7
20090811	612.1	613.4	603.3	606.7
20090812	606.2	619.9	605.9	614.1
20090813	618.1	621.3	609.4	621.2
20090814	619	619.5	604.4	615.9
20090817	599.9	600.6	590.3	593
20090818	595.5	601.7	592	601
20090819	593.1	606.4	592.1	605
20090820	604	612.4	601.7	611.5
20090821	616.6	625.3	615.1	623.6
20090824	626.2	629.1	619.4	622.1
20090825	625.1	631.1	623	624.4
20090826	623.2	628.4	620.2	624.2
20090827	623.8	628.4	611.9	625.9
20090828	633.2	634.9	621.8	627.2
20090831	621.5	622.6	615.2	619.2
20090901	614.9	628.1	603.7	605.3
20090902	603.3	606.8	599.7	602.1
20090903	604.8	610.5	597.6	609.1
20090904	609.2	619.1	606.2	616.7
20090908	624.4	627.5	620.2	627.2
20090909	626.6	638.3	624.4	635
20090910	635.5	643.8	630.9	641.9
20090911	644.6	648.7	640.2	643.4
20090914	638.5	652.1	638.1	649.9
20090915	652.1	659.6	649.5	656.2
20090916	659.7	671.3	658.4	669.7
20090917	670.2	676.5	664.3	667.7
20090918	671.8	671.8	663	663.6
20090921	659.7	666.8	656.7	664.3
20090922	669	671.3	665	668.8
20090923	670.9	672.5	658.8	660.5
20090924	660.2	663.3	643.8	646.6
20090925	646.4	649.7	640.7	645
20090928	646.8	660.1	645.6	657.3
20090929	658.8	664.8	656.6	658.9
20090930	662.1	664.1	646.7	656.5
20091001	653.4	654.4	634.4	638
20091002	628.9	635.3	626.4	628.8
20091005	631.6	644.3	629.6	643.7
20091006	648.3	657.5	645.8	651
20091007	650.7	654.3	648.4	651.8
20091008	656.5	665.9	654.9	662.9
20091009	661.2	667.8	659.3	667
20091012	671	673.5	665.1	667.3
20091013	666.7	668.4	660.5	664
20091014	674.3	678.8	669.2	675.9
20091015	673.7	681.1	672.9	679.3
20091016	674.7	676.7	668.3	671.7
20091019	674.8	683.7	671.4	677.9
20091020	681.6	682.2	669.9	676.2
20091021	672.9	683.9	662.6	667.7
20091022	667.3	678.9	660.3	676.9
20091023	678.2	678.9	664.4	668.8
20091026	667.7	677.3	657.5	661.8
20091027	661.3	663.4	650.2	652.1
20091028	650.2	651.2	628.6	630.3
20091029	634.2	645.9	633	641.9
20091030	641	642.8	622.4	624.7
20091102	628.1	636.1	617.2	626.9
20091103	623.7	636.4	620.7	635.5
20091104	640.7	644.3	631.7	634.6
20091105	638.6	649	635.3	647.8
20091106	642.4	652.7	639	646
20091109	653.1	663.9	652.7	661.9
20091110	661.3	666.3	657.7	663.8
20091111	669.7	673.7	663.2	668.2
20091112	668.7	672	656.6	659.9
20091113	660.8	667.2	655	664.5
20091116	670.3	680.4	669.5	675.1
20091117	673.7	676.8	671.1	674.5
20091118	675.7	676.2	669.4	671.3
20091119	666.3	666.8	653.8	659.4
20091120	654.1	656.6	650.1	653.9
20091123	662.7	670.4	658.6	660.7
20091124	661.7	661.8	653.1	657.5
20091125	661.8	665.2	659.1	663.5
20091127	641.7	658	639.5	648.1
20091130	649.7	652.3	643	651.3
20091201	656.1	664.4	656	661.1
20091202	661.5	670.9	660.8	666.3
20091203	668.2	672.6	657.6	657.8
20091204	670	676	659.2	669.3
20091207	667.3	673.1	665.6	667.6
20091208	662.5	667.9	656.1	660.2
20091209	661.9	665.1	655.7	663.1
20091210	667	671.9	665.3	668.5
20091211	671.4	673.6	667.1	673
20091214	678.1	683.4	673.9	680.8
20091215	679.6	685.2	678.7	682.3
20091216	686.8	689.6	684	685.2
20091217	680.8	683.3	676.9	682
20091218	683.1	685.1	675	684.4
20091221	687.8	692.5	687.1	690.7
20091222	692.9	699.5	692.3	697.3
20091223	700	704.5	697	703.2
20091224	705.2	708.4	704.8	707.7
20091228	710.5	710.8	705	706.1
20091229	708	709.2	704.1	704.2
20091230	702.7	707	701	703.7
20091231	703.3	706.3	691.4	694.5
20100104	700.8	707.6	700.6	705.3
20100105	704.5	708.3	700.7	707.9
20100106	707.9	713	707.7	711.7
20100107	710.6	716.2	707	715.9
20100108	714	720.7	712.3	720.2
20100111	723	723.6	716.4	718.1
20100112	714.3	715.5	706.1	711.2
20100113	712.7	720.2	707.6	718.5
20100114	717.3	722.4	716.4	721.3
20100115	720.1	722.1	708.6	711.5
20100119	712.2	720.7	711.9	719
20100120	714.5	716.1	707.4	714.7
20100121	715.3	719.2	702.9	704
20100122	704.3	705.2	688	690.6
20100125	694.4	695.6	687	691.8
20100126	690	695.7	686.3	688.3
20100127	686.7	691	679.6	688.9
20100128	690.9	691.3	674.7	679.5
20100129	680.9	689.1	667.8	670.9
20100201	672.4	681.3	671.9	680.9
20100202	682.2	692.8	679.4	689.6
20100203	688.2	691.5	683.9	690.3
20100204	681.7	682	663.8	666.4
20100205	663.9	666.3	649.5	663.7
20100208	664.9	669.7	658.6	662.8
20100209	669.1	674	661.9	667.8
20100210	667.5	673.1	661.2	667.6
20100211	667.9	679.3	663.8	677.9
20100212	671.2	686.8	669.6	686.3
20100216	691.5	696.3	686.5	695.6
20100217	698.4	702.7	696.1	702.4
20100218	700.6	706.5	699.9	705.8
20100219	704.8	710.3	702.5	708.4
20100222	711.5	712.3	706.8	708.2
20100223	706.9	708.7	698.2	700.9
20100224	701.1	706.9	699.7	704.8
20100225	695.8	707.6	693.2	706.6
20100226	707.7	708.4	701.3	707.3
20100301	709.3	720	709.3	718.3
20100302	722.6	727.7	721.6	725
20100303	728.2	732.6	725.7	728.8
20100304	729.2	731.7	725.5	727.9
20100305	732.5	739.7	731.1	737.9
20100308	739.3	742	738.9	740.4
20100309	738.3	746.1	738.3	741.1
20100310	741.2	748.3	741.1	747.2
20100311	743.8	751.9	741.7	750.9
20100312	754.6	755	747.3	754.8
20100315	752.5	753.7	745	750.9
20100316	753.7	760.4	751.1	759.9
20100317	762.4	769.1	762.2	765.3
20100318	766.2	767.9	761.1	761.9
20100319	764.8	765.1	750.9	753.8
20100322	748.8	764.4	748	763.1
20100323	763.8	770.8	760.6	769.2
20100324	766.4	768.4	762.6	764
20100325	769.2	770.8	757.3	758.1
20100326	759.6	763.5	753.3	757.2
20100329	760.5	764.1	759.2	763.3
20100330	764.2	768.2	760.1	764.4
20100331	762.1	767.3	757.4	760.1
20100401	764.5	770.1	761.2	767.8
20100405	770.6	780.7	769	779.4
20100406	776.6	785.5	776.6	784
20100407	783.3	783.4	773.8	779.1
20100408	775.4	779	769.9	777
20100409	778.1	786.4	774.3	786
20100412	785.3	786.9	782.3	785.2
20100413	785	789.5	780.9	788
20100414	793.5	801.5	791.4	800.3
20100415	800.2	804.6	799.1	801
20100416	798	801.2	785.3	791.2
20100419	787.7	793.6	778.9	789.4
20100420	791.8	799.4	789.8	799
20100421	799.3	803	796.7	800.2
20100422	794.7	812.8	791.9	809.3
20100423	812.8	820.7	809.1	818.3
20100426	819.4	823.5	815.2	816.5
20100427	812	818.2	794.8	796.6
20100428	800.1	803.1	794	799.6
20100429	804.3	812.3	800.2	811
20100430	811.4	813.7	792.5	793.6
20100503	797.6	807.3	796.7	805.2
20100504	794.7	795.2	778.8	785.2
20100505	775.9	785.7	768.7	775.6
20100506	769.5	777.8	706.9	745.9
20100507	742.4	749.8	718.3	726.4
20100510	759.3	768.4	754.9	767.1
20100511	758.7	778.9	756.5	767.7
20100512	772.7	788	772.6	785.6
20100513	785	791.3	777	781.5
20100514	774.9	775	754.4	761.9
20100517	764.8	770.4	742	760.7
20100518	770.9	773	747.3	750.1
20100519	746.3	754.4	730.9	741.1
20100520	723.3	727.9	707.4	710.5
20100521	697.4	725.3	694.5	721
20100524	717.5	726.5	712.5	713.4
20100525	696.3	713.7	684.8	710.8
20100526	715.2	730.1	709.8	710.2
20100527	730.8	743.4	726.1	740.4
20100528	740.9	742.8	729.7	734.2
20100601	727.8	736.7	712.7	713
20100602	719	734.4	713	732
20100603	735.6	741.8	730.4	740.8
20100604	722.2	729.6	705.6	710.6
20100607	710.5	712.5	690.8	691.2
20100608	693.4	698.2	681.6	694.3
20100609	701	715.4	695.5	700
20100610	711.9	722.6	710.6	718.8
20100611	714.5	730.6	714.1	729.7
20100614	738.9	745.5	732	734
20100615	738.9	752.8	737.1	750.6
20100616	746.5	753.9	743.7	749.5
20100617	751.8	753	739.7	748.6
20100618	749.4	750.8	742.6	742.9
20100621	755.7	757.1	736.1	740.4
20100622	741.3	747.4	722.8	723
20100623	722.9	729.4	713	721.2
20100624	717.4	719.9	708.3	710.4
20100625	711.4	720.6	705.5	719.4
20100628	718	722.7	711.1	716.1
20100629	703.9	704	685.6	687.6
20100630	687.3	699.1	680.8	684
20100701	683.2	685.8	664	679.8
20100702	682.5	684.4	670.9	672.2
20100706	684.7	691.3	666.6	673
20100707	673.5	699.9	672.9	699.7
20100708	704.4	707.7	695.5	704.8
20100709	703.9	712.2	702	709
20100712	709.1	715.2	702.1	709.9
20100713	717.3	728.5	715.4	723.5
20100714	723.6	728.4	718.3	725.3
20100715	725.5	725.6	713.1	721.9
20100716	718.8	719.8	697.8	699
20100719	701.5	705.5	692.9	701.4
20100720	694.1	715.4	691.6	714.2
20100721	719.6	720.2	701.2	703
20100722	712.6	726.5	712.6	723.2
20100723	721.1	736.8	719.7	736.1
20100726	737.3	750.2	735.2	748.9
20100727	754.9	756.1	742.3	745.8
20100728	743.5	746.2	731.3	734.2
20100729	740	741.7	721.4	729.1
20100730	720.1	735.6	718.3	732.8
20100802	745.3	748.2	739.7	745.8
20100803	744.5	747.6	736	742.9
20100804	744.9	750.5	742.3	750.1
20100805	744.1	749.6	742.2	747.3
20100806	736.7	747.1	733.3	745.7
20100809	750.1	753	745.3	752
20100810	743.9	748	736.9	742.9
20100811	727.9	728.1	712.7	712.9
20100812	701.9	714.6	701	710.8
20100813	709.5	713.5	707.2	707.7
20100816	702.8	712.3	699.4	709.2
20100817	715.6	726.8	713.3	719.2
20100818	719.5	728.2	714.3	717
20100819	718.7	722.4	707.5	709.8
20100820	707.7	710.5	700.5	710
20100823	714.1	717	702	703.3
20100824	692.6	698.7	685.1	690.4
20100825	685.5	699.2	681.1	696.6
20100826	698.8	703.5	690.6	692.1
20100827	699.1	708.3	685.4	707.7
20100830	704	708.4	694	694.4
20100831	693.3	700.8	688.1	695.1
20100901	705.6	720.2	705.1	718.9
20100902	719.6	730.9	718.1	730.8
20100903	739.1	742.5	734.3	739.3
20100907	737	737.6	727.8	730.3
20100908	730.2	737.6	730.2	733.6
20100909	743.2	743.3	732.3	734.2
20100910	736.7	740.9	734.5	738.6
20100913	746.2	752.6	745.5	750.3
20100914	749.8	756.4	747	752.5
20100915	750.2	756.7	745.6	755.6
20100916	752.7	755.9	749.6	754.6
20100917	756.9	757.1	748.7	754.2
20100920	757.4	768.9	753.8	765.5
20100921	767.3	769.9	761.5	763.1
20100922	761.7	767.3	753.6	757.4
20100923	751.6	761.9	748.6	751.7
20100924	761.2	770.6	760.8	768.6
20100927	769.7	773.4	765.3	768.2
20100928	771.5	776.7	760.3	773.8
20100929	772.7	778.8	771.2	776.4
20100930	780.1	787.4	772.2	776.6
20101001	782.8	784.1	773.2	778.1
20101004	775.7	780.9	765	772.2
20101005	778.6	788.5	776.2	785.5
20101006	785	787.4	776.9	780.3
20101007	784.1	784.6	774.3	780.8
20101008	779.9	788.1	776.5	784.4
20101011	785.3	790.8	784.3	787.5
20101012	785	792.1	777.8	788.2
20101013	794.5	802.5	791.9	797
20101014	796.4	799.7	789.3	797.2
20101015	800.8	801.3	788.4	796
20101018	795.6	799.3	793.2	797
20101019	788.9	796.6	780.2	786.8
20101020	787.7	798.6	787.3	794.4
20101021	797.5	803.3	786.4	793.4
20101022	796.2	800.5	793.6	800
20101025	804	812.2	803.4	804.9
20101026	799.9	808.6	795.9	802.9
20101027	798	803.3	794.2	803
20101028	807.8	809.1	797.3	800.1
20101029	799.6	806.2	799.1	804
20101101	808.4	813.6	798	804.4
20101102	810.8	814.6	806.6	813.2
20101103	812.7	816.3	805	815.8
20101104	826.2	831	823.4	830.4
20101105	830.2	837.9	829.7	836
20101108	834.2	837	830.2	834.6
20101109	838	839.4	822.7	827
20101110	827.5	834.3	820.5	831.4
20101111	824.9	834.5	823.2	832.4
20101112	825.9	831.2	816.1	818
20101115	823.5	829.7	819.7	821.3
20101116	814.5	817.3	801.9	806.1
20101117	807.8	813.2	805.6	810.5
20101118	819.5	828.3	819.5	824
20101119	821	826.9	816.9	825
20101122	821.8	832.9	820.4	832.8
20101123	822	825	817.9	822
20101124	828.3	840.2	828.2	838.4
20101126	833.5	838.7	831.7	832.2
20101129	829.3	835	822.4	833.7
20101130	825.5	832.9	823.1	828.4
20101201	841.3	846.9	840.9	845
20101202	846.3	859.5	846.2	859.3
20101203	854	864.2	853.5	861.8
20101206	861.4	864.3	859.4	861.7
20101207	872	873.5	861.8	863.6
20101208	865.7	869.2	860.4	864.8
20101209	868.7	868.9	861.1	866
20101210	868.1	876.2	866.4	874.9
20101213	878	878	871.6	873.6
20101214	875.1	876.9	869.8	872
20101215	871.1	879.4	867.7	868.8
20101216	868.8	877.6	866.1	876.7
20101217	877.6	882.3	874	876.7
20101220	880.6	882.5	875.7	878.3
20101221	883.3	887.6	882.1	886.7
20101222	888.1	892.1	887.1	889.9
20101223	889.7	890.9	886.7	887.2
20101227	884.9	889.2	881	888
20101228	889.7	890.6	884.4	886.4
20101229	888.4	890.9	887.8	888.7
20101230	889.3	894.4	888.8	890.2
20101231	888.9	890.3	883.9	883.9
20110103	891.4	901.3	891.2	894.5
20110104	898.2	899.3	879.7	886
20110105	885.5	893	883.2	890.8
20110106	893.3	895.7	888.2	890.7
20110107	892.9	895.8	877.9	886.4
20110110	882.8	895.1	877	891.8
20110111	896.1	899.2	892.4	896.8
20110112	903.1	903.9	898.3	902.7
20110113	902.5	903.8	898.4	901.7
20110114	899.9	909.1	898.5	908.9
20110118	906.1	918	904.7	917.7
20110119	915.1	916.1	898.9	902.1
20110120	897.9	901.7	889.5	892.8
20110121	900.1	900.5	890.3	891.4
20110124	891.5	901.4	891.3	898.5
20110125	894.2	901.2	891.7	900.7
20110126	902.7	912	899.8	907.4
20110127	907.4	914.3	906.7	912.1
20110128	913.1	914.8	893	895.1
20110131	898.5	907.7	895.9	901.7
20110201	908.7	918.2	908	915.3
20110202	914.2	919.9	913.4	913.7
20110203	913.5	918.7	906.4	916.5
20110204	917.3	923.4	915.2	922.8
20110207	925.4	934.4	925.4	929.8
20110208	931.4	935.3	928.1	934.7
20110209	932.9	936.7	929.7	933.9
20110210	928.4	938.5	927.9	937.4
20110211	934.6	948.6	934.4	948.3
20110214	948	952.2	946.8	950.2
20110215	948.7	950.5	946.1	948.5
20110216	951.2	957	951.1	953.8
20110217	952.7	960.9	951.8	958.5
20110218	961.2	962	956.2	959.9
20110222	950.7	954.9	935.6	937.7
20110223	936.7	939.8	914.6	922
20110224	923.4	930.2	913.6	921.4
20110225	927.2	943.1	927	941.7
20110228	948.1	950.6	939.9	944.5
20110301	947.6	948.5	925.1	925.7
20110302	926.9	938.6	926.7	931.9
20110303	941.6	955.4	941.4	953.6
20110304	954.2	954.5	940.3	947.4
20110307	950.8	953.1	926.7	932.5
20110308	935.6	949.5	929.9	945.4
20110309	943.3	946.8	936.8	938.8
20110310	931.4	932.7	921.1	924.7
20110311	918.3	934.4	918.3	931.9
20110314	924.7	932.5	919.7	927.8
20110315	906	926.6	898.7	919.6
20110316	917	926.7	905.6	912.8
20110317	924.8	925.5	914.3	915.4
20110318	926.8	927.1	918.5	921
20110321	932.7	942	932.7	939.3
20110322	940.1	942.6	932.5	934.1
20110323	931.9	935.6	922.6	931.3
20110324	937.8	943.9	928.5	941.6
20110325	944.6	957	942	949
20110328	951.1	954.6	941.6	941.8
20110329	944.7	954.8	939.8	954.5
20110330	958.3	965.3	957.2	963.3
20110331	961.9	969.2	961.9	968.2
20110401	974.1	977.6	971.1	975.4
20110404	977.7	979.6	973	975.8
20110405	974.3	984.7	974.3	977.7
20110406	984.5	987.7	975.8	978.4
20110407	980.4	983.2	971.4	973.8
20110408	979.3	981	961.6	967
20110411	968.2	970.2	956.8	959.1
20110412	954.9	958.5	948.1	948.6
20110413	955.7	958.2	947.6	952.5
20110414	945.8	954.9	944	953.7
20110415	954.6	963.8	951.9	963.3
20110418	949.7	949.7	937.1	948.3
20110419	949.3	951.8	944.1	950.6
20110420	964.5	970.1	963	968.9
20110421	973.4	974.6	967.9	971.9
20110425	973.8	976	968.5	972.6
20110426	976.8	986.8	976.6	981
20110427	985	991.5	980.6	990.2
20110428	989.2	994.8	978.7	990.6
20110429	992.7	995.9	988.6	994.4
20110502	997.4	998.1	987.1	988.4
20110503	986.4	988.7	972.8	978.8
20110504	979.9	981	965.1	968.1
20110505	963	975.4	960.3	967.7
20110506	975.5	980.3	963.8	965.3
20110509	967.2	980.1	966.4	977.9
20110510	981.6	990.6	980.2	988.5
20110511	986.7	988.4	972.9	977.9
20110512	973.2	987	968.2	984.4
20110513	984.2	985.9	971.1	971.4
20110516	968.7	978.1	962.2	962.7
20110517	958.1	962.6	951.3	957.2
20110518	958.5	973.8	957.1	972.8
20110519	977.9	979.4	967.1	974.8
20110520	971.9	972.9	961.6	964.5
20110523	952.9	956.2	948.9	951.5
20110524	953.9	956.6	945.4	948.2
20110525	945.8	958.2	944.6	953.5
20110526	952.3	967.2	951.7	966.7
20110527	968.4	973.1	967.2	970.2
20110531	980.4	983.9	971.5	980.5
20110601	980.3	981.4	954.5	955.4
20110602	957.3	961.5	950.1	954
20110603	941.1	952	939.8	941.1
20110606	939.8	941.6	926.7	928.5
20110607	932.4	938	929.4	931.1
20110608	928.6	930.2	920.3	920.5
20110609	923.6	930.4	919.8	925.1
20110610	921.4	923.3	910.1	912.8
20110613	913.2	918.4	906	911.1
20110614	918.7	930.3	918.1	930
20110615	918.8	924.6	909.2	911.8
20110616	912.1	918.1	903	913.7
20110617	920.7	920.9	911.5	913.6
20110620	911	924	910.6	922.8
20110621	927.2	940.6	925	936.7
20110622	934.9	944.1	932.3	932.4
20110623	923.6	935.7	915	932.9
20110624	936	938.9	925	926.5
20110627	927.6	934.6	921.6	931.7
20110628	934.2	948.8	933.2	948.2
20110629	950.1	956.8	944.5	954.3
20110630	955.6	964.1	955.2	959.7
20110701	961.6	977.7	959.5	975.1
20110705	978.4	979.3	971.2	979
20110706	977.5	984.6	972.8	983.9
20110707	991.7	995.3	989.5	994.2
20110708	981.8	988	977.9	987.8
20110711	975.7	978.8	963	966.7
20110712	961.5	969.4	960	961.6
20110713	966.1	976.2	963.1	963.9
20110714	967	972.5	949.4	951.9
20110715	954.9	961.3	949.3	960.5
20110718	954.6	955.3	938.4	945
20110719	951.7	963.9	951.2	960.8
20110720	964	964	956.7	961.7
20110721	965.3	975.1	963	972.2
20110722	969.7	975.1	966	971.9
20110725	961.9	972.4	959.8	966.5
20110726	963.6	965.6	957.1	958.2
20110727	954.2	954.4	930.4	930.7
20110728	932.2	942.8	926.6	926.9
20110729	914.6	930.7	909.3	924.9
20110801	934.6	937.7	909.7	917.5
20110802	913.2	921.3	889.7	890.1
20110803	891.4	895.2	868.7	891.5
20110804	880.6	881.6	837.4	841.3
20110805	850.3	852.1	807	826.5
20110808	796.6	808.5	753.6	754.3
20110809	775.6	812.7	750.9	808.6
20110810	788.2	807.7	777.5	782.8
20110811	782.6	831.6	780.1	818
20110812	826.7	832.9	816.6	827.9
20110815	833.1	848.5	832.8	844.6
20110816	835.9	845.2	827.3	839.1
20110817	842.6	846.9	824.5	831.8
20110818	805.4	806.9	777.9	789.9
20110819	773.6	796.6	769	775.2
20110822	791.5	792.1	766.3	770.7
20110823	773.7	803.6	767.4	801.9
20110824	799.7	816.8	795.5	812.6
20110825	822.1	825.1	793.3	797.3
20110826	791.5	820.8	780.3	818
20110829	829.1	851.8	828.1	849.9
20110830	845.4	860.5	840.5	849.7
20110831	860	872.4	850.3	857.6
20110901	859	867.1	841.3	843
20110902	822.7	831.7	812.2	813.2
20110906	785.4	812.2	785.3	809.2
20110907	824.9	841.9	822.4	840.4
20110908	833.7	845.1	826.3	831.8
20110909	821.5	827	799.7	810.1
20110912	793.7	813.2	790.8	812.9
20110913	815.9	826.2	809	821
20110914	828.6	848.7	813.4	836.8
20110915	848.1	851.8	835.1	850.2
20110916	851.5	856.3	841.8	850.2
20110919	831.5	843.9	823.8	837.5
20110920	840.5	849.2	825.6	826.4
20110921	826.1	829.8	794.2	794.4
20110922	770.7	783	755.9	767.4
20110923	763.9	778.8	762.2	776.2
20110926	784.8	794	765.8	792.6
20110927	809.3	825.4	802	809.3
20110928	809.8	812	778.5	782.1
20110929	795.8	798.1	768.1	787.1
20110930	773.4	783.1	760.6	765.1
20111003	758.3	770	724.4	726.3
20111004	721.6	760	714	753.2
20111005	760.6	779.1	749.3	771.1
20111006	772.6	795.9	769.2	795.3
20111007	799.7	801.1	778.7	787.6
20111010	798.9	813.8	796.1	811.2
20111011	803.9	817.7	802.6	810.4
20111012	818.3	832.9	817.2	818.4
20111013	816.9	827.7	808.5	822
20111014	833.6	841.4	827.3	838.1
20111017	833.9	835.7	812.8	814.7
20111018	817.5	841.6	805.3	837.8
20111019	833.4	839.8	819.9	825.6
20111020	825.7	828.3	806.9	824.5
20111021	837	846.6	833.6	845.4
20111024	847.9	871.8	846.9	866.3
20111025	864.9	865.6	847	849.9
20111026	860.6	863.8	838.5	857.4
20111027	888.6	905.1	878.6	897.7
20111028	894.3	899.6	889.5	895.1
20111031	883.9	887.9	852.3	872.3
20111101	841	858.3	836.2	849.7
20111102	855.5	865.5	848.4	859.9
20111103	871.2	884.9	855.2	879.2
20111104	873.3	886.8	865.6	885.2
20111107	883.8	887.7	865.3	882.9
20111108	888.5	893.9	870.9	892.3
20111109	868.9	870.8	850.4	851.6
20111110	863.5	864.8	848.4	854.8
20111111	866.9	881.2	865.1	875.7
20111114	872.3	875.6	862.4	870.7
20111115	865	880.7	859.3	874.2
20111116	867.2	882	860.3	860.9
20111117	861.8	864.8	843.1	846.1
20111118	850.5	851.6	841	846.1
20111121	832.2	833.6	819.4	829.1
20111122	826.5	831.3	818	821.8
20111123	814.9	815.8	799.4	801.1
20111125	796.4	807.7	793.7	796
20111128	823.1	831.4	818.8	827.4
20111129	828.5	833.5	823	829.6
20111130	857	870.7	854.5	869.3
20111201	866.5	875.4	863.1	865.2
20111202	873.9	879.5	865.1	865.8
20111205	881.9	887.6	872.9	876.8
20111206	878.5	881.2	870.7	871.5
20111207	869.8	878	858.3	876.8
20111208	867	870.4	848.5	852.3
20111209	853.9	873.8	853	873.3
20111212	860.4	861	847.9	857.5
20111213	864.3	866.6	834	840
20111214	833.4	836.3	824	825.6
20111215	836.6	837.2	826.6	833.2
20111216	838.3	851.9	836.9	840.4
20111219	846.2	849.6	824.5	825.6
20111220	842.3	857.8	842.2	855.1
20111221	852.3	859.8	843.5	857.7
20111222	860.9	869.3	859.2	865.8
20111223	868.8	871.8	865.1	869.9
20111227	868	877.7	866.8	872.6
20111228	873.4	873.9	857	858.5
20111229	860.5	870.9	859.2	869.9
20111230	868.4	872.8	863	866.5
20120103	884.2	888	871.2	874.2
20120104	870	875.4	865.5	873.3
20120105	866.9	880.6	858.2	874.8
20120106	877.8	884	871.2	878.5
20120109	881.9	884.8	874.5	881.8
20120110	893.3	896.6	890.6	893.8
20120111	891.5	898.3	890.8	897.8
20120112	899.5	900.2	889	899
20120113	891.8	896.4	885.2	895.9
20120117	902	904.9	894.2	896.4
20120118	896.5	911.3	893.7	909.5
20120119	914.8	920.6	912	918.3
20120120	918.3	918.9	914.5	918.1
20120123	917.9	925.4	910.8	918.1
20120124	912.7	922.7	909.2	922.2
20120125	920.7	932.7	915.5	931.2
20120126	936.8	937.5	920.4	925.1
20120127	920.6	931.7	920.5	929.5
20120130	922.1	928.2	915	924.2
20120131	931.5	932.4	919.1	924.1
20120201	930.7	943.1	929.8	941
20120202	943.6	948.3	940.9	942.9
20120203	956	960.7	953.1	956.8
20120206	954.6	959.2	953.3	955.9
20120207	956	961.7	951.3	961
20120208	961.1	965.4	954.1	962.5
20120209	964.6	965.1	953.3	963.1
20120210	953.1	956.1	948.2	953
20120213	962.2	964.7	953.9	961.5
20120214	957.9	962.9	954.9	962.4
20120215	967	968.6	955.1	959.7
20120216	959.9	974.8	959.4	973.3
20120217	978.6	979.8	971.2	973.7
20120221	975.5	976.9	964.6	969.7
20120222	967.6	972	961.8	964
20120223	965.3	974.3	959.6	973.7
20120224	974.3	978.5	971.7	973.1
20120227	966.4	977.9	959.8	974.6
20120228	974.3	977.8	966.5	972
20120229	973	977.8	962.1	965.8
20120301	968.7	977.9	968.5	975.9
20120302	972.5	975.6	961.8	964.7
20120305	964.1	965	956.9	964.2
20120306	952	952.7	940.6	943.7
20120307	945.5	954.1	943.7	953.3
20120308	959.3	966.1	953.5	964.6
20120309	964.2	978	963.9	974.9
20120312	973.6	975	967	971.8
20120313	976.2	989.3	973.5	988.1
20120314	987.7	990	978.7	980.7
20120315	981.5	991.8	979	989.3
20120316	990.6	992.4	987.5	988.9
20120319	987.8	998	986.3	991.9
20120320	985.2	987.6	981.1	985.4
20120321	986.9	989.4	980.9	983.9
20120322	975.4	978	966.4	974.3
20120323	974.2	983	966.2	982.8
20120326	989.3	996.8	987.8	996.4
20120327	994.1	996.3	989.6	990.5
20120328	990.3	992.2	976.1	984.6
20120329	978.8	986.3	972.6	985.5
20120330	989.9	990.5	980	984.4
20120402	981.5	994.6	978.3	988.7
20120403	986.4	993.4	982.5	991.7
20120404	981.7	983.7	972.4	977.2
20120405	975.1	979.2	971.1	971.9
20120409	958.7	963.4	955.7	959.9
20120410	959	961.7	936.8	940.8
20120411	947.1	951.8	945.4	948.3
20120412	949.5	969.9	949.4	969.7
20120413	963.7	964.7	953.4	954
20120416	959.7	962.4	948.2	955
20120417	961.6	976.1	961.5	968.7
20120418	965.6	970.9	963.9	965.3
20120419	967.6	976.9	957.6	962.7
20120420	968.8	973.8	965	966
20120423	953.5	956.7	944.7	955
20120424	956.6	962.6	953.2	959
20120425	968.9	976.5	967.7	975.3
20120426	973.9	987.1	973.2	984.7
20120427	988.2	991.4	979.3	989.5
20120430	988.9	989.3	978.7	981.7
20120501	981.8	996.9	978.1	983.1
20120502	978.5	989.1	976.1	986.3
20120503	985.1	986.7	967.8	970
20120504	964.5	965.4	951.8	952.6
20120507	953.3	961.1	953.1	959.9
20120508	952.2	958.2	939.2	957
20120509	946.4	958.1	940	952.5
20120510	960.4	961.5	950.8	956.4
20120511	947.2	963.4	946.9	955.3
20120514	944.9	951	939.5	941.5
20120515	944	949.3	936.5	939
20120516	942.4	949	930.5	930.8
20120517	931.3	931.9	905.1	905.5
20120518	907.7	912.9	893.1	893.4
20120521	897.7	917	893.3	916.3
20120522	918.5	926.5	913	917.2
20120523	910.1	925.4	904.3	923.4
20120524	925.2	930.7	916.4	930
20120525	928.2	930.1	922.6	924.4
20120529	933	940	927.7	938.8
20120530	928.3	929.3	916.4	916.8
20120531	918.7	921.8	904.6	916.9
20120601	898.4	901.9	885.9	887.1
20120604	889.4	891.8	872.8	879.1
20120605	877.9	895.6	877.1	895.3
20120606	901.5	914.7	899.3	914.4
20120607	926.2	927.2	908.6	912.3
20120608	908.3	919.8	902.2	919.1
20120611	926.1	927.3	897.5	898
20120612	903	911.7	896.4	911.7
20120613	906.4	910.4	892.9	896.5
20120614	897.6	906.4	894.1	904.8
20120615	905.4	914.6	903.2	912.1
20120618	906.6	922.3	903.6	921.2
20120619	924.8	934.2	922.9	928.7
20120620	930	935	922.9	929.1
20120621	928.8	930.1	901.7	902.1
20120622	907.4	910.7	902.1	905.8
20120625	895.4	896.4	886.9	891
20120626	893.9	900.9	887.2	899
20120627	900.8	908	897.4	906.3
20120628	898.5	910	894.3	908.2
20120629	928.1	937.7	923.5	935
20120702	938.6	942.5	932.1	938.9
20120703	941.5	953.7	941.1	953.3
20120705	951.9	955.4	944.9	951.8
20120706	942.8	943.9	935.6	941.4
20120709	939.8	940.9	932.6	939.5
20120710	943.6	945.1	923	927
20120711	927.5	930.9	918.4	923.5
20120712	917.2	925.5	909.3	921.9
20120713	924.8	937	924.2	935.8
20120716	933.5	934	924.5	930
20120717	935.1	937	921.1	936.5
20120718	933	945.5	932.1	942
20120719	945.8	947.6	939.3	942.5
20120720	935	939.4	932.1	933.4
20120723	916.9	923.2	910.3	920.8
20120724	922.9	923	901.8	905
20120725	910.4	915	904.4	909.1
20120726	923.2	927.3	915.1	922.8
20120727	928.3	946.3	925.2	945.4
20120730	943.3	946.9	936.8	939.1
20120731	938.2	942.6	930.8	934.1
20120801	937.1	940.3	923.5	924.7
20120802	915.8	926.6	912.7	921
20120803	934.2	941.8	933.1	938.3
20120806	939.7	946.9	939	943.5
20120807	949.3	957.6	947.9	951.7
20120808	948.6	955.1	948.4	952
20120809	952.5	958.2	951.5	955.3
20120810	950.7	956.6	948.3	955.7
20120813	954.5	956.6	945.9	954.7
20120814	958.6	959	949.8	953.4
20120815	951.8	959.9	950.5	959.1
20120816	958.8	969.1	956.5	966.7
20120817	968.5	972.7	966.6	971.2
20120820	970.3	972.1	964.7	968.8
20120821	972.6	978.4	967.7	971.1
20120822	968.6	971.7	963.7	968.9
20120823	967.2	967.4	958.9	962.2
20120824	960.5	967.2	957.5	964.5
20120827	969.2	969.8	961.9	964.3
20120828	963.1	970.1	961.1	967.9
20120829	968.6	971.5	964.7	967.3
20120830	963.5	965.6	957	960.9
20120831	969	970.2	956.6	966.3
20120904	967.1	979.8	959.3	979.6
20120905	977.5	978.9	972.5	976
20120906	981.6	997.2	980.9	994.7
20120907	996.7	1002.7	994.8	1000
20120910	998	1001.2	993.2	993.5
20120911	995.6	999.7	993.7	993.8
20120912	999.1	1003.4	995.6	1002.8
20120913	1002.5	1014.5	996.3	1010.5
20120914	1015	1025.8	1014	1023
20120917	1018.6	1020	1010.6	1011.5
20120918	1009.7	1010	1003.2	1006.2
20120919	1008	1010.4	1004	1007.9
20120920	1002.8	1003.2	996.3	1002.5
20120921	1007.9	1010	1000.6	1001.4
20120924	997.5	1003.2	996	1000.5
20120925	1003.9	1004.4	983.3	986.3
20120926	985.1	986.5	973	976
20120927	980.1	990.3	977.7	987.6
20120928	983.8	988.3	979	984.9
20121001	988.6	989.7	973.1	978.5
20121002	982.5	985.8	978.3	984.6
20121003	986	988.4	978.8	983.1
20121004	986.8	993.8	982.4	992.1
20121005	997.1	1001.2	990	991.2
20121008	987.5	992.2	985.4	988.6
20121009	987.9	989.8	977.3	979.3
20121010	979.4	980.2	972	973.8
20121011	981.1	985.2	977.7	978.5
20121012	978.4	980.2	969.5	971
20121015	974.4	980.9	968.7	980.1
20121016	984	990.9	982.9	990.1
20121017	990.6	1000.4	989.3	999.6
20121018	996.8	1000.1	992.9	996.2
20121019	993.5	994.4	979.8	980.8
20121022	981.8	984.5	975	983
20121023	970.8	977.3	962.6	974.9
20121024	978.7	980.1	969.9	972.5
20121025	977.3	980.4	965.6	974.9
20121026	973.8	976.8	963.9	971.4
20121031	971.6	976.5	967.4	976.5
20121101	977.2	999.9	972.5	998.6
20121102	1002.6	1003	981.7	981.9
20121105	983.2	990.7	980.3	990.2
20121106	993	1001.1	991.2	999.1
20121107	987.9	988.7	972.5	974.9
20121108	976.6	979.1	962.8	964
20121109	959.5	973.5	959.3	966.9
20121112	968.9	969.5	963.2	966.4
20121113	960.1	970.7	958.3	961.6
20121114	964.5	966.5	944	945.7
20121115	945	949.8	937	942.8
20121116	942.8	950.9	937	950.5
20121119	959.1	968.7	957.4	966.9
20121120	965.6	974.1	964.4	973.7
20121121	973.2	977	969.8	975.8
20121123	979.5	987.6	979.1	987
20121126	983.3	987.6	979.7	985.7
20121127	985.2	989.3	982.6	984.2
20121128	979.7	991.3	972.7	990.5
20121129	996.9	999.7	990.6	999.3
20121130	999.6	999.8	993.7	997.8
20121203	1004	1004.3	992.2	994.7
20121204	995	998.1	990	995.1
20121205	998.3	1000.8	989.1	998.2
20121206	996.8	1001.4	995.2	999.2
20121207	1002.5	1003.1	996.6	999.6
20121210	1000.3	1008.1	999.1	1008
20121211	1011.1	1013.5	1007.7	1012.9
20121212	1014.1	1015.8	1007.5	1009.7
20121213	1009.6	1012	1000.2	1001.2
20121214	1001.8	1004.3	999	1001.6
20121217	1001.9	1010.8	1001.2	1010.6
20121218	1011.4	1024.3	1009.7	1023.7
20121219	1025	1027.6	1019.5	1024
20121220	1023.6	1029.9	1020.5	1029.3
20121221	1014.6	1023.3	1012.7	1020.9
20121224	1017.8	1019.5	1015.6	1017.9
20121226	1020.4	1021.1	1007.5	1007.7
20121227	1011.7	1013.1	998.4	1006.4
20121228	1003.5	1009.2	994.5	995
20121231	1001	1020.7	998.1	1018.1
20130102	1042.8	1045.9	1034.1	1044.6
20130103	1044.8	1051.9	1042.9	1047
20130104	1049.7	1054.7	1044.8	1050
20130107	1049.7	1052.5	1047.8	1051.6
20130108	1049.3	1052.2	1044.1	1049.5
20130109	1051.2	1055	1050.3	1054.7
20130110	1059.7	1060.7	1050.6	1056.4
20130111	1056.5	1057.6	1051.4	1055.7
20130114	1053.9	1059.3	1053.5	1055.7
20130115	1051.5	1063	1051.4	1061.5
20130116	1060.4	1062.1	1057.2	1059.4
20130117	1063.7	1070.9	1063.1	1070.7
