20080905	5.23142	5.25091	5.19623	5.22573
20080908	5.20093	5.30573	5.16688	5.27773
20080909	5.27583	5.30743	5.24128	5.27503
20080910	5.27643	5.32833	5.25913	5.32599
20080911	5.32572	5.37063	5.3251	5.32653
20080912	5.31983	5.33522	5.23833	5.24373
20080915	5.20684	5.29313	5.14853	5.23293
20080916	5.23118	5.29593	5.21842	5.27467
20080917	5.27532	5.29773	5.18525	5.20583
20080918	5.20503	5.22365	5.12973	5.19863
20080919	5.19863	5.27129	5.14423	5.15603
20080922	5.14683	5.16513	5.01753	5.04863
20080923	5.04963	5.10153	5.03143	5.09163
20080924	5.09163	5.10523	5.05853	5.10153
20080925	5.10103	5.12273	5.05093	5.10533
20080926	5.10593	5.1254	5.08178	5.10393
20080929	5.12463	5.21573	5.11849	5.16663
20080930	5.16733	5.32543	5.16712	5.29376
20081001	5.29376	5.33793	5.26293	5.32493
20081002	5.32533	5.42549	5.31563	5.39713
20081003	5.39573	5.44403	5.36393	5.41543
20081006	5.45643	5.54853	5.44133	5.52383
20081007	5.52593	5.5337	5.42949	5.49203
20081008	5.49113	5.51003	5.41813	5.45573
20081009	5.45493	5.48648	5.40643	5.47283
20081010	5.47323	5.61993	5.4539	5.55488
20081013	5.48865	5.53725	5.44615	5.48925
20081014	5.4862	5.4904	5.41235	5.47165
20081015	5.47145	5.52565	5.44467	5.51786
20081016	5.52246	5.58261	5.50425	5.53665
20081017	5.53545	5.56625	5.51135	5.55641
20081020	5.54794	5.60955	5.50823	5.58445
20081021	5.58505	5.70975	5.57892	5.70533
20081022	5.70778	5.84208	5.69843	5.79765
20081023	5.79441	5.85565	5.76456	5.765
20081024	5.76437	5.97055	5.73258	5.90252
20081027	5.93378	6.04315	5.89144	5.96545
20081028	5.96585	6.04645	5.84888	5.87721
20081029	5.87844	5.90225	5.7319	5.74195
20081030	5.74415	5.81407	5.59992	5.76587
20081031	5.76605	5.87773	5.76025	5.84904
20081103	5.83861	5.90975	5.77208	5.88603
20081104	5.88819	5.94215	5.70195	5.73127
20081105	5.7295	5.81545	5.67415	5.74415
20081106	5.74415	5.87113	5.74395	5.85409
20081107	5.85294	5.8827	5.79261	5.85406
20081110	5.8055	5.85395	5.76039	5.83965
20081111	5.84005	5.94996	5.81579	5.94347
20081112	5.94493	5.97154	5.89098	5.95551
20081113	5.95503	6.01129	5.79235	5.83069
20081114	5.83505	5.92259	5.80475	5.90698
20081117	5.93955	5.9503	5.84502	5.88789
20081118	5.88803	5.92685	5.86525	5.90276
20081119	5.90294	5.9697	5.81508	5.96731
20081120	5.96675	5.99155	5.91613	5.98155
20081121	5.98305	5.99731	5.89685	5.92115
20081124	5.91905	5.92986	5.75365	5.75365
20081125	5.75543	5.82135	5.69805	5.70429
20081126	5.70363	5.8128	5.70128	5.7846
20081127	5.78465	5.79359	5.74488	5.77355
20081128	5.77325	5.88973	5.75005	5.86792
20081201	5.85942	5.92003	5.85504	5.90713
20081202	5.90739	5.92949	5.83435	5.85591
20081203	5.85885	5.91095	5.84482	5.85734
20081204	5.85771	5.93673	5.79751	5.82113
20081205	5.82963	5.89905	5.81924	5.85407
20081208	5.85025	5.85625	5.74426	5.74918
20081209	5.75036	5.8204	5.72959	5.7626
20081210	5.76305	5.77295	5.69905	5.72019
20081211	5.71953	5.72884	5.55614	5.5777
20081212	5.58	5.62163	5.55275	5.57217
20081215	5.57185	5.57189	5.42874	5.44226
20081216	5.43879	5.46595	5.27025	5.30966
20081217	5.31295	5.31783	5.16005	5.16538
20081218	5.16604	5.25175	5.06894	5.22975
20081219	5.22758	5.38905	5.20575	5.35656
20081222	5.34685	5.36196	5.27658	5.34536
20081223	5.34406	5.35415	5.31585	5.34609
20081224	5.35119	5.35261	5.31342	5.31892
20081225	5.31892	5.31892	5.31892	5.31892
20081226	5.29779	5.31368	5.27678	5.31028
20081229	5.29368	5.35102	5.18705	5.34799
20081230	5.34664	5.34664	5.23955	5.30156
20081231	5.3001	5.37895	5.26665	5.32628
20090102	5.36918	5.38175	5.32485	5.35015
20090105	5.35395	5.49809	5.3336	5.46185
20090106	5.46256	5.59795	5.45302	5.50513
20090107	5.50655	5.54805	5.42042	5.45965
20090108	5.45838	5.50543	5.40531	5.43851
20090109	5.4399	5.55575	5.41809	5.53571
20090112	5.52915	5.6076	5.52915	5.57662
20090113	5.5765	5.67065	5.57183	5.65202
20090114	5.65266	5.69001	5.58685	5.64806
20090115	5.64956	5.71954	5.62595	5.67985
20090116	5.67845	5.68128	5.58346	5.61065
20090119	5.58465	5.70139	5.56586	5.70074
20090120	5.70026	5.79437	5.68534	5.77196
20090121	5.7742	5.80925	5.69666	5.72125
20090122	5.71971	5.77325	5.69595	5.73174
20090123	5.73218	5.83693	5.71768	5.74735
20090126	5.7442	5.79405	5.64264	5.65124
20090127	5.6514	5.68098	5.59055	5.66255
20090128	5.66348	5.68595	5.59089	5.65841
20090129	5.65945	5.76125	5.65345	5.75129
20090130	5.75151	5.8398	5.74835	5.81701
20090202	5.83423	5.86549	5.77815	5.80354
20090203	5.80336	5.8217	5.7074	5.71317
20090204	5.7131	5.81525	5.7003	5.79799
20090205	5.79731	5.83804	5.77345	5.82387
20090206	5.82455	5.8448	5.73449	5.75565
20090209	5.7445	5.7875	5.69117	5.73077
20090210	5.72875	5.81684	5.69905	5.77052
20090211	5.77142	5.80561	5.73275	5.77338
20090212	5.77316	5.85769	5.75673	5.79393
20090213	5.79303	5.81191	5.75713	5.79287
20090216	5.82895	5.85467	5.80995	5.82056
20090217	5.82038	5.93165	5.819	5.92182
20090218	5.92135	5.95368	5.89459	5.9452
20090219	5.94633	5.9468	5.83813	5.87808
20090220	5.87832	5.93223	5.78417	5.80641
20090223	5.81453	5.86955	5.73399	5.86855
20090224	5.86918	5.88345	5.78525	5.79934
20090225	5.79998	5.86997	5.77495	5.85407
20090226	5.85507	5.87403	5.81496	5.8459
20090227	5.84665	5.91075	5.84231	5.88134
20090302	5.89668	5.93775	5.89452	5.92403
20090303	5.92474	5.95035	5.87675	5.93075
20090304	5.93004	5.97987	5.88373	5.88433
20090305	5.88524	5.96911	5.88319	5.94097
20090306	5.94097	5.94454	5.84115	5.88862
20090309	5.8878	5.93349	5.85414	5.90707
20090310	5.90684	5.92217	5.80992	5.87372
20090311	5.87395	5.90428	5.79022	5.80307
20090312	5.80384	5.85327	5.75735	5.77335
20090313	5.7725	5.79557	5.75197	5.7661
20090316	5.786	5.80865	5.70345	5.74867
20090317	5.74801	5.76374	5.71977	5.72576
20090318	5.7251	5.73783	5.51905	5.5268
20090319	5.52625	5.55325	5.42325	5.45209
20090320	5.45154	5.51205	5.42775	5.48634
20090323	5.4706	5.52472	5.42373	5.46441
20090324	5.46421	5.54515	5.44646	5.53039
20090325	5.53125	5.55053	5.45648	5.48311
20090326	5.48214	5.51955	5.4605	5.50653
20090327	5.5067	5.61804	5.47992	5.60415
20090330	5.6054	5.67865	5.6054	5.64266
20090331	5.64245	5.65315	5.58176	5.62049
20090401	5.6208	5.6565	5.60541	5.62103
20090402	5.62099	5.63228	5.50943	5.53265
20090403	5.53115	5.57235	5.51845	5.52386
20090406	5.51225	5.57472	5.48315	5.5502
20090407	5.55059	5.63163	5.54967	5.61351
20090408	5.61267	5.66595	5.59697	5.60965
20090409	5.60958	5.66526	5.58612	5.65728
20090410	5.65833	5.68988	5.64763	5.64787
20090413	5.64595	5.67449	5.56199	5.57195
20090414	5.57204	5.63167	5.56657	5.61736
20090415	5.61736	5.66605	5.6021	5.63145
20090416	5.63149	5.67371	5.61383	5.64902
20090417	5.6491	5.72205	5.64381	5.71063
20090420	5.70481	5.77989	5.70304	5.76402
20090421	5.76465	5.77525	5.73218	5.75401
20090422	5.75274	5.78056	5.71282	5.72683
20090423	5.72665	5.73813	5.65905	5.66682
20090424	5.66725	5.68005	5.60015	5.62515
20090427	5.62305	5.7297	5.62265	5.71483
20090428	5.71422	5.74495	5.65635	5.66403
20090429	5.66354	5.67535	5.58222	5.6109
20090430	5.61073	5.64585	5.56405	5.62976
20090501	5.63052	5.63558	5.58791	5.61304
20090504	5.6129	5.63676	5.54735	5.55547
20090505	5.55531	5.60665	5.54198	5.58675
20090506	5.58829	5.62245	5.56855	5.58572
20090507	5.58553	5.62065	5.52969	5.56304
20090508	5.56394	5.58226	5.45565	5.45995
20090511	5.45705	5.49385	5.44905	5.48388
20090512	5.48406	5.49105	5.43365	5.45663
20090513	5.45545	5.48806	5.42763	5.4756
20090514	5.4758	5.50624	5.4492	5.45937
20090515	5.45925	5.53035	5.45547	5.51636
20090518	5.5212	5.54591	5.48901	5.48978
20090519	5.49005	5.50259	5.44785	5.46208
20090520	5.4628	5.48185	5.38347	5.40325
20090521	5.40288	5.42355	5.34735	5.3591
20090522	5.35853	5.35988	5.29893	5.31841
20090525	5.3059	5.33415	5.29965	5.31205
20090526	5.31279	5.37165	5.30985	5.32266
20090527	5.32312	5.38444	5.3169	5.38253
20090528	5.38222	5.39591	5.32345	5.33965
20090529	5.33875	5.34607	5.25462	5.25861
20090601	5.26368	5.28045	5.22585	5.25775
20090602	5.25725	5.27954	5.19509	5.20506
20090603	5.20607	5.27775	5.19285	5.25758
20090604	5.259	5.28721	5.22939	5.25256
20090605	5.25152	5.34472	5.21924	5.32982
20090608	5.3365	5.39304	5.31838	5.35868
20090609	5.3564	5.37475	5.27974	5.29342
20090610	5.29229	5.35024	5.26429	5.33838
20090611	5.32543	5.34025	5.25156	5.27743
20090612	5.27725	5.33964	5.26946	5.31212
20090615	5.32235	5.412	5.31748	5.39427
20090616	5.39564	5.41455	5.34259	5.3796
20090617	5.38019	5.39115	5.3225	5.33838
20090618	5.33815	5.36603	5.31645	5.35457
20090619	5.35417	5.36183	5.31205	5.33895
20090622	5.33502	5.38374	5.3325	5.3683
20090623	5.36901	5.38225	5.27615	5.28745
20090624	5.28817	5.35985	5.26475	5.34424
20090625	5.3447	5.36067	5.31344	5.32356
20090626	5.32415	5.32508	5.27394	5.29605
20090629	5.29174	5.32521	5.27976	5.28741
20090630	5.28892	5.31825	5.26125	5.30636
20090701	5.30545	5.31815	5.24315	5.26395
20090702	5.26429	5.32195	5.25985	5.3166
20090703	5.3166	5.34405	5.30725	5.32534
20090706	5.33421	5.36478	5.31864	5.32465
20090707	5.32537	5.35545	5.29955	5.34915
20090708	5.35041	5.38315	5.34235	5.36385
20090709	5.36385	5.37324	5.29142	5.31132
20090710	5.31155	5.36528	5.30775	5.3416
20090713	5.3369	5.35695	5.31731	5.32615
20090714	5.32587	5.3516	5.31218	5.33015
20090715	5.33034	5.33175	5.26705	5.27714
20090716	5.27649	5.29695	5.25687	5.26235
20090717	5.26105	5.2939	5.2609	5.2787
20090720	5.28043	5.28043	5.22534	5.23206
20090721	5.23275	5.25705	5.21515	5.23401
20090722	5.23422	5.25945	5.22193	5.2357
20090723	5.23478	5.26655	5.20875	5.26273
20090724	5.26247	5.26621	5.22266	5.23899
20090727	5.23232	5.25207	5.20653	5.23075
20090728	5.23005	5.26845	5.20445	5.25481
20090729	5.25452	5.31455	5.24391	5.2983
20090730	5.29886	5.31405	5.28185	5.28985
20090731	5.28985	5.29375	5.21435	5.22235
20090803	5.21875	5.24135	5.15355	5.16508
20090804	5.164	5.18169	5.15821	5.16731
20090805	5.16731	5.18595	5.15268	5.16818
20090806	5.16854	5.19513	5.15825	5.18895
20090807	5.18806	5.25915	5.16425	5.24829
20090810	5.24945	5.27795	5.23565	5.24465
20090811	5.26485	5.27575	5.24795	5.2612
20090812	5.26065	5.28465	5.22472	5.24465
20090813	5.24523	5.24848	5.19575	5.20853
20090814	5.20999	5.25615	5.20308	5.24005
20090817	5.29168	5.29905	5.28025	5.28557
20090818	5.28538	5.29067	5.26055	5.26564
20090819	5.26675	5.28455	5.21644	5.23254
20090820	5.23254	5.24155	5.21375	5.22155
20090821	5.2206	5.23855	5.17685	5.19415
20090824	5.19125	5.21159	5.1825	5.20278
20090825	5.20281	5.22235	5.18164	5.20579
20090826	5.20558	5.23845	5.18537	5.22103
20090827	5.22036	5.23385	5.1691	5.18951
20090828	5.18907	5.21115	5.17254	5.20333
20090831	5.19912	5.22055	5.18035	5.19235
20090901	5.19223	5.24965	5.17635	5.23263
20090902	5.23325	5.24515	5.20644	5.21719
20090903	5.21745	5.22825	5.1876	5.2223
20090904	5.22215	5.24495	5.19481	5.20496
20090907	5.20277	5.20455	5.18225	5.19308
20090908	5.19217	5.19445	5.12066	5.14015
20090909	5.14015	5.145	5.09784	5.11222
20090910	5.11289	5.13256	5.09375	5.10793
20090911	5.1047	5.11395	5.08543	5.10793
20090914	5.09651	5.1275	5.0796	5.0915
20090915	5.0909	5.11112	5.06747	5.07692
20090916	5.07658	5.08025	5.04911	5.05758
20090917	5.05758	5.06585	5.03935	5.04705
20090918	5.04735	5.07985	5.04547	5.05697
20090921	5.05894	5.09235	5.05681	5.06785
20090922	5.06798	5.07109	5.02025	5.03155
20090923	5.03039	5.05225	5.01299	5.04971
20090924	5.04971	5.08685	5.02725	5.07329
20090925	5.07488	5.09165	5.0532	5.06479
20090928	5.0625	5.10885	5.0549	5.09001
20090929	5.09036	5.12385	5.08145	5.10211
20090930	5.10337	5.10715	5.07255	5.08512
20091001	5.08585	5.12766	5.07437	5.11721
20091002	5.11845	5.14115	5.08154	5.107
20091005	5.09555	5.10515	5.07411	5.08107
20091006	5.08177	5.0819	5.04225	5.05585
20091007	5.05628	5.08025	5.05058	5.06535
20091008	5.06673	5.06915	5.02367	5.03173
20091009	5.03195	5.07235	5.03065	5.05385
20091012	5.05466	5.07135	5.02479	5.03818
20091013	5.03845	5.04215	5.00367	5.00983
20091014	5.01065	5.01575	4.98027	4.98817
20091015	4.98602	5.01475	4.97307	4.97919
20091016	4.98002	5.01315	4.97285	4.99409
20091019	5.00262	5.01995	4.97315	4.97365
20091020	4.97325	5.00135	4.96375	4.98025
20091021	4.9817	4.99015	4.94634	4.95634
20091022	4.95661	4.98085	4.94905	4.95115
20091023	4.95345	4.96646	4.94185	4.95916
20091026	4.96325	5.01367	4.94106	5.00335
20091027	5.00419	5.03885	4.98601	5.02735
20091028	5.02819	5.06595	5.01482	5.06095
20091029	5.06001	5.06855	5.00887	5.01985
20091030	5.02015	5.06125	5.00905	5.05435
20091102	5.05605	5.06848	5.01275	5.03685
20091103	5.03789	5.08775	5.02417	5.054
20091104	5.05451	5.06125	4.99086	5.00633
20091105	5.00518	5.02405	4.98794	5.00292
20091106	5.00395	5.02355	4.98943	5.01225
20091109	4.99965	5.01005	4.95385	4.96015
20091110	4.96098	5.00161	4.95359	5.00161
20091111	4.96375	4.97563	4.94435	4.9646
20091112	4.96529	5.01977	4.95485	5.01063
20091113	5.01148	5.01885	4.98075	4.99178
20091116	4.9919	5.0005	4.95475	4.97023
20091117	4.96973	5.02451	4.96012	5.00161
20091118	5.00178	5.00701	4.96295	4.97193
20091119	4.97309	5.01295	4.97113	4.98455
20091120	4.98525	5.02735	4.98175	5.00661
20091123	5.00523	5.00968	4.96075	4.97336
20091124	4.97363	4.99775	4.96429	4.9709
20091125	4.97165	4.97525	4.9132	4.91566
20091126	4.91536	4.97442	4.91375	4.95444
20091127	4.95609	5.01859	4.95457	4.96559
20091130	4.95696	4.97302	4.93338	4.95894
20091201	4.95927	4.97035	4.92254	4.93455
20091202	4.93366	4.95015	4.92505	4.94615
20091203	4.94565	4.94707	4.91445	4.94205
20091204	4.94595	5.02015	4.93075	5.00849
20091207	5.0094	5.04255	4.99245	5.01834
20091208	5.0183	5.06843	5.005	5.06142
20091209	5.06127	5.07149	5.03375	5.05266
20091210	5.05235	5.12078	5.04145	5.05156
20091211	5.05105	5.10185	5.03615	5.09046
20091214	5.08845	5.09731	5.06735	5.07686
20091215	5.07545	5.13045	5.0744	5.11814
20091216	5.11934	5.1298	5.09995	5.12078
20091217	5.1193	5.20215	5.11888	5.1899
20091218	5.18987	5.21768	5.16402	5.18735
20091221	5.19775	5.21524	5.17703	5.21254
20091222	5.21261	5.23415	5.19215	5.22228
20091223	5.22227	5.22857	5.18098	5.19085
20091224	5.19281	5.19668	5.1628	5.175
20091228	5.1709	5.18547	5.16345	5.1753
20091229	5.17507	5.19215	5.14645	5.18398
20091230	5.18405	5.21285	5.18135	5.18925
20091231	5.18962	5.20132	5.15285	5.19431
20100104	5.2022	5.21915	5.14711	5.1628
20100105	5.16351	5.18656	5.13735	5.18005
20100106	5.17955	5.20995	5.15432	5.16317
20100107	5.16281	5.20346	5.14982	5.19995
20100108	5.19867	5.21645	5.15276	5.16256
20100111	5.15645	5.16375	5.11106	5.12648
20100112	5.12525	5.14775	5.11478	5.13525
20100113	5.13469	5.14633	5.10305	5.12684
20100114	5.12715	5.15065	5.11105	5.13185
20100115	5.13146	5.19044	5.12676	5.17215
20100118	5.18271	5.19105	5.16755	5.17297
20100119	5.17351	5.22105	5.16235	5.20812
20100120	5.2081	5.28515	5.20503	5.27581
20100121	5.27555	5.30466	5.26178	5.28343
20100122	5.28315	5.29048	5.24974	5.26565
20100125	5.25835	5.26935	5.24433	5.26067
20100126	5.26099	5.30185	5.25016	5.29045
20100127	5.29015	5.31609	5.28123	5.30906
20100128	5.30934	5.33765	5.29772	5.32788
20100129	5.32819	5.37055	5.32185	5.37035
20100201	5.36875	5.37416	5.34135	5.34419
20100202	5.34405	5.36165	5.32727	5.33124
20100203	5.33067	5.36055	5.3075	5.35718
20100204	5.35861	5.42456	5.35398	5.42417
20100205	5.42383	5.47955	5.41509	5.44219
20100208	5.45228	5.46545	5.42795	5.45355
20100209	5.45363	5.45575	5.37916	5.39559
20100210	5.39646	5.44305	5.39005	5.41953
20100211	5.41893	5.47555	5.39435	5.43644
20100212	5.43678	5.50105	5.43565	5.4612
20100215	5.46455	5.48176	5.45956	5.47375
20100216	5.47351	5.47698	5.4011	5.40513
20100217	5.40449	5.47723	5.39764	5.47106
20100218	5.47245	5.50856	5.45223	5.50176
20100219	5.50318	5.53305	5.46449	5.46706
20100222	5.45825	5.48345	5.45025	5.47448
20100223	5.47328	5.51395	5.4356	5.50967
20100224	5.50804	5.51168	5.46145	5.49728
20100225	5.49591	5.53285	5.48586	5.49268
20100226	5.49252	5.49995	5.43883	5.4604
20100301	5.46302	5.52813	5.45048	5.48801
20100302	5.48789	5.53587	5.46302	5.46565
20100303	5.46618	5.47486	5.41767	5.43322
20100304	5.43282	5.49149	5.42685	5.47933
20100305	5.47855	5.50015	5.45948	5.4629
20100308	5.45805	5.4692	5.43026	5.45807
20100309	5.45847	5.49674	5.45711	5.47036
20100310	5.47036	5.4933	5.43937	5.44827
20100311	5.44887	5.4606	5.43598	5.4385
20100312	5.43991	5.44325	5.39325	5.40419
20100315	5.4008	5.45555	5.4003	5.44065
20100316	5.4424	5.44905	5.39786	5.40489
20100317	5.40405	5.42045	5.38409	5.41584
20100318	5.41564	5.47625	5.41446	5.46764
20100319	5.46664	5.51015	5.45995	5.49914
20100322	5.49595	5.52605	5.48323	5.48741
20100323	5.48826	5.52115	5.4829	5.51155
20100324	5.51094	5.58871	5.50856	5.58808
20100325	5.58913	5.60826	5.5583	5.60654
20100326	5.6051	5.60808	5.54311	5.5494
20100329	5.52167	5.54515	5.50949	5.52015
20100330	5.52046	5.55746	5.49764	5.55039
20100331	5.55084	5.56253	5.49445	5.50996
20100401	5.51041	5.53049	5.47801	5.47906
20100402	5.48056	5.52507	5.47795	5.51333
20100405	5.51546	5.53137	5.49953	5.52159
20100406	5.52179	5.57345	5.5163	5.5551
20100407	5.55514	5.58562	5.55131	5.57763
20100408	5.57763	5.6044	5.5683	5.57037
20100409	5.56975	5.57876	5.51328	5.51367
20100412	5.45503	5.48625	5.43613	5.47604
20100413	5.47564	5.49466	5.46175	5.46737
20100414	5.46866	5.47385	5.44152	5.45078
20100415	5.45185	5.50455	5.44539	5.48303
20100416	5.48182	5.52365	5.47826	5.51176
20100419	5.52418	5.54709	5.51306	5.51675
20100420	5.51735	5.54167	5.50411	5.53925
20100421	5.53835	5.57091	5.53399	5.55765
20100422	5.55761	5.60525	5.54445	5.59743
20100423	5.59954	5.63675	5.55429	5.56115
20100426	5.57637	5.59888	5.55475	5.56035
20100427	5.55655	5.652	5.54657	5.64824
20100428	5.6497	5.67432	5.60945	5.62855
20100429	5.63105	5.64385	5.6041	5.62355
20100430	5.62529	5.62765	5.57779	5.59803
20100503	5.57825	5.65765	5.57723	5.64005
20100504	5.64105	5.7332	5.63215	5.72998
20100505	5.73065	5.81284	5.72693	5.80763
20100506	5.81535	5.94357	5.7887	5.89707
20100507	5.88681	5.91345	5.8156	5.83592
20100510	5.76171	5.83235	5.68327	5.81999
20100511	5.82003	5.878	5.81271	5.87605
20100512	5.8808	5.90295	5.84125	5.89793
20100513	5.89811	5.94203	5.86531	5.93421
20100514	5.93296	6.02145	5.91505	6.01884
20100517	6.02745	6.08089	5.99295	6.00191
20100518	6.00118	6.11401	5.97839	6.09663
20100519	6.09988	6.12635	5.98877	5.99268
20100520	5.98955	6.05255	5.90742	5.95923
20100521	5.95919	5.9745	5.87334	5.92388
20100524	5.93509	6.02623	5.92293	6.01557
20100525	6.01567	6.10995	6.01533	6.02658
20100526	6.02575	6.11489	6.00525	6.10953
20100527	6.1092	6.121	6.00179	6.01805
20100528	6.01335	6.06548	5.97405	6.06161
20100531	6.06445	6.06752	6.03109	6.04504
20100601	6.0443	6.14185	6.0238	6.08206
20100602	6.08333	6.11055	6.06155	6.07418
20100603	6.07258	6.12265	6.03605	6.11785
20100604	6.11727	6.22111	6.09092	6.2139
20100607	6.23564	6.26268	6.20205	6.23725
20100608	6.239	6.24865	6.19349	6.21242
20100609	6.21424	6.23778	6.16095	6.20977
20100610	6.20817	6.22116	6.12615	6.13533
20100611	6.1387	6.17455	6.12105	6.14064
20100614	6.13138	6.13822	6.04665	6.08485
20100615	6.08421	6.11146	6.02234	6.0303
20100616	6.03128	6.06925	6.01985	6.04225
20100617	6.04265	6.07655	5.99255	6.00437
20100618	6.00655	6.02185	5.99125	6.00465
20100621	5.97393	6.0471	5.96732	6.04318
20100622	6.04089	6.07374	6.02327	6.06475
20100623	6.06627	6.09551	6.02905	6.0447
20100624	6.04559	6.06944	6.00742	6.03365
20100625	6.03125	6.07425	6.00508	6.01774
20100628	6.01526	6.07021	6.00383	6.06435
20100629	6.06495	6.12973	6.05765	6.11198
20100630	6.11207	6.12213	6.05395	6.08665
20100701	6.0885	6.10835	5.93955	5.9475
20100702	5.94605	5.96715	5.90675	5.92959
20100705	5.93346	5.95659	5.93055	5.94305
20100706	5.94329	5.97069	5.88606	5.9029
20100707	5.90386	5.93685	5.88484	5.89761
20100708	5.89947	5.90531	5.86367	5.87056
20100709	5.86987	5.91247	5.85905	5.89697
20100712	5.89915	5.93945	5.89405	5.91832
20100713	5.91937	5.95295	5.85366	5.85959
20100714	5.86005	5.87345	5.83075	5.84595
20100715	5.84638	5.86206	5.75057	5.75305
20100716	5.75415	5.77925	5.72835	5.76264
20100719	5.77365	5.78975	5.73545	5.75788
20100720	5.75705	5.80355	5.71965	5.78505
20100721	5.78351	5.85248	5.77049	5.84263
20100722	5.84255	5.84999	5.76365	5.77925
20100723	5.77925	5.82405	5.74765	5.77095
20100726	5.77807	5.7863	5.73045	5.7349
20100727	5.73405	5.75305	5.71195	5.73315
20100728	5.733	5.74595	5.71285	5.73415
20100729	5.7332	5.74135	5.68395	5.69655
20100730	5.69595	5.73975	5.69035	5.7091
20100802	5.7034	5.70705	5.64575	5.65245
20100803	5.65255	5.66665	5.61745	5.63075
20100804	5.63035	5.67365	5.62685	5.66075
20100805	5.6616	5.67905	5.62935	5.64935
20100806	5.6485	5.66245	5.58795	5.6134
20100809	5.60406	5.63718	5.59887	5.63485
20100810	5.63445	5.69795	5.62916	5.65285
20100811	5.6546	5.79255	5.64945	5.79175
20100812	5.79155	5.82925	5.76075	5.8075
20100813	5.805	5.84333	5.77234	5.84095
20100816	5.8376	5.85015	5.78745	5.80705
20100817	5.80702	5.81701	5.76715	5.78132
20100818	5.78164	5.80885	5.76455	5.79576
20100819	5.79613	5.83295	5.77395	5.80975
20100820	5.80835	5.88315	5.80575	5.86069
20100823	5.8634	5.88965	5.85285	5.88503
20100824	5.88526	5.91738	5.85584	5.89195
20100825	5.89973	5.90665	5.85353	5.88235
20100826	5.88264	5.88595	5.83363	5.85575
20100827	5.85576	5.87425	5.82725	5.83539
20100830	5.83505	5.8814	5.8314	5.87979
20100831	5.88035	5.89685	5.84175	5.87073
20100901	5.87042	5.87825	5.79055	5.81184
20100902	5.81135	5.82665	5.79395	5.80425
20100903	5.80475	5.81205	5.77165	5.77213
20100906	5.77435	5.78645	5.76254	5.78242
20100907	5.78233	5.87215	5.78197	5.87005
20100908	5.87051	5.88075	5.83285	5.85216
20100909	5.85213	5.87831	5.83225	5.8642
20100910	5.86443	5.88797	5.84035	5.87265
20100913	5.8544	5.86039	5.77505	5.77946
20100914	5.77968	5.80365	5.71275	5.72829
20100915	5.72851	5.74715	5.71173	5.72307
20100916	5.72351	5.7384	5.67665	5.69385
20100917	5.69382	5.71933	5.65895	5.70622
20100920	5.69959	5.71565	5.67545	5.70113
20100921	5.70135	5.703	5.61025	5.61565
20100922	5.61575	5.62225	5.54245	5.55685
20100923	5.55675	5.59908	5.55302	5.59523
20100924	5.59544	5.60695	5.51985	5.52151
20100927	5.5238	5.54875	5.51575	5.53715
20100928	5.53775	5.56825	5.48095	5.48473
20100929	5.48473	5.49241	5.45999	5.46788
20100930	5.46768	5.49505	5.44551	5.46555
20101001	5.46545	5.47184	5.40315	5.40346
20101004	5.398	5.45415	5.3973	5.44645
20101005	5.44685	5.46575	5.37825	5.38521
20101006	5.38541	5.40225	5.34415	5.35067
20101007	5.35183	5.37945	5.31415	5.35304
20101008	5.35285	5.38965	5.33185	5.34944
20101011	5.32833	5.37765	5.32045	5.37355
20101012	5.37451	5.41307	5.34998	5.35419
20101013	5.35315	5.35955	5.32515	5.34097
20101014	5.34039	5.34335	5.27975	5.29315
20101015	5.29386	5.34975	5.26595	5.33425
20101018	5.32887	5.39085	5.32755	5.35163
20101019	5.35335	5.43875	5.32515	5.43295
20101020	5.43295	5.44445	5.33035	5.34055
20101021	5.34045	5.37595	5.30805	5.35765
20101022	5.35775	5.38155	5.33735	5.34428
20101025	5.33715	5.35197	5.29645	5.34016
20101026	5.33959	5.39408	5.33359	5.38135
20101027	5.38164	5.43055	5.37425	5.41665
20101028	5.41616	5.41868	5.34789	5.35343
20101029	5.35345	5.40015	5.34573	5.34645
20101101	5.34015	5.37809	5.32185	5.36721
20101102	5.36643	5.37099	5.30333	5.31245
20101103	5.31255	5.32825	5.26555	5.27194
20101104	5.27231	5.28527	5.21905	5.24655
20101105	5.24575	5.31415	5.23104	5.31068
20101108	5.30142	5.36655	5.29125	5.35346
20101109	5.35382	5.41987	5.33434	5.41121
20101110	5.41138	5.45195	5.39105	5.4076
20101111	5.40758	5.46565	5.39235	5.45297
20101112	5.45317	5.49101	5.40995	5.44211
20101115	5.43752	5.49595	5.41985	5.48587
20101116	5.48608	5.54392	5.45839	5.5268
20101117	5.5268	5.53803	5.49512	5.51036
20101118	5.51118	5.51179	5.45405	5.46505
20101119	5.46482	5.47795	5.42895	5.45204
20101122	5.43465	5.49137	5.40734	5.4708
20101123	5.47019	5.57957	5.46805	5.57645
20101124	5.57575	5.61188	5.55435	5.58993
20101125	5.59078	5.61125	5.56872	5.58042
20101126	5.57958	5.64625	5.57896	5.62974
20101129	5.61102	5.70585	5.60345	5.67787
20101130	5.67985	5.74625	5.66715	5.74041
20101201	5.73953	5.74595	5.65321	5.6719
20101202	5.67168	5.70551	5.62514	5.6414
20101203	5.64161	5.64765	5.54495	5.5544
20101206	5.56905	5.62572	5.55135	5.59999
20101207	5.60125	5.62125	5.56099	5.62035
20101208	5.62075	5.65565	5.61245	5.62165
20101209	5.6222	5.66226	5.59625	5.63055
20101210	5.63075	5.65575	5.61215	5.63524
20101213	5.6473	5.65315	5.5488	5.56595
20101214	5.56575	5.5772	5.52185	5.57087
20101215	5.57171	5.64067	5.5694	5.63857
20101216	5.63845	5.6512	5.61627	5.6244
20101217	5.62312	5.67133	5.57585	5.64732
20101220	5.64849	5.68855	5.64807	5.67256
20101221	5.67405	5.69884	5.64263	5.68665
20101222	5.68794	5.69771	5.65316	5.68873
20101223	5.68857	5.70839	5.66605	5.68238
20101224	5.68195	5.69145	5.66765	5.68276
20101227	5.68196	5.70035	5.65817	5.66123
20101228	5.66115	5.6931	5.61471	5.68359
20101229	5.68345	5.69695	5.63015	5.63596
20101230	5.63615	5.64001	5.59807	5.6087
20101231	5.60875	5.61085	5.55163	5.57341
20110103	5.58432	5.62398	5.5638	5.5784
20110104	5.57861	5.60675	5.5476	5.60028
20110105	5.6005	5.67741	5.59304	5.66718
20110106	5.66589	5.73189	5.65809	5.72965
20110107	5.72945	5.77194	5.72165	5.77127
20110110	5.78448	5.78585	5.74558	5.75105
20110111	5.75135	5.77288	5.73339	5.74255
20110112	5.74273	5.74711	5.66704	5.67282
20110113	5.67361	5.69115	5.56605	5.57419
20110114	5.5744	5.59449	5.53535	5.56387
20110117	5.56524	5.62475	5.56519	5.60393
20110118	5.60345	5.62105	5.53235	5.56453
20110119	5.56495	5.57285	5.50328	5.53005
20110120	5.53005	5.56245	5.50995	5.53068
20110121	5.53109	5.54055	5.46997	5.47189
20110124	5.46335	5.5037	5.44584	5.46505
20110125	5.46494	5.49139	5.43965	5.44754
20110126	5.44675	5.46319	5.43135	5.43495
20110127	5.4346	5.46515	5.41632	5.42717
20110128	5.42618	5.48709	5.42215	5.47631
20110131	5.48499	5.49165	5.42505	5.44315
20110201	5.44281	5.44412	5.38493	5.39039
20110202	5.39058	5.41445	5.37755	5.39806
20110203	5.39807	5.47712	5.39155	5.46745
20110204	5.46665	5.50378	5.44897	5.48843
20110207	5.49592	5.51865	5.47095	5.48799
20110208	5.48758	5.49193	5.44585	5.47099
20110209	5.4712	5.47751	5.42456	5.42895
20110210	5.42986	5.49106	5.42729	5.48128
20110211	5.48229	5.52397	5.47375	5.49932
20110214	5.51863	5.55266	5.49925	5.52677
20110215	5.52707	5.53915	5.50254	5.52789
20110216	5.52725	5.53811	5.48695	5.49463
20110217	5.49483	5.5073	5.47366	5.47725
20110218	5.47735	5.50304	5.43496	5.4438
20110221	5.44155	5.46224	5.43554	5.44957
20110222	5.44949	5.51186	5.44015	5.46133
20110223	5.45985	5.46185	5.40695	5.42157
20110224	5.42121	5.43946	5.39349	5.4014
20110225	5.40159	5.43195	5.38665	5.42073
20110228	5.41809	5.4371	5.38115	5.40031
20110301	5.40071	5.41715	5.38115	5.41196
20110302	5.41165	5.42485	5.36755	5.37735
20110303	5.37765	5.38973	5.33559	5.33722
20110304	5.33848	5.34875	5.32338	5.33075
20110307	5.32952	5.34295	5.31235	5.33855
20110308	5.33867	5.37955	5.33075	5.36306
20110309	5.36326	5.38195	5.34902	5.36205
20110310	5.36251	5.41368	5.35547	5.40532
20110311	5.4052	5.42279	5.35935	5.3642
20110314	5.33885	5.36365	5.32598	5.33035
20110315	5.33015	5.38275	5.32255	5.32819
20110316	5.32815	5.37823	5.32661	5.36608
20110317	5.36434	5.37718	5.30729	5.31845
20110318	5.31842	5.33385	5.25707	5.25788
20110321	5.25265	5.27248	5.23625	5.24115
20110322	5.2412	5.25886	5.23315	5.25256
20110323	5.25237	5.29417	5.2458	5.29312
20110324	5.29278	5.30583	5.24387	5.25935
20110325	5.26025	5.30541	5.25325	5.29346
20110328	5.30815	5.31834	5.28244	5.29321
20110329	5.29398	5.30863	5.27007	5.28375
20110330	5.2841	5.30665	5.27125	5.27857
20110331	5.27827	5.28245	5.23895	5.26575
20110401	5.26495	5.30213	5.23415	5.23802
20110404	5.238	5.25338	5.22529	5.24364
20110405	5.24322	5.26928	5.23433	5.24286
20110406	5.24278	5.24814	5.19664	5.20315
20110407	5.20307	5.23541	5.20116	5.21156
20110408	5.21151	5.21763	5.14655	5.14815
20110411	5.14975	5.17098	5.14556	5.16579
20110412	5.1656	5.1868	5.13659	5.15125
20110413	5.1516	5.17429	5.13622	5.16348
20110414	5.1623	5.19185	5.1384	5.14812
20110415	5.1471	5.1822	5.1425	5.16808
20110418	5.1741	5.2677	5.10848	5.23887
20110419	5.2394	5.25069	5.19643	5.20282
20110420	5.2005	5.20504	5.12626	5.1349
20110421	5.1345	5.1408	5.09057	5.12371
20110422	5.1236	5.1307	5.11151	5.12044
20110425	5.12041	5.13391	5.0979	5.11389
20110426	5.1142	5.145	5.08651	5.09128
20110427	5.0917	5.0951	5.0391	5.04165
20110428	5.0421	5.0481	5.0097	5.03101
20110429	5.0311	5.03737	5.01221	5.03548
20110502	5.0309	5.0508	5.0042	5.02827
20110503	5.0283	5.0536	5.00778	5.02958
20110504	5.0289	5.04677	4.99099	5.02896
20110505	5.0319	5.13904	5.00443	5.12649
20110506	5.12684	5.20927	5.11148	5.20757
20110509	5.1882	5.23088	5.16336	5.19074
20110510	5.19113	5.22485	5.17334	5.1744
20110511	5.1747	5.26056	5.16928	5.2534
20110512	5.2527	5.27864	5.2224	5.23421
20110513	5.23319	5.3003	5.19945	5.28126
20110516	5.2897	5.3068	5.23427	5.2671
20110517	5.2663	5.28052	5.23669	5.23737
20110518	5.23687	5.2537	5.2193	5.23389
20110519	5.2336	5.24937	5.2061	5.211
20110520	5.21126	5.27559	5.19841	5.26425
20110523	5.27457	5.33784	5.26945	5.30769
20110524	5.30808	5.3253	5.27595	5.28832
20110525	5.28801	5.32092	5.28145	5.2936
20110526	5.2933	5.29987	5.2484	5.27158
20110527	5.2709	5.27819	5.20465	5.2068
20110530	5.20486	5.2296	5.20465	5.2197
20110531	5.2198	5.22104	5.16915	5.17803
20110601	5.1783	5.20586	5.15615	5.2019
20110602	5.2031	5.2105	5.1362	5.14431
20110603	5.1436	5.15867	5.09119	5.09441
20110606	5.10176	5.1216	5.08579	5.11467
20110607	5.1147	5.11883	5.07399	5.076
20110608	5.0752	5.1202	5.0744	5.114
20110609	5.1128	5.1511	5.08904	5.13976
20110610	5.1401	5.2078	5.12499	5.19733
20110613	5.20576	5.20772	5.16844	5.1751
20110614	5.1744	5.18711	5.14475	5.1649
20110615	5.1655	5.2689	5.16122	5.2594
20110616	5.2616	5.2997	5.24543	5.24773
20110617	5.2503	5.27937	5.20162	5.21261
20110620	5.22242	5.25596	5.18057	5.2148
20110621	5.2143	5.21483	5.1715	5.17574
20110622	5.1737	5.2004	5.16413	5.1943
20110623	5.1948	5.27962	5.19407	5.23144
20110624	5.2316	5.27381	5.2133	5.2551
20110627	5.20952	5.28859	5.20952	5.22091
20110628	5.2201	5.2387	5.18066	5.1897
20110629	5.1896	5.20631	5.16228	5.1673
20110630	5.1666	5.1701	5.13008	5.14223
20110701	5.14305	5.16652	5.12527	5.13382
20110704	5.13121	5.1457	5.11631	5.12515
20110705	5.1307	5.18076	5.12513	5.16901
20110706	5.1707	5.2207	5.15589	5.20796
20110707	5.208	5.2447	5.1884	5.19229
20110708	5.1934	5.25032	5.19015	5.22821
20110711	5.24963	5.33209	5.24195	5.31547
20110712	5.31546	5.38922	5.30336	5.33591
20110713	5.3358	5.34489	5.2539	5.26405
20110714	5.25061	5.28297	5.22087	5.27275
20110715	5.27233	5.29105	5.25204	5.2661
20110718	5.27929	5.3207	5.27183	5.2831
20110719	5.2818	5.29996	5.2444	5.26722
20110720	5.26578	5.27499	5.23545	5.24358
20110721	5.24286	5.27182	5.16337	5.16713
20110722	5.16201	5.2032	5.16201	5.18929
20110725	5.17327	5.20227	5.16948	5.18351
20110726	5.18385	5.19137	5.13085	5.1354
20110727	5.13538	5.19624	5.12683	5.18563
20110728	5.1863	5.22597	5.17413	5.19702
20110729	5.19641	5.23454	5.1689	5.17409
20110801	5.1791	5.25192	5.15434	5.22748
20110802	5.22655	5.2633	5.21487	5.24349
20110803	5.24566	5.26626	5.19224	5.19924
20110804	5.19975	5.28616	5.1819	5.28595
20110805	5.28434	5.2988	5.20915	5.21596
20110808	5.16572	5.27133	5.16037	5.25314
20110809	5.25414	5.26314	5.18156	5.18192
20110810	5.18118	5.26043	5.17313	5.25463
20110811	5.25407	5.28203	5.21079	5.23032
20110812	5.2309	5.26413	5.21172	5.22703
20110815	5.21966	5.22472	5.14561	5.15693
20110816	5.15632	5.18923	5.14734	5.17034
20110817	5.17072	5.20001	5.13136	5.16403
20110818	5.1634	5.21984	5.15484	5.19755
20110819	5.19824	5.2239	5.15328	5.17257
20110822	5.17523	5.19129	5.15989	5.18768
20110823	5.18735	5.1889	5.13763	5.15831
20110824	5.15854	5.1804	5.14389	5.16796
20110825	5.1679	5.19926	5.14632	5.18003
20110826	5.17937	5.1992	5.13716	5.13813
20110829	5.13683	5.14984	5.12057	5.13394
20110830	5.13328	5.17926	5.12583	5.15875
20110831	5.15791	5.18814	5.14934	5.18365
20110901	5.18333	5.23619	5.17707	5.22401
20110902	5.22379	5.25145	5.21362	5.24255
20110905	5.25919	5.29713	5.25432	5.28442
20110906	5.28266	5.32991	5.21073	5.31981
20110907	5.32069	5.32217	5.26286	5.28237
20110908	5.28212	5.36774	5.28096	5.36442
20110909	5.36339	5.46321	5.34294	5.45287
20110912	5.47878	5.51647	5.43742	5.44431
20110913	5.44437	5.49286	5.42065	5.44467
20110914	5.44401	5.47954	5.40278	5.41359
20110915	5.41453	5.43412	5.34355	5.36652
20110916	5.36617	5.41482	5.35956	5.3959
20110919	5.438	5.48061	5.42739	5.44046
20110920	5.43967	5.47805	5.41774	5.43418
20110921	5.43325	5.48984	5.39638	5.48614
20110922	5.48615	5.56244	5.47443	5.52733
20110923	5.52825	5.54572	5.48666	5.51227
20110926	5.5021	5.56944	5.49172	5.49787
20110927	5.49799	5.52032	5.44408	5.47578
20110928	5.47637	5.49912	5.43489	5.49471
20110929	5.49499	5.5044	5.4398	5.47206
20110930	5.47157	5.55961	5.47076	5.55683
20111003	5.57419	5.65149	5.56117	5.64855
20111004	5.64726	5.66085	5.56647	5.57188
20111005	5.57409	5.61211	5.56103	5.57673
20111006	5.57504	5.62057	5.53437	5.53947
20111007	5.53892	5.57133	5.50392	5.56266
20111010	5.55736	5.56452	5.43303	5.45482
20111011	5.45377	5.48646	5.43949	5.45719
20111012	5.45632	5.48047	5.38202	5.39989
20111013	5.39741	5.43987	5.38444	5.40286
20111014	5.40282	5.42481	5.3582	5.36269
20111017	5.3674	5.42425	5.35011	5.41946
20111018	5.41928	5.45299	5.38829	5.41399
20111019	5.41344	5.42423	5.36802	5.41067
20111020	5.41016	5.45161	5.37766	5.40208
20111021	5.40288	5.43251	5.35551	5.35701
20111024	5.37586	5.38589	5.33444	5.34496
20111025	5.34462	5.37543	5.33268	5.35193
20111026	5.35152	5.39389	5.32637	5.35173
20111027	5.35205	5.36835	5.22487	5.24657
20111028	5.24624	5.26536	5.24196	5.2569
20111031	5.25817	5.38048	5.25098	5.3689
20111101	5.36885	5.46778	5.36436	5.43109
20111102	5.42891	5.45622	5.38042	5.41216
20111103	5.41176	5.44824	5.37081	5.38309
20111104	5.38309	5.42734	5.36576	5.39864
20111107	5.38296	5.4401	5.38015	5.40284
20111108	5.40297	5.42369	5.3759	5.38128
20111109	5.38102	5.5038	5.37133	5.49609
20111110	5.49593	5.51985	5.45062	5.46966
20111111	5.46715	5.48062	5.39516	5.41322
20111114	5.38927	5.47578	5.38893	5.45868
20111115	5.45882	5.51477	5.45592	5.49768
20111116	5.49681	5.54189	5.48927	5.52705
20111117	5.52709	5.54471	5.49634	5.53008
20111118	5.52928	5.53449	5.46641	5.50191
20111121	5.50644	5.54131	5.49582	5.51528
20111122	5.51674	5.52513	5.48464	5.509
20111123	5.5096	5.58202	5.49873	5.57244
20111124	5.57239	5.58477	5.54392	5.57027
20111125	5.57	5.62852	5.56839	5.61767
20111128	5.58216	5.60333	5.55075	5.58459
20111129	5.58321	5.59821	5.53331	5.58307
20111130	5.5826	5.60861	5.49512	5.52993
20111201	5.52943	5.53941	5.49678	5.52186
20111202	5.52175	5.56301	5.48597	5.54573
20111205	5.53896	5.55903	5.513	5.54899
20111206	5.54745	5.57595	5.53712	5.54662
20111207	5.54606	5.5682	5.52543	5.54263
20111208	5.54147	5.59503	5.52308	5.57257
20111209	5.57287	5.59701	5.53368	5.55456
20111212	5.55575	5.64869	5.55445	5.63806
20111213	5.6375	5.7161	5.61789	5.70407
20111214	5.70304	5.74067	5.68956	5.72489
20111215	5.72453	5.73503	5.6947	5.71015
20111216	5.70984	5.72013	5.68093	5.69741
20111219	5.69528	5.72344	5.69528	5.71785
20111220	5.7177	5.71978	5.66028	5.6809
20111221	5.6811	5.70695	5.63227	5.69666
20111222	5.69596	5.71022	5.66616	5.6964
20111223	5.69616	5.70625	5.67543	5.69264
20111227	5.68833	5.69817	5.68048	5.6853
20111228	5.68657	5.7581	5.68385	5.74477
20111229	5.74455	5.78171	5.73316	5.73534
20111230	5.7345	5.76089	5.7174	5.73926
20120102	5.74258	5.75366	5.7295	5.74616
20120103	5.74526	5.74711	5.68632	5.69671
20120104	5.69723	5.76565	5.6879	5.74351
20120105	5.74467	5.82277	5.74333	5.81344
20120106	5.8143	5.85499	5.80249	5.84443
20120109	5.85388	5.86907	5.81492	5.82403
20120110	5.82454	5.83486	5.80036	5.82014
20120111	5.81983	5.87259	5.81414	5.85174
20120112	5.85174	5.85534	5.78918	5.80296
20120113	5.80323	5.88996	5.77408	5.86467
20120116	5.87733	5.88905	5.86008	5.86839
20120117	5.86926	5.87745	5.80419	5.83705
20120118	5.83677	5.83838	5.77821	5.7807
20120119	5.78022	5.79155	5.73234	5.73324
20120120	5.7334	5.76978	5.72577	5.74781
20120123	5.76779	5.77411	5.69604	5.71115
20120124	5.71173	5.73951	5.69195	5.70228
20120125	5.70274	5.74898	5.66577	5.67201
20120126	5.67157	5.67895	5.63837	5.67061
20120127	5.6704	5.68422	5.61683	5.62085
20120130	5.61979	5.68444	5.61846	5.65559
20120131	5.65508	5.69986	5.6254	5.6822
20120201	5.68102	5.7067	5.62314	5.64925
20120202	5.6479	5.68034	5.63256	5.65444
20120203	5.65458	5.68912	5.6283	5.64618
20120206	5.66463	5.70605	5.65622	5.66031
20120207	5.66041	5.67857	5.60111	5.60429
20120208	5.60431	5.62112	5.59314	5.6044
20120209	5.6037	5.62384	5.57828	5.59325
20120210	5.59293	5.64995	5.59117	5.62859
20120213	5.62534	5.63626	5.59481	5.63605
20120214	5.6363	5.68278	5.62411	5.66065
20120215	5.65921	5.6978	5.63469	5.68705
20120216	5.68718	5.72864	5.64799	5.65893
20120217	5.65986	5.66728	5.63215	5.65576
20120220	5.63903	5.6415	5.59889	5.61334
20120221	5.61273	5.63725	5.59208	5.61728
20120222	5.6175	5.62817	5.60529	5.61151
20120223	5.61237	5.61984	5.55769	5.56114
20120224	5.55977	5.56661	5.51332	5.52653
20120227	5.52181	5.56285	5.51592	5.54929
20120228	5.54997	5.5535	5.51924	5.52216
20120229	5.52485	5.58346	5.51359	5.57933
20120301	5.57929	5.59717	5.56603	5.58434
20120302	5.58494	5.63733	5.57559	5.63303
20120305	5.63448	5.64885	5.61367	5.62339
20120306	5.62339	5.67343	5.62002	5.66838
20120307	5.66986	5.67637	5.64708	5.65312
20120308	5.65342	5.6596	5.59305	5.59908
20120309	5.59999	5.67677	5.59838	5.66378
20120312	5.67152	5.68391	5.64969	5.65067
20120313	5.65169	5.69593	5.63563	5.68163
20120314	5.68173	5.71388	5.67921	5.70415
20120315	5.7042	5.71707	5.66686	5.68357
20120316	5.68322	5.69793	5.63835	5.64211
20120319	5.64254	5.65762	5.60444	5.61581
20120320	5.616	5.64444	5.61339	5.62878
20120321	5.62164	5.64177	5.5963	5.62524
20120322	5.62579	5.66087	5.60937	5.63205
20120323	5.6322	5.63624	5.59284	5.60192
20120326	5.60176	5.63619	5.56182	5.56587
20120327	5.56514	5.58513	5.55458	5.58247
20120328	5.58416	5.60077	5.55953	5.58314
20120329	5.58336	5.61196	5.5719	5.59094
20120330	5.59125	5.59426	5.55993	5.5743
20120402	5.56897	5.6034	5.56042	5.58546
20120403	5.5856	5.63079	5.56547	5.62195
20120404	5.62219	5.67604	5.61925	5.66079
20120405	5.6602	5.70718	5.65122	5.69353
20120406	5.69325	5.69985	5.67311	5.67311
20120409	5.67782	5.70854	5.66445	5.67617
20120410	5.67615	5.69807	5.66001	5.68495
20120411	5.68508	5.69224	5.65294	5.67338
20120412	5.67255	5.67688	5.62952	5.64023
20120413	5.6398	5.69139	5.63441	5.68656
20120416	5.69187	5.72375	5.65713	5.6596
20120417	5.6589	5.68238	5.64718	5.66713
20120418	5.66665	5.69654	5.66031	5.66827
20120419	5.66763	5.69155	5.64974	5.66173
20120420	5.66184	5.66552	5.6235	5.62666
20120423	5.6411	5.67687	5.63118	5.6529
20120424	5.65397	5.65887	5.6283	5.63759
20120425	5.63693	5.64642	5.61758	5.62809
20120426	5.62809	5.63614	5.60867	5.62464
20120427	5.62474	5.65334	5.60501	5.61491
20120430	5.61568	5.63159	5.60667	5.61861
20120501	5.61824	5.63301	5.59917	5.61875
20120502	5.61877	5.66815	5.61701	5.65135
20120503	5.65178	5.67954	5.64251	5.65441
20120504	5.65428	5.68555	5.64314	5.68381
20120507	5.71255	5.74018	5.69157	5.69719
20120508	5.69682	5.72723	5.69093	5.71451
20120509	5.71585	5.75768	5.71455	5.74841
20120510	5.74853	5.75116	5.72638	5.74514
20120511	5.74554	5.7595	5.73643	5.7533
20120514	5.75978	5.79735	5.75978	5.79523
20120515	5.79626	5.84228	5.77603	5.83824
20120516	5.83846	5.86125	5.82567	5.84425
20120517	5.84503	5.86743	5.82958	5.85267
20120518	5.85234	5.87906	5.80886	5.81627
20120521	5.82187	5.84017	5.79426	5.79778
20120522	5.79733	5.87064	5.79646	5.85801
20120523	5.8577	5.92361	5.85557	5.90668
20120524	5.90472	5.93731	5.88785	5.92829
20120525	5.92859	5.94612	5.89647	5.93627
20120528	5.90761	5.9321	5.88569	5.92392
20120529	5.92392	5.96308	5.90891	5.9423
20120530	5.94252	6.01111	5.94161	6.00807
20120531	6.00803	6.02332	5.97932	6.0103
20120601	6.00916	6.04649	5.9626	5.97784
20120604	5.98298	5.99875	5.93921	5.94441
20120605	5.94483	5.98783	5.92412	5.96727
20120606	5.96675	5.97349	5.90521	5.90698
20120607	5.90706	5.92732	5.88731	5.9174
20120608	5.91664	5.97622	5.91094	5.93723
20120611	5.87862	5.95486	5.866	5.95383
20120612	5.95299	5.9729	5.93158	5.94251
20120613	5.94268	5.95747	5.89258	5.91717
20120614	5.91656	5.92445	5.88065	5.88224
20120615	5.88177	5.90127	5.86723	5.86863
20120618	5.85077	5.91823	5.82964	5.90986
20120619	5.9086	5.91316	5.83852	5.85879
20120620	5.85912	5.8816	5.83321	5.85009
20120621	5.8494	5.93169	5.8488	5.92673
20120622	5.92685	5.93693	5.90679	5.9147
20120625	5.92332	5.95978	5.91815	5.94431
20120626	5.94408	5.97438	5.93198	5.94788
20120627	5.95021	5.97271	5.94249	5.96172
20120628	5.96111	5.99109	5.93536	5.9717
20120629	5.97173	5.97744	5.85575	5.87413
20120702	5.86255	5.91471	5.86226	5.91069
20120703	5.90945	5.91889	5.88748	5.8963
20120704	5.89608	5.94492	5.89599	5.93518
20120705	5.93277	6.0161	5.93021	6.00432
20120706	6.00412	6.06598	5.99936	6.0523
20120709	6.06175	6.06834	6.03522	6.04032
20120710	6.04035	6.07842	6.02997	6.07034
20120711	6.06738	6.08889	6.04697	6.07661
20120712	6.07595	6.11205	6.07201	6.0934
20120713	6.09394	6.11623	6.06956	6.07381
20120716	6.06033	6.1099	6.05335	6.06206
20120717	6.06168	6.1044	6.04145	6.05118
20120718	6.04983	6.08873	6.04623	6.05638
20120719	6.05491	6.0822	6.03555	6.05655
20120720	6.05588	6.12575	6.05565	6.11588
20120723	6.13544	6.16454	6.12517	6.13851
20120724	6.13798	6.17681	6.12796	6.1671
20120725	6.16636	6.17154	6.11172	6.11977
20120726	6.11727	6.13826	6.03292	6.05493
20120727	6.0545	6.07633	6.00353	6.03727
20120730	6.04782	6.08434	6.04227	6.06582
20120731	6.06472	6.07259	6.03463	6.0473
20120801	6.04755	6.09161	6.03138	6.08603
20120802	6.08733	6.13224	5.99768	6.10907
20120803	6.10855	6.11623	6.00438	6.00721
20120806	6.00067	6.02997	5.98001	6.00129
20120807	6.00108	6.0134	5.98237	6.00307
20120808	6.00288	6.03803	6.00122	6.019
20120809	6.01898	6.06691	6.00845	6.04726
20120810	6.04727	6.07984	6.04274	6.05449
20120813	6.05444	6.06982	6.01501	6.03454
20120814	6.03472	6.04245	6.00921	6.03936
20120815	6.03911	6.06883	6.02949	6.05742
20120816	6.05491	6.07292	6.01666	6.02479
20120817	6.02472	6.0588	6.01294	6.03647
20120820	6.02812	6.05523	6.01959	6.03066
20120821	6.02972	6.03201	5.96269	5.96915
20120822	5.96842	5.99124	5.9401	5.94458
20120823	5.94401	5.94669	5.91541	5.92743
20120824	5.92725	5.96668	5.92493	5.95213
20120827	5.95108	5.96281	5.94139	5.95873
20120828	5.95819	5.97514	5.92206	5.92854
20120829	5.92843	5.95127	5.92528	5.94657
20120830	5.94582	5.96609	5.93025	5.95699
20120831	5.95695	5.96253	5.89562	5.9249
20120903	5.92611	5.93194	5.90786	5.9159
20120904	5.91586	5.93394	5.9004	5.92951
20120905	5.92943	5.95898	5.90216	5.91359
20120906	5.91288	5.93157	5.88876	5.89871
20120907	5.89825	5.90091	5.81292	5.81343
20120910	5.81657	5.8418	5.81433	5.84004
20120911	5.83951	5.8419	5.78954	5.79705
20120912	5.79675	5.81509	5.76134	5.77854
20120913	5.77797	5.79669	5.73324	5.73942
20120914	5.73883	5.74278	5.66093	5.67721
20120917	5.6804	5.69786	5.6594	5.68341
20120918	5.68309	5.72077	5.68067	5.71244
20120919	5.71287	5.73699	5.69626	5.71214
20120920	5.71217	5.76992	5.70763	5.74798
20120921	5.7481	5.7541	5.71342	5.74103
20120924	5.74301	5.78363	5.73768	5.76539
20120925	5.76551	5.78584	5.7487	5.77877
20120926	5.77858	5.80857	5.77351	5.79257
20120927	5.79164	5.81082	5.76613	5.77335
20120928	5.77202	5.80617	5.75174	5.80091
20121001	5.80185	5.82227	5.7619	5.78495
20121002	5.78421	5.78801	5.7491	5.76978
20121003	5.76996	5.7895	5.76276	5.77684
20121004	5.77799	5.77841	5.72142	5.72738
20121005	5.72693	5.73732	5.7034	5.72092
20121008	5.72206	5.76298	5.72206	5.74943
20121009	5.74962	5.79958	5.74039	5.78845
20121010	5.78902	5.81008	5.77585	5.79267
20121011	5.79284	5.81526	5.75903	5.76963
20121012	5.76947	5.77177	5.74087	5.75591
20121015	5.75703	5.78592	5.74693	5.76003
20121016	5.75984	5.76279	5.71085	5.71349
20121017	5.71364	5.71374	5.67681	5.6855
20121018	5.6857	5.71269	5.68124	5.70763
20121019	5.70778	5.73131	5.70338	5.724
20121022	5.72703	5.73023	5.7004	5.71028
20121023	5.70933	5.75846	5.70357	5.74323
20121024	5.74334	5.77272	5.73857	5.7493
20121025	5.75008	5.76976	5.72698	5.76667
20121026	5.76608	5.78969	5.75663	5.76408
20121029	5.76136	5.78886	5.76035	5.78017
20121030	5.77923	5.78836	5.74531	5.75505
20121031	5.7543	5.76134	5.72889	5.75563
20121101	5.75534	5.77169	5.74581	5.76326
20121102	5.76186	5.81777	5.7596	5.81163
20121105	5.81886	5.8417	5.80814	5.82927
20121106	5.82889	5.84483	5.81591	5.82153
20121107	5.82086	5.85649	5.79337	5.8402
20121108	5.84097	5.86501	5.83576	5.8518
20121109	5.85138	5.87663	5.83198	5.86687
20121112	5.86526	5.87335	5.85407	5.86755
20121113	5.86722	5.8893	5.85828	5.86973
20121114	5.87038	5.87159	5.83534	5.85584
20121115	5.85488	5.86422	5.82624	5.83567
20121116	5.83495	5.87679	5.83336	5.85315
20121119	5.84987	5.85423	5.81765	5.8194
20121120	5.8199	5.84262	5.81296	5.81803
20121121	5.81796	5.85525	5.8106	5.812
20121122	5.81197	5.81357	5.78126	5.78687
20121123	5.78775	5.79481	5.74066	5.74432
20121126	5.75007	5.76133	5.74348	5.7484
20121127	5.74863	5.77418	5.73241	5.76106
20121128	5.76065	5.7913	5.75806	5.75806
20121129	5.75603	5.76488	5.73206	5.74754
20121130	5.74755	5.75197	5.72603	5.74565
20121203	5.74474	5.745	5.7049	5.71463
20121204	5.71348	5.71782	5.69095	5.69613
20121205	5.69693	5.7116	5.68292	5.70884
20121206	5.70716	5.75915	5.69954	5.75043
20121207	5.75103	5.79231	5.74944	5.77033
20121210	5.78566	5.78809	5.7609	5.76316
20121211	5.76339	5.76889	5.73129	5.73476
20121212	5.73562	5.73963	5.69569	5.70562
20121213	5.70567	5.72037	5.69425	5.70448
20121214	5.70438	5.70997	5.66353	5.66762
20121217	5.66154	5.6761	5.6571	5.66762
20121218	5.66741	5.67069	5.63444	5.6383
20121219	5.63887	5.64096	5.60578	5.64028
20121220	5.64032	5.65635	5.61153	5.63295
20121221	5.63266	5.66977	5.62918	5.65937
20121224	5.66042	5.66445	5.63778	5.65715
20121226	5.65298	5.66472	5.62724	5.64039
20121227	5.64138	5.64965	5.61479	5.63364
20121228	5.63329	5.66602	5.62659	5.6426
20121231	5.64062	5.66347	5.63651	5.65285
20130102	5.64352	5.6699	5.60879	5.65774
20130103	5.65819	5.71713	5.65556	5.7161
20130104	5.71581	5.73803	5.69812	5.70651
20130107	5.70197	5.7299	5.68567	5.68681
20130108	5.68642	5.71344	5.67707	5.70266
20130109	5.70235	5.72258	5.69651	5.71
20130110	5.7088	5.72154	5.62274	5.62274
20130111	5.62295	5.63128	5.58215	5.59137
20130114	5.58333	5.59552	5.56613	5.5755
20130115	5.5766	5.6255	5.57118	5.60805
20130116	5.60706	5.62887	5.59999	5.61484
20130117	5.6132	5.62292	5.57408	5.57587
