20011025	416.6	424.3	416.6	424.3
20011026	435.6	435.6	425.3	426.8
20011029	426.4	428	421.6	422.2
20011030	426.4	426.4	408.7	414.2
20011031	415.5	420	409.5	418.1
20011101	416	423.1	409.5	422.7
20011102	424	425.8	421.2	421.8
20011105	427	428.9	425.6	427.1
20011106	427	428.9	424.5	427.5
20011107	424.5	434.3	424.5	432
20011108	434	439	431.2	432.5
20011109	427.8	429.5	424.8	429
20011112	421	430.4	420.8	428.7
20011113	421	437.2	420.8	435.5
20011114	434.2	442.5	433.9	439.8
20011115	442.3	444.1	438.2	440.3
20011116	442.5	442.5	438.5	441.4
20011119	443.5	444.7	442.5	442.9
20011120	443.5	449.4	442.5	447.6
20011121	446	449.4	439.1	439.5
20011123	434.5	449.4	434.5	449.4
20011126	451	451	446.8	449.9
20011127	451	453.4	446.8	451.7
20011128	449	453.4	445.4	445.4
20011129	448.2	449.4	442.3	448.3
20011130	452.7	453.9	448.8	450
20011203	446	448.1	444.5	448.1
20011204	446	452.5	444.1	452.5
20011205	448.5	469.1	447	468
20011206	461	472.5	460	469.6
20011207	470.8	473.3	469.5	470
20011210	469	471.3	464.9	465
20011211	469	471.3	462.1	466.8
20011212	467	468.3	459.5	462.4
20011213	465	466	460.5	461.5
20011214	458.5	462.1	457	462.1
20011217	463.5	469	462	467.5
20011218	463.5	475.9	462	472.8
20011219	475.9	475.9	470	473.1
20011220	472.5	475.5	465.6	467
20011221	468	475.7	467	473.8
20011224	473.8	476.5	473.8	475.3
20011226	477.5	481.5	477.5	480
20011227	477.5	483.5	477.5	482.1
20011228	484.4	486	481.5	483
20011231	483	484.4	476.1	478.3
20020102	475	475	468	471
20020103	475	484.5	468	480.2
20020104	488	491.7	484.2	490
20020107	490	490.5	486.1	487.5
20020108	490	490.8	481	483.3
20020109	488	493.1	488	491
20020110	488	493.1	482.7	484.5
20020111	487	487.1	479	481
20020114	478.5	478.5	472.3	473.5
20020115	478.5	478.5	469.5	470.9
20020116	473	475.5	467.5	470.7
20020117	470.5	470.5	464.3	465.9
20020118	467.1	471.1	462.8	462.8
20020122	466.6	467	460.4	460.4
20020123	466.6	467	456.5	465.3
20020124	460	471.3	456.5	468.8
20020125	466.5	470.3	465.1	468
20020128	468.5	472.5	466.9	468.4
20020129	468.5	472.8	461.4	463
20020130	471.6	472.8	457.4	465.5
20020131	462.1	471.7	457.4	470
20020201	471.5	474.1	468.1	469.8
20020204	468	469	461.3	461.9
20020205	468	469	454.2	459
20020206	458	460.4	450.2	453.7
20020207	459	459.5	443.1	450.3
20020208	451.7	456.8	446	456.8
20020211	456.1	460.6	456	460.6
20020212	456.1	462.2	451	462
20020213	451	466.2	451	464
20020214	463	467.4	462	462.3
20020215	460	461.5	455.6	457.5
20020219	455.7	456	450.2	450.4
20020220	455.7	455.7	446.2	451
20020221	450.5	457.1	446.2	454.5
20020222	446.7	455	445.9	453.8
20020225	455.9	455.9	452.9	455.4
20020226	455.9	460.6	452.9	459.2
20020227	458.4	464.7	455	461.6
20020228	460.5	464.7	458.5	459.5
20020301	458.5	467.9	457.7	467.6
20020304	468.8	476.9	468.3	476.5
20020305	468.8	481	468.3	478.5
20020306	475	481.6	474	481.3
20020307	485.5	489.4	483.5	484.4
20020308	491	491.5	486.6	488.5
20020311	489	491.1	485.6	490.6
20020312	489	491	483	490.8
20020313	489	491	483	485.7
20020314	487	489.9	483.7	485.7
20020315	486.5	491.2	484.5	488.4
20020318	491	493.4	488.6	492
20020319	491	496.3	488.6	493.1
20020320	494.7	496.3	489.4	490.5
20020321	496	496	487.8	490.5
20020322	492.8	498.8	491	491.4
20020325	493.1	493.2	486	487.9
20020326	493.1	493.2	485.7	488.5
20020327	487	495.7	485.5	493.3
20020328	496	500.5	493.5	496.5
20020401	492.4	493.5	487.6	492.9
20020402	492.4	496.9	487.6	493
20020403	489	494.7	487.8	489
20020404	492	492.1	484.1	487.2
20020405	487.5	493.4	486.4	487.3
20020408	487	492.9	482	492.6
20020409	487	496.1	482	494.6
20020410	494	500	492.1	499.1
20020411	493.5	502.3	493.5	497.6
20020412	496.7	506.2	494	505.5
20020415	507	508.2	500	502.9
20020416	507	511.2	500	511.1
20020417	507	515.2	506.5	509.5
20020418	514	515.2	502.9	507.5
20020419	508.9	510.5	505.7	506.8
20020422	504.7	504.7	499.4	501.5
20020424	502.6	505.4	495.6	495.7
20020425	502.6	505.4	492.5	498.2
20020426	500.1	500.3	489.1	489.5
20020429	490.5	493.1	488.1	489
20020430	490.5	498	489.8	497.1
20020501	500.5	502.5	491.3	502.5
20020502	502.9	504.5	499.5	502.6
20020503	502.7	503.8	498	500.5
20020506	501	503.2	490.8	490.8
20020507	494.4	494.4	488.3	489.6
20020508	494.8	497.1	493.6	494.4
20020509	498.5	500.3	489.7	489.7
20020510	490.2	492.2	480.4	480.4
20020513	483	489.5	481	489.5
20020514	494	503.5	492	503.5
20020515	498.9	505.6	497.2	503.7
20020516	503.5	503.5	494.7	495.7
20020517	496.5	500.5	494.6	498
20020520	496.5	497.5	491.5	492.4
20020521	492.6	497.5	483.2	485
20020522	488.9	488.9	478.8	480.8
20020523	481.9	489.3	479.3	489.3
20020524	490.5	493	481.5	482.9
20020528	487.9	487.9	475.7	481
20020529	477.2	480	474.2	475.7
20020530	474	479.5	471.3	476.9
20020531	478	482.9	473.5	476.6
20020603	473.5	478.4	461.2	463
20020604	461	464	455.4	462
20020605	457.1	466.3	457.1	463.1
20020606	462.2	462.6	453.5	453.75
20020607	448	460.5	446	458
20020610	460	462.7	454.5	458.3
20020611	459.3	462	450.5	451.1
20020612	451	453.6	445.5	450.5
20020613	448.5	453.5	444.5	446.75
20020614	436	449.8	435.5	447.5
20020617	450.5	461.6	450.5	460.5
20020618	460.5	465.2	455.6	464.5
20020619	462.9	464.4	451.6	453.9
20020620	453.9	460	448.8	451.9
20020621	452.1	455.2	446.5	450.8
20020624	454.5	455	441.8	449
20020625	450.8	453.5	439.5	441.8
20020626	434	443.5	428	442.1
20020627	442.1	450.1	438.4	449.5
20020628	449	454.7	446.5	452.4
20020701	448.1	451.5	434	434
20020702	433	438.6	420.2	420.2
20020703	420	422.1	411.4	416.5
20020705	414.5	432	414.5	432
20020708	427.5	432.2	421.5	421.5
20020709	421.5	425.4	417.2	419
20020710	424.4	424.4	408.4	409
20020711	408	408	397	404.3
20020712	406.6	411	400.3	401.5
20020715	401.5	403	385.6	397.7
20020716	403.4	403.4	392.5	397
20020717	397	406	389	401.3
20020718	400.5	401.3	385.1	385.4
20020719	387	387	374	377
20020722	372	380.2	364	368.6
20020723	367.1	371	350.2	352
20020724	349.2	370.9	335.8	370.1
20020725	368	375.3	358.6	367.3
20020726	368.5	374.7	363.8	374
20020729	363.5	391	363.5	387.4
20020730	388.5	392.8	378.9	390.5
20020731	383.5	390.9	380	381.7
20020801	380	385	376	377.7
20020802	377.5	377.6	364.6	365
20020805	364.5	367.9	355.1	355.5
20020806	361	370.8	361	369.5
20020807	369	376.4	364.4	373
20020808	370	379.7	367.9	378.4
20020809	372	381.6	372	375.8
20020812	369	378.9	369	376.8
20020813	377	379.3	365.5	366.4
20020814	368	379	362.5	378
20020815	377.5	386.3	376.9	379.8
20020816	377.7	386.9	374	385
20020819	384	391.3	383.5	391
20020820	388	389.7	385.4	386.2
20020821	389	397.3	386	397.3
20020822	397.3	400.9	392.8	397.5
20020823	397.5	398	388.3	388.3
20020826	390.3	396.8	385.9	394.8
20020827	396.9	399	385.7	386.8
20020828	386.8	386.8	378	379.6
20020829	379	385.9	374.4	383.4
20020830	377.5	385.6	377.5	380.1
20020903	374.5	378	366.3	368.3
20020904	367.9	378.7	366.9	376.1
20020905	377.7	378.5	369	370
20020906	374.9	381.8	374.3	381
20020909	377.7	383.5	373.3	379.3
20020910	381.9	384.2	377.7	382.8
20020911	388.1	388.5	380	380
20020912	380	382.5	374.9	376.5
20020913	373.8	380.1	372.1	379.3
20020916	384	384	374	376.3
20020917	382.5	383.8	368.2	369.8
20020918	367.4	370	361.9	363.8
20020919	356.7	363.7	354.1	354.6
20020920	358.5	360.5	354.5	356.5
20020923	353.8	355.7	345.6	348.5
20020924	342.8	350.3	342.8	345.5
20020925	349.7	355	345.1	355
20020926	355.5	361.5	354.8	360.4
20020927	357.5	361.1	349.5	349.5
20020930	347	353.8	342.9	349
20021001	352	360.5	345.4	360.1
20021002	355.9	359.2	349.5	351.8
20021003	350.5	354	345.1	347
20021004	348.2	349	335	339.5
20021007	336.4	338.5	326	327.9
20021008	330.6	331.3	322.9	330.5
20021009	324.8	327.9	315	315.2
20021010	314.8	325.8	313.2	325
20021011	329.5	337.7	329.2	334.5
20021014	331.4	336.5	331	336.3
20021015	344.1	350.5	341	350
20021016	344.2	347.5	338.8	340.9
20021017	349	351.6	346.8	351.3
20021018	348.5	353.8	348	353
20021021	350	358.4	348.7	356.8
20021022	352.5	356.3	350.6	352.7
20021023	348	360.5	347.9	357.5
20021024	360.5	360.7	354.2	354.7
20021025	354.5	362.8	354	362.5
20021028	365.5	365.5	357.3	358.8
20021029	356.6	358.8	350.9	357.7
20021030	358.9	364.9	357.1	364.5
20021031	364.7	366.6	361.5	362.6
20021101	360.6	372	360.4	371.5
20021104	377.7	380.9	374.2	375.5
20021105	375	376.1	371.5	375.9
20021106	377.3	382.5	375.1	382.3
20021107	378	378.9	370.9	371
20021108	371.9	375.3	366.2	366.8
20021111	365.7	366.9	357.8	358.7
20021112	359.4	367.4	359.4	364.9
20021113	362.9	369.1	359.7	367
20021114	369.6	375.8	368.5	374.5
20021115	372.5	377	371.7	374
20021118	377.9	378.1	369.7	371.3
20021119	369.8	385.7	367.3	368.5
20021120	366.7	379.3	366.7	379.3
20021121	379.7	387.8	377.5	386.7
20021122	384	390.6	383.3	388.5
20021125	388.6	394.3	387.3	392.4
20021126	391.9	393.7	385.7	388.3
20021127	390.9	399.5	390.7	398.1
20021129	399.6	400.9	392.4	395.4
20021202	400.7	405.3	394.5	398
20021203	394.3	395.8	389.5	390.7
20021204	386.8	390.4	382.6	387.3
20021205	389.4	389.4	382	383.3
20021206	380.5	387.4	378.9	385
20021209	382.7	384	374.5	374.5
20021210	377.5	383.7	377.2	382.8
20021211	381.1	385.2	380	382.7
20021212	384.2	386.5	382	383.1
20021213	381	382	375.8	376.4
20021216	378	384.1	378	384.1
20021217	383.2	383.2	378.8	379.8
20021218	377.6	379.2	372.4	372.9
20021219	377.5	377.5	371	372
20021220	372.98	372.98	372.98	372.98
20021223	371.7	376.5	371.1	376.2
20021224	374.9	376	373	374.4
20021226	376.1	378.7	373.2	374.2
20021227	372.8	374	368	368.2
20021230	369.7	370.7	364.7	368.7
20021231	368.6	373.5	365.7	368.9
20030102	370.7	378.2	367.9	377.2
20030103	376.3	378.1	374	378
20030106	377.6	383.9	377.6	380.5
20030107	380.7	382.6	375.9	378.7
20030108	377.7	378.1	373.9	375.7
20030109	377.6	382.9	376.9	381
20030110	377.3	384	376.1	381.6
20030113	384.2	386.5	378.4	383
20030114	381.6	385.1	380.2	382.2
20030115	384	384.3	378.7	381.5
20030116	382.1	385.1	379.2	380.7
20030117	377.3	378.6	372	373.9
20030121	374.6	375.3	367.8	368.1
20030122	367.4	369.2	364.4	365.7
20030123	368	370.1	365	367
20030124	366.2	367.4	359.2	359.2
20030127	356.9	360.6	352.7	352.7
20030128	355.5	359.1	350.5	356.6
20030129	354.7	361.4	347.7	359.1
20030130	360.2	360.7	351.7	352.2
20030131	350.9	359.2	350.4	357.8
20030203	358.1	359.5	354.3	355.1
20030204	352.4	363.7	349.2	356.2
20030205	356.5	357	350.3	353
20030206	350.7	353.1	348	350.2
20030207	352.6	352.7	343.2	344.2
20030210	344.6	347.5	341.1	346.8
20030211	348	348.5	342	346.7
20030212	345.2	346.3	339.9	340.6
20030213	340.8	341	336.1	340.5
20030214	339.9	344.5	338.9	344.3
20030218	345.6	351.2	344.8	351.2
20030219	350	350	343.3	345.7
20030220	346	346.9	343.6	345
20030221	344.9	350.7	342.6	347.8
20030224	346.2	347.8	342	343.5
20030225	340.7	347.7	338.6	347.7
20030226	344.7	346.2	341.6	344.2
20030227	345.9	348.1	342.9	346.4
20030228	347.3	349.4	344.9	346.2
20030303	348	350.7	342.8	345.5
20030304	344.8	345.2	340.5	341
20030305	340.6	343.3	339.4	340.9
20030306	339.3	340.8	336.3	339.7
20030307	335.7	341.5	335.2	340.1
20030310	337.6	338	332.5	333.4
20030311	334.2	336.6	331.2	332
20030312	331.6	332.7	328.4	331.7
20030313	336.3	341.8	333.2	341.8
20030314	341.6	343.7	339.2	341.7
20030317	339	350.5	338.6	349.8
20030318	351.8	354.7	349.5	354.7
20030319	354.8	354.8	351.5	354.2
20030320	349.4	356.7	349.4	356.1
20030321	358.53	358.53	358.53	358.53
20030324	352.7	354.7	348.5	350.5
20030325	350.8	355.9	349.8	354.9
20030326	354.5	355.3	349.9	350
20030327	348.2	353.5	347.7	352.3
20030328	350.3	354.4	350.3	351.8
20030331	348	351.4	344.4	348
20030401	347.5	352.1	345.8	352
20030402	356.4	360.5	355.1	358.5
20030403	360.6	360.8	356.9	358.3
20030404	360.5	361.4	356.1	357
20030407	365.9	366.2	358.2	358.5
20030408	359.1	359.6	356.1	357.8
20030409	358.3	362.6	353.5	356.2
20030410	356	357.4	354.3	356.9
20030411	358.5	359.4	353.2	355
20030414	355.3	361	355.1	360.8
20030415	360	364	357.6	363.4
20030416	364.8	365.7	359.7	360.2
20030417	360.5	367	360.3	365.5
20030421	367.1	369.1	365.3	369
20030422	366.2	375.1	365.9	373.6
20030423	374.8	378.8	374.4	378.5
20030424	376.3	377.9	374.1	375.7
20030425	374.8	375.6	370.5	372.3
20030428	372.5	379.1	372	377.1
20030429	378.8	382.3	378.1	379
20030430	378.9	383.6	377.3	382.2
20030501	381.3	382.6	376.8	382.6
20030502	381.2	391	381	390.8
20030505	391.8	393.7	390.8	392.9
20030506	393.6	397.2	393.2	396.1
20030507	394.7	396.4	393.1	394.3
20030508	391.1	393.1	389.7	391.4
20030509	392.9	396.5	392	396.1
20030512	395.8	401.7	395.8	401.3
20030513	400.5	404.3	398.1	403.3
20030514	404.7	404.8	401.2	403.3
20030515	404.8	406.3	402.7	406
20030516	404.8	405.5	399.5	400.4
20030519	397.7	400.5	391.7	392.3
20030520	392.9	394.8	388.9	391.7
20030521	391.5	394.1	390	393.3
20030522	394.5	398.8	393.3	398
20030523	398	402.1	395.9	401.6
20030527	400.5	411.3	400.2	411.3
20030528	412.5	415.2	411.9	413.8
20030529	415	419	412.9	417.2
20030530	418.7	424.9	418.6	424.6
20030602	426.7	431.5	424.7	426.3
20030603	424.8	428.3	423.8	427.5
20030604	427.6	435.5	427.6	434.3
20030605	432.4	441	430.7	440.6
20030606	445	449.7	436.2	436.8
20030609	435.4	436.7	427.1	427.8
20030610	428.6	435	428.5	434.5
20030611	434.9	439.7	430.6	439.5
20030612	441.5	442.5	438.1	441.5
20030613	440.7	441.7	432.7	434.6
20030616	435.5	441.2	435.1	440.5
20030617	443.5	443.5	438.4	441.4
20030618	440.3	442.5	438	441.4
20030619	441.4	443	433.8	434.7
20030620	434.57	434.7	434.57	434.57
20030623	435.8	437.7	425.9	426.6
20030624	425.9	430.3	423.7	427.4
20030625	427.3	433.9	427.3	429.9
20030626	430.4	438.6	430.3	437.7
20030627	437.8	443.3	434	434.7
20030630	436.7	440.5	430.7	436.3
20030701	431.9	437.5	427.6	436.8
20030702	437.6	447.4	437.6	447.4
20030703	443.6	447.1	442.9	443.4
20030707	447.9	453.9	447.7	442.4
20030708	452.8	462.7	452.2	441.8
20030709	460.4	466.1	457.6	465.9
20030710	462.1	462.4	454.9	455.9
20030711	457.4	462.7	457.4	462.6
20030714	466.6	470.2	464.2	466.2
20030715	469.8	470.4	461.4	465.7
20030716	467.8	467.8	459.3	461.6
20030717	457.9	458.8	446.1	446.2
20030718	448.7	453	446.7	450.5
20030721	450	451.6	443.2	445.8
20030722	447.4	453.3	444.3	451.2
20030723	451.4	454.9	446.9	454.9
20030724	457.1	460.6	452.1	453.4
20030725	452.6	458	450	472.4
20030728	457.2	463.4	456.3	463
20030729	463.2	464.7	456.4	463
20030730	462.9	463.2	457.8	460.4
20030731	462.9	467.2	460.7	464
20030801	461.8	463.5	453.6	454.7
20030804	454.7	456.7	447	450.9
20030805	451.3	452.1	441.9	442.8
20030806	443.4	445.9	439.3	439.7
20030807	441.1	442.4	436.5	442.4
20030808	442.7	442.8	439	441.8
20030811	441.1	447.8	440.7	447.8
20030812	446.9	454.9	445.7	454.9
20030813	455.7	456.8	452.8	456.8
20030814	455.3	459.9	453.4	457.9
20030815	458.2	461.9	457.6	459.4
20030818	461.6	470.4	459.9	468.9
20030819	470.6	478.1	468.9	477.2
20030820	473.6	478.3	472.2	477.7
20030821	479.6	482.4	478.8	481
20030822	485.9	486.4	472.7	472.7
20030825	472.9	474.1	467.9	472.4
20030826	470.3	474.7	464.2	474.4
20030827	474.2	479.5	473.2	478.9
20030828	479.5	483.4	474.4	481.9
20030829	482.2	487.1	481.8	485.4
20030902	486	496	483.9	495.2
20030903	497.1	499.9	495.6	498.4
20030904	498.4	500.7	496	499.7
20030905	497.5	503.2	494.5	496.7
20030908	498.3	505.5	498.3	503.9
20030909	502.7	504.7	499.3	500.2
20030910	497.9	498.2	489.3	489.8
20030911	489.8	496.6	489	494.5
20030912	493.1	498.2	488.5	495.9
20030915	497.6	500.6	494.8	496.3
20030916	496.6	503.5	496.6	503.3
20030917	502.2	504.7	500.6	502.7
20030918	502.6	508.3	500.4	507.8
20030919	505.28	505.28	505.28	505.28
20030922	500.1	503	496.9	498.6
20030923	499.4	506.3	499.2	506.3
20030924	506.9	507.1	493.1	493.2
20030925	495.4	496.7	479.6	479.6
20030926	480.3	481.4	470.2	470.4
20030929	473.3	480.3	467.4	480.1
20030930	477.1	479.2	468.7	474.8
20031001	474.4	487	473.9	486.5
20031002	485.9	491.9	485.3	491.4
20031003	496.8	500.8	495.5	499.9
20031006	499.7	503.9	496.6	503.3
20031007	501.5	507.5	499.3	506.4
20031008	507.4	509.1	500.1	502.2
20031009	508.1	513.9	502.5	507.2
20031010	506.5	508.9	501.2	507.7
20031013	508.9	516.6	507	515.2
20031014	514	519.3	512.7	518.5
20031015	521.1	522.1	511.7	511.9
20031016	512.3	517.9	511.7	516.5
20031017	516.6	518.1	506.4	506.4
20031020	508	510.9	505.6	509.7
20031021	507.8	513.7	507.7	511.2
20031022	506.5	507.6	499.1	499.7
20031023	496.4	500.7	492.5	494.7
20031024	492.9	495.7	489.3	493.4
20031027	495.4	503.4	495.4	501.9
20031028	504.6	514	503	513.7
20031029	511.9	519	510.7	517.2
20031030	522.2	524	516	518
20031031	519	520.8	514.4	515.3
20031103	518.2	525.2	518.2	523.9
20031104	524	527.7	521.8	524.7
20031105	523.7	527.9	517.4	527.2
20031106	527.3	531.9	523	531.9
20031107	532.7	534.5	527.4	527.4
20031110	528.8	530.3	518.6	518.8
20031111	519.8	520.2	512.8	515.9
20031112	516.8	527.6	516.2	527.2
20031113	525.7	529.9	523.8	528.9
20031114	529	532.4	517.9	518.3
20031117	515.4	515.5	507.2	511.7
20031118	514.5	518.7	506.1	506.7
20031119	507.8	514.1	505.7	511.9
20031120	507.2	516.3	506.1	507.9
20031121	510.9	514.3	509	514.1
20031124	517.4	526.8	516	526.3
20031125	526.7	531.5	525.2	528.9
20031126	532.4	535	525.4	531.4
20031128	530.5	535.1	530.4	533.4
20031201	536.5	542.1	536.4	542
20031202	541.5	544.5	539.2	540.6
20031203	542.8	544.1	530.4	530.4
20031204	531.6	532.7	523	531.9
20031205	528.6	530	523.6	525.2
20031208	525.1	530.4	522.2	529.7
20031209	531.9	532.2	519.7	519.9
20031210	521.9	522.2	512	515.4
20031211	515.7	530.4	515.1	530.3
20031212	530.1	534.2	526.8	533.8
20031215	543	543	520.8	520.8
20031216	522.1	525.2	515.7	525.2
20031217	524.3	526.3	519.8	524.8
20031218	525.6	535.3	523.9	534.4
20031219	535.29	535.29	535.29	535.29
20031222	535.1	542.3	534.6	541
20031223	541	546.2	539.9	545
20031224	544	545.5	542.8	544
20031226	545.1	547.4	543.9	545.5
20031229	548.3	555.2	548.3	553.8
20031230	553.9	557.3	552.7	555.5
20031231	556.9	558.8	547.1	548.7
20040102	549.5	556.7	549.2	553.8
20040105	557	561.5	555.6	560.3
20040106	560.3	564.7	558.6	559.5
20040107	560.3	566.7	558.6	566.6
20040108	570	572.3	565.6	570.8
20040109	566.9	573.8	564.1	566.3
20040112	568.5	576.5	566.1	576.5
20040113	575.2	575.5	565.5	572.8
20040114	575.3	577.8	572.3	576.8
20040115	577.2	579.2	569.8	578.5
20040116	581.5	583.8	579	581
20040120	583.1	589.7	580.6	588.8
20040121	588.3	590.6	582.2	587.3
20040122	590.6	592.7	582	583.5
20040123	584.7	588	580.6	587.5
20040126	586.3	594.1	583.1	593.8
20040127	592.9	593.3	585	585
20040128	589.6	590.5	573.4	575.9
20040129	577.1	578.7	564.1	571.7
20040130	571.5	575.3	567.8	572.4
20040202	573.2	577.2	566.6	572.5
20040203	570.8	572.7	569	569.7
20040204	567.6	567.6	554.7	555.3
20040205	559.1	562.5	556.3	560
20040206	560.4	576.2	559.7	574.6
20040209	577.2	579.8	574.2	576.4
20040210	576.2	584.2	575	582.9
20040211	583.3	587.9	580.8	586.1
20040212	586.9	588.9	582.3	582.3
20040213	584.6	587	575.3	575.9
20040217	580.5	586.5	580.2	586.5
20040218	586.7	587.6	580.6	582.5
20040219	587.3	588	572.2	572.3
20040220	574.1	575.6	565.7	570.9
20040223	572.7	573.1	560.6	562.3
20040224	560.8	567.9	556.2	562.4
20040225	562.9	570.1	561.2	569.9
20040226	568.2	574.8	566.5	573
20040227	575	578.5	572.7	577.1
20040301	578	586	576.6	585.1
20040302	584.9	587.5	581	581
20040303	579.5	584.6	575.7	581.3
20040304	581.6	589.5	579.6	588.5
20040305	584.6	595.1	584.2	590.1
20040308	592.4	594.8	581.5	581.9
20040309	581.9	584.7	574.7	576.8
20040310	579	581.7	563.7	564.5
20040311	561.7	572.8	558	558.4
20040312	562.8	574.2	562	574
20040315	571.8	571.8	557.2	558.7
20040316	563.4	565.8	553.7	559.5
20040317	562.8	570.6	562.8	569.2
20040318	567.9	568.5	560.2	566.2
20040319	570.13	570.13	570.13	570.13
20040322	567.2	569.6	558.6	560.7
20040323	564.6	568.6	559.4	561.6
20040324	562.9	564.5	556.5	559.8
20040325	564	574	562.2	573.1
20040326	571.8	577.7	570.9	574.3
20040329	578.1	587.1	577.8	586.6
20040330	583.8	591.6	583.7	590.9
20040331	590.9	593.9	586.1	593.9
20040401	592.3	599.1	591.4	598.6
20040402	607.3	609.5	602.4	606.1
20040405	606.7	609.1	603.5	608.7
20040406	604.5	607	600.4	601.1
20040407	601.4	607.2	596.9	606.1
20040408	610	610.4	599.5	601
20040412	601	606.3	600.4	602.1
20040413	605	605.5	585.6	587.6
20040414	583.8	591.2	580.2	585.7
20040415	586.8	589.1	576.7	581.3
20040416	583.4	588.6	577.9	585.5
20040419	584.3	590.5	580.3	589.8
20040420	591.3	595.2	575.6	576.6
20040421	579.5	586.4	574.7	585.9
20040422	585	596.8	584.8	595.1
20040423	596.8	597.2	587.7	593
20040426	594.5	600.1	590.2	594.5
20040427	593.8	598.2	588.7	592.3
20040428	590.6	590.8	577.1	580.3
20040429	580.2	583.4	565.4	569.1
20040430	571.6	572.7	559	563.2
20040503	561.8	570.8	561	566.4
20040504	566.7	578.2	565.9	570.2
20040505	571.2	575.9	570	572.6
20040506	568.6	568.8	557	563.3
20040507	559.5	569	547.6	547.6
20040510	543.3	547	533.9	537.6
20040511	542.1	551	540.4	548.9
20040512	548.3	553.3	534.6	553.3
20040513	549.4	554.4	545.1	546.3
20040514	546.7	552.1	541.1	543.3
20040517	535.9	542.4	525.8	538.6
20040518	540.2	545.2	537.7	544.9
20040519	549	554.9	540.6	541
20040520	541.7	546.2	538	542.8
20040521	543.9	549.1	542.3	547.3
20040524	551.9	555.4	548.7	554.8
20040525	552.7	567.9	551.1	566.6
20040526	565	570.5	563.6	569.3
20040527	571.4	575.1	565.7	570.6
20040528	570.2	572.4	567.8	571.6
20040601	569	577.7	568	576.8
20040602	578.5	578.6	572.6	576.1
20040603	574.5	575	564	564.3
20040604	569.5	574.6	567	570.6
20040607	573.4	581.9	572.1	581.7
20040608	579.8	582.1	578.3	581.6
20040609	579.4	581.9	570.6	570.7
20040610	573.7	575.3	570.2	573
20040614	569.5	570.5	560.4	561.5
20040615	565.4	573.7	565.1	571.5
20040616	571.2	574.1	569.2	572.8
20040617	572.3	575.3	567.7	572
20040618	570.1	576.7	569.7	573
20040621	573.9	576.5	571.3	571.5
20040622	571.9	576.7	566.9	576.1
20040623	574.4	586	574.2	585.3
20040624	584.9	587.9	582.1	582.8
20040625	581.3	591.1	580.9	589.8
20040628	591.4	594.1	587.4	589
20040629	588.5	595.6	588.5	593
20040630	594.2	596.9	591.9	596.9
20040701	595.2	597.4	585.9	586.2
20040702	587	588.7	583	587.3
20040706	584.1	584.4	575.1	577.5
20040707	576.1	581.4	574.8	576.6
20040708	573	576.2	563.9	565.3
20040709	567.4	569.7	565.5	568.5
20040712	567.2	569.5	561.7	566
20040713	567.5	569.8	565.8	566
20040714	562	570.6	561.1	563.3
20040715	565.7	568.8	563.5	563.8
20040716	569.2	569.4	557.7	558.9
20040719	560.3	561.1	554.2	558.6
20040720	559.2	570.9	558.2	569.5
20040721	569.2	570	551	551
20040722	551.1	553.2	541.4	550.5
20040723	548.9	549.5	542	543
20040726	544.5	546.3	533.5	536.3
20040727	538.8	548.9	538.2	546.8
20040728	545.2	548.7	537.3	545.5
20040729	549	554.2	546.7	553
20040730	551.7	556.5	550.6	556.2
20040802	551.6	556.5	547	555
20040803	552.7	553.4	545.3	545.5
20040804	542.4	550.4	539	545.3
20040805	545.5	546	533.7	534.7
20040806	529	530.7	522.1	524
20040809	525	526.1	520.6	521.9
20040810	522.9	533.7	522.5	530.8
20040811	527	532.3	520.5	529
20040812	526.3	527.3	519.8	521.8
20040813	523.2	525.8	518.6	522.5
20040816	522.7	532.1	522.2	531.1
20040817	534.7	537.5	531.9	534.4
20040818	531.1	546.4	530	545.4
20040819	543.9	545.9	538.9	541
20040820	540.5	552.6	540	551.3
20040823	552.7	554.6	546.6	549.2
20040824	552	553.2	546	550.5
20040825	549.6	554.4	545.4	552.4
20040826	551.3	554.3	549.2	549.6
20040827	551.6	556.9	551.2	554
20040830	552.7	554.1	547.6	548.3
20040831	549.6	553.2	544.8	552.6
20040901	551.1	561.3	550.8	557
20040902	555.7	567.2	555.1	566
20040903	563.3	566.7	557.5	560.8
20040907	564.1	568.2	562.6	567.8
20040908	565.2	571	561.5	563.8
20040909	564.5	573.5	564.4	570.2
20040910	570.9	575.3	566.6	574.3
20040913	575	580.2	574.4	577.8
20040914	576.9	577.8	571.9	576.9
20040915	574.4	574.8	570.5	573.3
20040916	575.2	580.6	575.1	578.4
20040917	577.67	577.67	577.67	577.67
20040920	574.6	578.8	573.6	575.5
20040921	577.5	582.4	576.4	579.3
20040922	575.7	576.4	569.2	569.2
20040923	570.8	572.7	568.2	569
20040924	571.2	574.6	569.7	570.2
20040927	568.7	568.9	562	564.4
20040928	564.5	570.5	562.2	570.1
20040929	569.4	576.2	568.8	575.7
20040930	573.5	579.7	573	578.2
20041001	578.9	590.4	578.7	590.3
20041004	594.4	597.3	592.3	593.7
20041005	593.2	595.7	590.6	593.2
20041006	592.7	598	590.8	596.7
20041007	595.2	595.8	586.5	587
20041008	584.6	588.5	579.2	579.2
20041011	581.2	582.8	578.4	582.1
20041012	577.3	583.1	574.3	580.7
20041013	585.1	586.1	571.7	572.2
20041014	572.9	574.8	568.5	568.7
20041015	570.9	577.6	567.5	574.2
20041018	573	578.4	569.6	576.2
20041019	579.1	581.6	569.7	570.2
20041020	568.7	575.6	566.3	573.8
20041021	574.3	581.8	571.5	581.1
20041022	580.9	582.7	570.9	571.2
20041025	570.3	578.6	569.2	577.1
20041026	577.6	584.5	570.7	584.2
20041027	582.8	592	581.8	591.1
20041028	590.3	591.6	585.6	589.2
20041029	588.7	592.1	585.2	588.7
20041101	589.1	592.5	584.8	591.5
20041102	592.8	596.5	587	589
20041103	598.3	602.8	595.1	600
20041104	599.2	606.6	595.5	605.5
20041105	608.8	612.5	604.6	609.2
20041108	608.6	610.7	605.1	607.2
20041109	606.8	612.1	606.3	609.5
20041110	610	617.1	609.2	613.5
20041111	614.2	621.1	613.8	619.3
20041112	619.7	626.7	617.9	626
20041115	625.9	629.1	622.9	629
20041116	626.6	627.6	621.7	623.7
20041117	626.6	633.1	624.5	627.5
20041118	627.3	628.3	622.7	626.5
20041119	625.2	626.2	616.9	618.2
20041122	616.9	626.6	616.7	626.6
20041123	626.1	630.5	620.2	630.5
20041124	630.5	635.5	629.2	634
20041126	634.1	638.1	633.5	634.3
20041129	638	641.5	630.9	636.2
20041130	638.3	641	636.5	638.4
20041201	640.6	649.2	639	646.6
20041202	646.1	649.8	643.6	645.3
20041203	645.4	650.2	644.2	644.4
20041206	645.7	646.7	640.3	641.2
20041207	643.2	644.7	629.4	630.7
20041208	630.7	636.9	629	636.5
20041209	632.6	635.1	625.4	632.1
20041210	631.1	638.8	630	636.9
20041213	639.8	643.6	635.2	643.6
20041214	642.2	648.3	642.2	646.8
20041215	646.9	652.3	646.7	651.8
20041216	652	652.4	644	647.3
20041217	645.2	647.9	642	644.1
20041220	645.9	650.1	640.2	643.5
20041221	644.6	650.8	643.2	650.5
20041222	650.2	654.5	649.5	651.7
20041223	652.5	655.7	652.3	653.3
20041227	657.3	657.3	645.6	649
20041228	649.7	658.6	649.6	657.8
20041229	657.2	659.3	655.2	657.8
20041230	658.3	659.2	655.2	655.5
20041231	656.7	660.4	653.4	656
20050103	658.1	659.2	642.5	646
20050104	647.4	647.9	630.8	632
20050105	631.2	632.9	619.2	619.3
20050106	623	628.3	619.5	621.6
20050107	623.5	625.6	614.6	614.8
20050110	615.8	627	615.3	622
20050111	618.7	619	612.3	613.8
20050112	614.1	617.5	606.7	615.3
20050113	616.4	619.9	611.1	613.2
20050114	615.5	620.8	614.4	619
20050118	617.8	629.4	617.4	626.8
20050119	627	628.2	618.4	618.5
20050120	616.2	620.3	613.3	613.5
20050121	615.7	620.1	611.3	613.5
20050124	614.9	617.5	606	608.3
20050125	610.9	615.9	607.1	609.5
20050126	612	619	610.3	617.8
20050127	616.6	623.8	615.4	620
20050128	620.8	621.4	610	618
20050131	622.4	627.5	620.4	627.4
20050201	626.1	631.9	625.1	629.4
20050202	630.4	635	629.3	634.3
20050203	632.6	633.1	627.3	630.5
20050204	630.8	640.3	630.3	639
20050207	640.1	642.7	635.8	638.8
20050208	638.6	642.1	637.9	640.3
20050209	642.1	642.5	626.8	627
20050210	628.3	631	623.6	628
20050211	627.8	638.5	623.3	638.4
20050214	636.8	639.2	633.2	636.9
20050215	637.5	641.5	633.9	637.5
20050216	636.5	643.5	634.2	639.7
20050217	640.2	642.7	633.1	633.6
20050218	632.8	636.5	629.2	631.7
20050222	628.9	632.8	619.5	620.5
20050223	621.5	627.1	620.8	623.3
20050224	622.5	630	617.9	629
20050225	628.7	639.7	628.1	639.5
20050228	638	640.5	630.7	636.7
20050301	637.6	642.2	635.4	640.3
20050302	637.7	645.5	636.6	639.5
20050303	642.1	643.8	635.4	639.5
20050304	644.9	648.6	641.4	647
20050307	647.7	650.4	645.1	646
20050308	646	647.5	639.2	639.8
20050309	638.2	639.5	632.6	632.8
20050310	633.5	634.4	626.2	629.7
20050311	631.2	634.5	626	629.7
20050314	630.8	634.1	628.3	633.9
20050315	636.3	638	628.2	629.5
20050316	627.1	629.6	623.5	626.4
20050317	626.5	629.5	622.9	625.9
20050318	626.3	626.8	620.5	622.6
20050321	623.7	625	618.9	623.5
20050322	624	630.8	619.2	619.5
20050323	618.3	618.3	613.4	613.9
20050324	617.3	622.1	615.7	616.9
20050328	618.8	620.9	615.6	617.6
20050329	615.9	621.5	605.2	608.2
20050330	609	617	608.2	616.9
20050331	616.8	618.5	613.3	618.4
20050401	619.4	623.4	609.9	613.8
20050404	613.8	617.7	607.9	616.1
20050405	616.7	619	614.4	617.4
20050406	619.1	623.8	617.6	618.7
20050407	616.5	623.5	615	622.1
20050408	621.1	622.2	611.3	611.5
20050411	612.7	613.5	607.5	608.8
20050412	607.8	616.3	602	614.8
20050413	613.7	614.4	602.8	604.1
20050414	604.4	606.1	592.1	592.6
20050415	592.2	595	580.4	583.1
20050418	582.3	589.2	578.5	586.8
20050419	590.4	597.3	589.7	596.4
20050420	597.5	597.6	585.8	587.7
20050421	593.4	601.9	589.5	601.4
20050422	599.7	599.8	585.4	592.3
20050425	594.2	598.4	592.7	597.6
20050426	595	600.6	588.1	589
20050427	585.7	592.5	580.9	588.6
20050428	586	586.1	573.4	574.9
20050429	579.4	581.5	569.3	581.5
20050502	581.8	586.7	579.7	586.4
20050503	585.8	590.8	582.5	588.6
20050504	588	596.9	586.4	595.6
20050505	595.8	600.2	591.6	596.5
20050506	600.6	601.6	595	597.5
20050509	597.3	604.1	594.6	603.1
20050510	600	600.4	594.3	597.1
20050511	597.7	598.6	588.7	596.9
20050512	598	599.3	585.9	586.6
20050513	588.9	590.2	578.4	584.6
20050516	583.9	594.1	583.8	594.1
20050517	591.5	597.5	588.1	597.5
20050518	600.6	609.5	600	608.6
20050519	608.5	612.8	607.5	610.9
20050520	610.9	611.3	605.9	609.1
20050523	610.8	616.7	610.3	614.6
20050524	611.8	615.3	610.4	612.6
20050525	611.5	611.7	605.4	607.4
20050526	609.3	616	609.1	615.4
20050527	616.5	619.5	613	619.5
20050531	618.7	621	615.5	617.9
20050601	617.2	626.5	616.9	624.9
20050602	624	627.3	622.2	625.9
20050603	624.8	628	619.4	621.4
20050606	621	624.5	619	623.8
20050607	625.8	632.6	623.6	624.9
20050608	626.4	627.5	619.8	620.9
20050609	620	627.8	617.2	627.1
20050610	627.7	629.1	624.6	628.3
20050613	626.4	632	624.9	630.2
20050614	629.8	636.1	628.6	635.9
20050615	637.7	638.2	630.1	638
20050616	638.2	645	636.8	643.9
20050617	646.8	650	642.6	643.6
20050620	642.6	645.3	640.6	642.4
20050621	643.3	645	640.5	643.9
20050622	644.8	647.1	639.9	645.2
20050623	643.6	645.9	633.8	633.9
20050624	634	635.2	625.7	628
20050627	627.6	630.7	625.9	629.4
20050628	632.4	643.3	632.1	643.2
20050629	643.2	645	641	642.9
20050630	645.3	647.7	638.6	641.7
20050701	642	645.3	639.1	645.1
20050705	643.1	654.6	642.3	654.6
20050706	654.1	656.1	648.3	648.4
20050707	641.2	651.2	639.2	649.9
20050708	650.5	664.5	649.8	663.9
20050711	664.5	674.1	664.1	672
20050712	671.2	676	668.1	670.9
20050713	671.2	672.9	666.2	669.1
20050714	673.4	675.2	662.3	663.9
20050715	663	666.1	658.6	664.3
20050718	663.2	665.2	658.1	660.6
20050719	662.8	670.5	661.8	669.8
20050720	666.6	679.3	665.9	677.9
20050721	677.9	678.4	666.4	667
20050722	668.6	678.5	667.2	677.4
20050725	677.1	680.9	670.1	673.1
20050726	673.3	677.5	669.9	675.1
20050727	676.4	676.9	668.3	676.2
20050728	677	683.6	674	683.2
20050729	683.6	686.1	678.2	680.8
20050801	683.1	686.2	680.7	682.4
20050802	684.1	688.7	683.5	687.4
20050803	685.5	686.7	682.1	683.4
20050804	679.3	681	671.2	672.2
20050805	671.1	671.7	659.9	662.9
20050808	664.8	666.8	658.3	660.4
20050809	662.3	663.7	657.5	661.5
20050810	663.6	668.9	655.2	660.5
20050811	658.6	666.8	658.2	665.9
20050812	663	663.6	654	657.9
20050815	658.8	667.6	655.3	665
20050816	663.5	663.8	653.2	653.5
20050817	652.4	658.5	651	652.8
20050818	650.1	654	647.1	650.4
20050819	652.9	654.1	649.4	653.6
20050822	654.7	657.7	651	657.6
20050823	657.3	658.4	650.9	657.2
20050824	654.8	662.5	651.2	654.3
20050825	655.3	659	654	658
20050826	657.8	657.9	646.4	647.4
20050829	646.4	656.1	644.1	655.8
20050830	652.9	654.6	648.9	652.5
20050831	653.4	667	651	665.8
20050901	665.8	670.5	663.7	666.7
20050902	669.4	669.5	660.8	663.6
20050906	665.1	673.7	664.3	673
20050907	673	676.3	670.3	675
20050908	673.4	674.7	668.8	671.7
20050909	673.5	677.6	672	675.7
20050912	675.7	682.1	674.4	678.6
20050913	676.6	676.8	670.6	673
20050914	673.5	674.5	664.4	665.6
20050915	666.3	667.7	661.9	663.2
20050916	667	671.4	664.6	670.3
20050919	670	671.1	664.1	667.1
20050920	668.6	670.2	656.5	657.9
20050921	656.2	657	646.8	647.1
20050922	647.2	651.8	641.1	649.5
20050923	648.7	655.4	644.6	654.5
20050926	658.7	661.1	654.3	658.7
20050927	657.9	661.3	652.2	657
20050928	658.4	658.8	649.9	655.5
20050929	654.9	663.8	650.4	662.7
20050930	662.8	667.5	660.5	667.5
20051003	667	672.7	666.6	670.7
20051004	671.3	673.5	659.9	660.2
20051005	660.1	660.3	642.4	642.7
20051006	642.8	647.2	630.3	637.6
20051007	641.1	644.2	637.6	642.5
20051010	644.2	644.2	634.5	635.7
20051011	638.5	640.7	626.7	626.9
20051012	625.7	629.4	613.7	617.3
20051013	617	622.3	611.6	619.4
20051014	625.7	631.1	617.9	629.8
20051017	629.2	634.1	623.1	631.4
20051018	630.1	631.2	621.8	623
20051019	620.1	635.9	614.4	635.5
20051020	634.6	636.7	619.3	624.5
20051021	627.2	634.4	625.9	630.6
20051024	632.1	644.2	631.1	644
20051025	642.4	644.6	633.3	640.1
20051026	637.4	646.1	633.6	635.5
20051027	633.1	633.7	619.8	622.6
20051028	624.5	633.1	620.5	630.7
20051031	634.7	646.2	634.3	644.6
20051101	640.8	644	636.6	642
20051102	639.4	654.3	638.6	654.1
20051103	658	661.9	653.3	656.5
20051104	656.3	658.1	649.9	655.6
20051107	657.6	661	652.9	657.1
20051108	654.7	656.1	651	655.8
20051109	654.6	661.5	651.5	657.8
20051110	656.4	662.8	647.7	660.6
20051111	661.4	665.3	659.9	664.4
20051114	664.8	665.2	658	662.4
20051115	661.1	662.6	651.5	652.7
20051116	653.4	654.9	645.7	652.5
20051117	654.1	664.1	653.8	663.5
20051118	665.9	670.3	663.5	668.1
20051121	669.6	676.3	664.8	675.6
20051122	674	680.6	672.4	678
20051123	677.2	682.9	676.9	679.3
20051125	678.7	680.8	677.2	679.4
20051128	680.4	680.7	667.3	669.4
20051129	670.4	674.8	667.6	670.7
20051130	670.3	676.7	669.8	673.5
20051201	676.7	687.5	675.9	684.9
20051202	684.8	687.1	680.1	686.7
20051205	685.9	686.1	678	682.3
20051206	685.2	689.4	682.3	683.9
20051207	683.1	684.2	676	680.1
20051208	680.8	686.7	675.3	681.4
20051209	681.9	686.4	678	684.6
20051212	686.7	688.4	681.5	686.4
20051213	685.3	689.2	681.8	687.1
20051214	685.8	690.2	682.6	686.2
20051215	686.7	686.9	675.8	679.8
20051216	682.7	683.9	676.1	676.4
20051219	677.8	677.9	666.1	668
20051220	667.7	673	663.3	667.7
20051221	669.1	677.7	668.5	675.6
20051222	677.3	680.3	674	680
20051223	680.9	682.9	679.9	681.8
20051227	683.8	684.6	670.9	672.4
20051228	673.3	677.2	669.6	674.6
20051229	674.9	677.7	671.3	672
20051230	667.6	670.1	664.3	670.1
20060103	671.4	681.2	659.9	679.7
20060104	680.5	685.7	678	683.5
20060105	683.4	687.7	682	687.4
20060106	690.8	696.4	686.4	695.6
20060109	695.5	703.6	695.2	699.9
20060110	696.9	706.5	696.5	706.2
20060111	706.7	707.1	699.8	705.5
20060112	704.1	707.3	700.3	703.2
20060113	702.2	704.6	699.9	703.3
20060117	699.9	701.8	694.9	699.9
20060118	693.3	699.8	692.9	698.5
20060119	700	711.3	698.8	709.2
20060120	709.8	710.8	697.6	701.4
20060123	702.1	705.2	699.5	703.4
20060124	704	714.1	703.6	711.7
20060125	713.5	715.6	707.1	713.1
20060126	715.4	723.8	713.4	723.6
20060127	724.7	731.9	721.9	727
20060130	726.5	729.3	724.1	725
20060131	724.3	729	720.6	728.5
20060201	725.2	731.4	723.7	730.2
20060202	728.9	730	715.6	719.4
20060203	716.8	723.8	713.8	717.3
20060206	717.9	723.2	713.5	722.7
20060207	721	724.4	709.9	710.9
20060208	712.5	716.5	706.8	714.9
20060209	715.9	721.7	710.8	711.5
20060210	710.1	712.4	701.8	709.7
20060213	708.3	709.3	701.5	705.3
20060214	705.7	716	701	713
20060215	712.9	719.2	709.5	719
20060216	721.4	726.1	718.7	725.8
20060217	725.7	726.8	720.6	723.8
20060221	724.9	727	715.8	721.1
20060222	721.7	727.5	716.8	725.2
20060223	724.8	730.1	720.8	724.7
20060224	724.3	730.9	721.6	730.6
20060227	731.2	736.2	730.4	732.6
20060228	731.3	732.1	719.8	723.8
20060301	724.4	736	723	735.9
20060302	733.3	736	727.7	733.4
20060303	728.9	738.2	728.3	728.9
20060306	730.6	731.4	720.9	723.4
20060307	720.7	720.8	710.8	712.9
20060308	710.7	716.4	705	714.5
20060309	715.2	719.1	708.3	708.6
20060310	710	719.7	705.8	719.3
20060313	722.5	727.2	717.9	720.6
20060314	719	729.2	715.9	728.5
20060315	728.4	735.4	725.8	735.1
20060316	737.7	740.8	733.8	734.1
20060317	737.2	738.9	732.6	736.2
20060320	737.3	739	732.1	736.1
20060321	735.5	741.6	725.6	726
20060322	725	737.5	723.8	735.4
20060323	735.4	739.5	732.6	739.3
20060324	739.3	746.1	737.6	746
20060327	744.9	746.2	740.8	745.8
20060328	744.6	749.8	739.7	742.7
20060329	743	756.4	743	755.6
20060330	756.5	759	749.8	754.3
20060331	755.9	757.9	749.4	757.9
20060403	757.8	761.1	749.4	749.9
20060404	749.1	756.8	747.2	753.6
20060405	754.8	758.5	748.7	756.9
20060406	755.3	759	751.6	758.6
20060407	760	763.1	744.7	745.9
20060410	745.9	750.5	740.7	744.8
20060411	745.6	746.5	729.7	731.2
20060412	731.3	739.3	730.5	738.6
20060413	737.3	745	732.8	741.4
20060417	741.4	744.8	734.1	741
20060418	742.8	762.1	742.7	761.6
20060419	762.1	768.7	757.9	767.7
20060420	768.3	768.5	757.4	763.6
20060421	768.1	769	757.6	762
20060424	760.3	761.7	752.2	755.7
20060425	756.7	756.9	749.4	755.9
20060426	755.3	762.1	752.4	755
20060427	749.5	761.3	743.2	748.9
20060428	746.9	757.9	745.1	754.9
20060501	757.1	760.8	746.6	746.9
20060502	751.1	757.4	748.1	757.3
20060503	756.5	759	750.6	755.6
20060504	756.2	765	756.2	764.8
20060505	768.9	774.3	766.8	769.5
20060508	768.8	771.9	766.9	769.8
20060509	769.2	771.7	767.1	769.1
20060510	767.2	768	760.3	764.3
20060511	764.4	765	745	746.4
20060512	741.2	741.4	727.6	727.9
20060515	722.1	729.7	717.3	725
20060516	726.6	731	721.9	725.6
20060517	717.1	723.8	711	711.8
20060518	716.4	720.9	703.3	704.4
20060519	705.9	713.9	697.7	711.6
20060522	704.4	708.8	692.6	702.1
20060523	710.5	715.8	692.5	693.1
20060524	696.6	705.3	682.3	699.2
20060525	705.8	714.5	701.6	713.5
20060526	717.9	719	711.7	718
20060530	714.4	715.1	696.9	697.5
20060531	699.2	709.6	697.6	708.3
20060601	710	724.9	707.4	724
20060602	728.7	729.5	718.1	724
20060605	721.8	722.7	699.3	701.9
20060606	701.6	702.5	688.7	699.4
20060607	698.8	708.7	690.5	691.9
20060608	688.2	694.3	670.3	692.6
20060609	695.7	701.2	683.8	685
20060612	686.5	687.6	668.6	670.2
20060613	667.1	678.8	656.6	657
20060614	657.1	666.3	655.4	664
20060615	669.9	690.3	668.6	688
20060616	686.5	687.3	675.6	678.5
20060619	680.7	681	664.3	665
20060620	664.9	672.9	662.5	663.6
20060621	662.7	680.3	661.9	675.8
20060622	674.2	676.4	668.5	672.8
20060623	672.6	681	667.4	677.3
20060626	680.9	685.7	679.8	685.5
20060627	685.7	689.1	670.5	672.9
20060628	673.7	676.4	665	676.1
20060629	677.9	702.6	677.9	702.1
20060630	704.7	712.2	695.4	712.2
20060703	710.9	717.5	708.5	717
20060705	709.2	710.3	700.1	706
20060706	707.5	712.2	701.9	706
20060707	704.8	706.9	693.1	694.9
20060710	696.4	702.5	691.5	694.5
20060711	690.6	701.4	685.6	701.2
20060712	697.5	700.7	685.4	686.3
20060713	681	684.5	669	669.3
20060714	669.7	671.2	658.5	663.9
20060717	664.6	670.4	659.2	663.4
20060718	666.8	671	654.6	667.4
20060719	666.5	689.1	665.8	683.2
20060720	688.9	690.8	664.7	665.4
20060721	665	665.1	651.9	655.3
20060724	660.8	677.4	660.4	676.7
20060725	675.3	686.2	671.8	678.4
20060726	677.5	684.3	669	677
20060727	682.5	686.9	667.4	670.3
20060728	674.9	685.3	672.5	684.6
20060731	682.4	686.3	678.4	685.3
20060801	679.4	680	669.4	673.6
20060802	677.5	684.8	676.3	681.9
20060803	675.2	690.7	672.4	690.1
20060804	698.6	700.6	676.9	684.1
20060807	681.2	682.2	674.5	680
20060808	681.2	687.1	668.5	670.4
20060809	676.6	679.6	662.5	663.5
20060810	659.4	672.5	656.6	669
20060811	667	667.5	658.5	662.5
20060814	667.3	674.8	662.8	666
20060815	676	681	673.1	680.2
20060816	685	691.5	681.1	690.8
20060817	688.3	697.1	687.4	692.6
20060818	694.3	695.6	686.2	695
20060821	690.8	691.1	684.4	688.5
20060822	687	692.3	685.5	690.6
20060823	690.9	694	677.4	681.4
20060824	682.7	684.4	674.7	680.2
20060825	679.2	686.5	677.7	681.1
20060828	680.8	690.3	680.4	689.1
20060829	690.4	697.8	684.1	697.6
20060830	698.2	704.5	695.7	702.8
20060831	704.5	707.5	700.8	702.4
20060901	705.6	707	699.5	703
20060905	704.1	710.1	701.9	709.6
20060906	704.1	704.3	693	693.5
20060907	689.9	695.8	685.1	687.6
20060908	689.9	691.2	685.9	690
20060911	685.7	692.7	680.9	689
20060912	690.7	707.3	689.9	706.3
20060913	705.6	713	704.1	711.4
20060914	708.8	710.2	704.1	708.9
20060915	713.7	714.1	705.6	709.4
20060918	707.2	714.5	705.2	710.5
20060919	710.8	711.3	694.9	706.6
20060920	711.2	718.8	710.8	716.6
20060921	717.3	719.6	704.2	708.3
20060922	705	705.2	693.5	698.5
20060925	700.9	710	694.1	707.4
20060926	707	713.1	705.1	709.6
20060927	707.6	715.5	707.3	714.8
20060928	714.9	718.1	707.7	712.1
20060929	712.4	715.3	704.2	706.8
20061002	704.7	706.9	695.9	697.9
20061003	696.8	703.1	691.3	697
20061004	696.1	714	694.9	713.4
20061005	713.1	723.9	712.6	723.5
20061006	720.7	723.5	714.3	719.1
20061009	718.2	726.3	715.1	724.6
20061010	725.6	728.3	721.1	725.8
20061011	722.2	727.5	715.1	722.3
20061012	725	738.7	724.9	738
20061013	737.4	744.2	735.7	743.9
20061016	743.2	750.3	741.4	748.4
20061017	743.9	747.1	738	745
20061018	749.6	752.5	740.2	743.5
20061019	741.6	748.5	739.9	747.9
20061020	748	748.4	738.8	739.8
20061023	737.3	746.9	734.7	741.5
20061024	739.2	743.3	737.2	742.1
20061025	740.9	748.2	737.7	747.7
20061026	749.8	755.1	742.1	754
20061027	752.2	754.4	742.8	744.7
20061030	741.1	750.4	738.4	748.3
20061031	749.4	751.3	740	745.7
20061101	747.5	748.7	728.2	728.5
20061102	723.6	731.4	723.4	726.9
20061103	730.3	734.6	724.1	730
20061106	734	743.1	732.1	739.6
20061107	740.5	750.6	739.8	744.2
20061108	738.2	750.1	735.9	747.6
20061109	749.3	749.5	734.9	740.4
20061110	739.5	747.8	737.8	747.3
20061113	746.1	751.9	743.8	748.5
20061114	750.9	763.4	746.1	763
20061115	762.9	772.1	761.3	768.9
20061116	772.6	772.7	765.4	767.9
20061117	765	767.8	759.9	767.4
20061120	765	769.9	762.5	768.1
20061121	768	770.1	764.1	769.3
20061122	770.8	772.2	766.4	770.3
20061124	764.6	771.2	763.1	766.5
20061127	765.9	766.1	747.4	748.9
20061128	746.2	752	743.3	750.4
20061129	755.1	761.8	753	760.8
20061130	759.2	766.1	755.2	762.2
20061201	761.5	763.6	748.2	758.3
20061204	759.1	773	759.1	772.6
20061205	773.6	777.4	770.4	773
20061206	771.3	774.4	767.4	770.4
20061207	772.3	774.4	765.9	767.3
20061208	765.6	772.5	760.9	766.8
20061211	767.2	771	764.7	769.1
20061212	768.6	769.3	757.9	764
20061213	767.5	768.7	760.2	765.6
20061214	765.1	774.9	764.2	768.8
20061215	771.6	773.7	766.6	767.7
20061218	769	770.5	754.4	757.2
20061219	752.6	759.2	748.8	756.8
20061220	757	763.6	756.9	760.7
20061221	760.7	764.5	753.8	757
20061222	756.5	757.9	751	751.7
20061226	754.3	763.3	753.6	763
20061227	764.6	772.7	764.1	771.9
20061228	771	773.6	767.1	768.7
20061229	767.3	770.5	760	762.6
20070103	766.4	771.6	751.8	761.3
20070104	759	766	752.3	763.6
20070105	759.9	760	746.3	746.9
20070108	748.7	752.4	741.5	749.4
20070109	750.4	752.6	740.9	751
20070110	746.3	753.5	744.5	753
20070111	753.3	764.4	752.5	760.6
20070112	761.5	769.7	760.2	769.4
20070116	770.9	772.7	761.3	762.6
20070117	760.7	766.4	759.4	760
20070118	759.6	759.8	748.1	750.5
20070119	748.6	757.9	746.4	755.7
20070122	756.6	756.7	746.8	749.7
20070123	748.3	761.1	747.7	756.5
20070124	757.8	766.3	756.9	765.8
20070125	765.4	767.6	752.8	755.1
20070126	757	760.6	748.8	757.5
20070129	758.4	767	757.6	764.6
20070130	766.4	770.2	762.6	769.4
20070131	767.9	775.1	763.5	772.1
20070201	773.8	779.7	772.3	779.1
20070202	781	781.7	777.3	780.3
20070205	779.1	781.8	775.7	779.2
20070206	779.6	781.6	774.6	780.9
20070207	782	788.7	779.2	788.5
20070208	785.5	788.1	782.3	787
20070209	786.4	788	773.1	779.1
20070212	779.4	779.7	772.2	776.9
20070213	778.6	783.4	777.4	783
20070214	783.2	789	781.1	783.4
20070215	783.1	787.7	781.2	783.8
20070216	782.6	788.4	779.2	787.4
20070220	785.5	797.3	781.1	794.9
20070221	791.7	796.7	790.4	796.2
20070222	797.5	799.6	791.3	798.8
20070223	797.8	798.1	791.6	795
20070226	798	799	786.8	792.8
20070227	778.2	780.6	754.3	754.9
20070228	757.6	766.5	751.5	762.4
20070301	748.9	765.1	741.1	758.1
20070302	755.8	757.6	740.9	741.5
20070305	734.6	746.5	725	726
20070306	735.9	750.7	735.4	745.9
20070307	746.6	749.6	741.2	742.8
20070308	750.4	755.2	746.4	751.4
20070309	754.7	755.9	747.4	755.1
20070312	753.6	758.2	750.7	757.1
20070313	751.8	753.6	735.5	737.6
20070314	736.9	747.1	728.3	745.6
20070315	744	752	744	750.8
20070316	751.2	753.4	743.7	745.9
20070319	751.1	757.8	750.9	755.4
20070320	754.8	762.3	752.5	762
20070321	762.3	777.2	759.9	776
20070322	778.2	778.7	772	775.9
20070323	776.7	778.5	774.7	777
20070326	777.4	779.3	769	774.8
20070327	774.5	775	767.6	771.3
20070328	766.1	768.9	759.6	765.3
20070329	770.7	771.1	758.3	765.8
20070330	767	772.9	760.6	769.5
20070402	769.6	771.1	764.8	770.1
20070403	773.7	781.1	773.1	778.8
20070404	778.3	779.2	774.1	778.1
20070405	777.6	781.4	776.7	778.3
20070409	780.9	781.2	776.2	778.8
20070410	778	783.6	776.8	780.9
20070411	781.6	781.7	770.1	775.4
20070412	773.3	781.9	768.9	780.6
20070413	781.8	786.4	777.5	786
20070416	790.6	798.3	790.3	797
20070417	798.3	798.8	791.8	795.2
20070418	791.4	794.4	788.7	789.5
20070419	783.2	790.2	779.8	785.3
20070420	791.5	795.7	789.5	795.3
20070423	794.2	797	790.7	793.9
20070424	794.4	795.3	785.4	793.5
20070425	797.1	800.8	791.1	795.8
20070426	796	801.1	791.5	800.1
20070427	796.4	797.6	791.5	796.4
20070430	795.9	796.6	777.8	780.4
20070501	780.7	782.4	771.8	781.7
20070502	781.1	795.1	779.6	792.1
20070503	792.5	796.2	790.1	793.1
20070504	795	798.6	791.7	798.3
20070507	798.3	800.3	794.9	796
20070508	792	795.6	785.4	792.6
20070509	789.8	802.3	789.2	796.2
20070510	792.9	793.9	781.7	785.6
20070511	787.1	794	785.8	793.2
20070514	792.4	795.4	783.8	786
20070515	785.5	792.1	776.7	778.7
20070516	779.7	783.9	773.3	783
20070517	781.9	782.7	775.5	776.4
20070518	780.4	789.3	777	786.3
20070521	785.9	801.1	785.1	796.6
20070522	796.9	805.4	794.8	801.9
20070523	803.9	809.6	798.1	799.4
20070524	798.4	803.8	783.5	787.7
20070525	790.4	795.1	788.4	793.3
20070529	795.6	801.9	795.2	800.9
20070530	794	806.5	792.1	806
20070531	807.8	812.4	805.7	810
20070601	813.3	819.6	812	815.4
20070604	812.5	817.5	810.9	816.3
20070605	813.5	814.9	805.8	812.3
20070606	805.3	805.4	798.4	802
20070607	799.9	801.4	784.7	785
20070608	785.8	798.5	783.3	795.9
20070611	794.5	799.7	790.3	795.9
20070612	790.2	794.4	780.9	781.6
20070613	785.5	796.5	783.9	792.8
20070614	795.5	803.7	795.4	800.2
20070615	810	813.5	807.4	810.3
20070618	812.7	813.1	803.9	808.2
20070619	804.7	811.6	801.3	810.4
20070620	812	812.9	795.5	795.8
20070621	794	801.7	788.7	801.3
20070622	799.5	800.6	788.7	794.7
20070625	792.4	799.5	784.3	789.6
20070626	792.6	793.5	782.6	783.2
20070627	780.3	800.3	778.9	799.7
20070628	799.3	807.4	798.4	799.4
20070629	802.4	807	788.5	796.2
20070702	798.8	806.2	797.2	805.1
20070703	806.2	809.8	805	808.7
20070705	809.5	811.5	803.3	809.8
20070706	810.1	814.1	805.1	813.1
20070709	814.3	815	808.7	812.2
20070710	807.5	808.3	796.6	798
20070711	796	803.1	793	802.7
20070712	804.6	815.6	804.3	812.5
20070713	813.1	816.3	810.4	813.4
20070716	813	815.6	805.9	808.7
20070717	810.5	814.7	808.5	809.3
20070718	804	806.8	794.2	806.5
20070719	810.8	812.9	808	808.6
20070720	807.8	810.7	788.7	795.5
20070723	799.3	801.4	792.1	792.5
20070724	782.9	784.5	766.9	772.1
20070725	776	779.7	760.2	769.1
20070726	753.9	762.8	736.7	746.3
20070727	746.4	753.4	725.2	726.7
20070730	733.4	745.5	726.4	740.9
20070731	749.9	752.5	728.6	735.1
20070801	729.2	740	721.3	735.5
20070802	738.8	743.4	733.3	742.5
20070803	741.4	742.6	709	714
20070806	716	724.3	698.8	720.4
20070807	718.9	736.5	714.4	731.2
20070808	738	761.3	737.8	755.8
20070809	736.8	754.4	736.5	737.2
20070810	730.7	758.2	724.5	741.6
20070813	753.5	759.4	735.4	736.4
20070814	739.8	741.9	719.2	723.5
20070815	718.7	733.5	706.7	711.9
20070816	704.9	729.4	691.8	728.6
20070817	751.9	760.3	731.7	744
20070820	746.6	750.1	734.2	743.8
20070821	744.9	750.2	739.6	746.2
20070822	752.2	756.5	747.9	755.1
20070823	757	760	741.7	745.1
20070824	744.5	756	742	755.8
20070827	752.3	753.7	743.7	744.4
20070828	739.7	740.6	722.2	724.1
20070829	727.6	743.9	725.8	743.5
20070830	734.6	748	733.1	738.7
20070831	749.4	751.7	741.1	748.9
20070903	746.9	747.9	746.7	746.9
20070904	744.8	761.5	743.8	755.3
20070905	750.5	751.5	742.2	748.8
20070906	748.1	751.3	739.8	747.7
20070907	734.6	736.8	727.1	734.4
20070910	736.1	736.7	713.2	724.4
20070911	728.9	738.1	727.3	737.5
20070912	734.3	738.9	730.8	732.4
20070913	736.8	742.3	728.5	733.7
20070914	725.7	739.6	724.5	737.9
20070917	735.3	737.1	728.7	729.4
20070918	734.3	763.7	729	763
20070919	769	778	767.6	773.3
20070920	771.7	772.4	759.1	764.9
20070921	769.4	772.4	765.3	765.7
20070924	767.3	770.3	757	760.4
20070925	754.6	759	750.6	757.1
20070926	762.9	767.4	758.2	763.2
20070927	767	768.9	763.3	767.5
20070928	767.2	770.1	757	762
20071001	759.2	780.5	758.6	778.6
20071002	780.8	787.1	779.9	783.8
20071003	781.5	785.6	777.2	781.2
20071004	783.3	784.9	777.5	782.6
20071005	791.8	802	787.5	799
20071008	797	799.6	790.1	793.2
20071009	797.2	801.2	790.6	800.4
20071010	797.9	800.1	792.2	799.1
20071011	803.1	806.8	783.8	789.3
20071012	790.1	798.5	789.4	795.6
20071015	795.3	796.3	777.3	786.3
20071016	780.8	782.7	775.9	776.6
20071017	784.9	786.3	767.3	779.2
20071018	773.4	780.5	770.5	777.3
20071019	775.4	775.9	746.4	747
20071022	741	765.3	739.1	763.6
20071023	768.6	771.3	757.6	769.3
20071024	764.4	767.3	746.6	764
20071025	765	770	750.9	762.3
20071026	770.2	776	759.8	775.5
20071029	777.5	779.9	769.1	775
20071030	770.3	775	764.5	767.5
20071031	771.6	783.1	760.2	781.1
20071101	768.4	768.8	743.9	745.7
20071102	755.5	755.8	737.6	749.5
20071105	738.4	746.8	734.5	739.6
20071106	744.3	754.8	734.4	754.4
20071107	742.6	745.4	725.2	729.2
20071108	733.1	735.2	711.9	730.8
20071109	720	731.1	714.6	722.2
20071112	721.9	734.7	713.5	714.2
20071113	724.8	741.2	724.3	738.3
20071114	744.5	745.5	729.2	734.3
20071115	729.5	731.9	715.1	722
20071116	725.9	726.7	708.4	715.5
20071119	712.1	713.2	696.4	699.4
20071120	699.8	708.1	685.5	702.9
20071121	697.7	699.7	685.6	687.8
20071123	696.2	710.2	693.5	703.8
20071126	706.2	708.7	681.9	682.3
20071127	687.4	696.4	683.9	692.4
20071128	701.5	721.6	700.8	720.4
20071129	717.9	722	711.3	714.3
20071130	726.9	732.1	713.7	718.2
20071203	717.1	719.6	708.8	709.1
20071204	702	707.4	697.5	702.2
20071205	713	717.9	706.7	716.2
20071206	714	736.5	714	734.5
20071207	739	739.2	730.7	735.8
20071210	736.7	744.3	733.6	743.4
20071211	744.5	749.1	713.6	714.4
20071212	737.9	739.7	711.9	721.2
20071213	714	720.3	707.6	715.8
20071214	708.7	719.8	700.3	701.1
20071217	699	701.7	688.2	690
20071218	697.4	705.2	684.1	703.2
20071219	701.5	708	697.8	707.7
20071220	712.8	720.8	698.8	720.2
20071221	729.7	738.2	727.3	737.3
20071224	738.9	745.2	737.8	742.7
20071226	740.1	750	738.6	746.7
20071227	742.5	744.8	721.9	725.7
20071228	732.2	732.8	718.3	718.6
20071231	716.6	719.2	707.5	717.5
20080102	713.5	716.9	697.5	703.8
20080103	703.4	708.2	691.9	696.1
20080104	683.9	685	667.4	672.5
20080107	673.5	680	662	672.1
20080108	675.1	684.3	649.1	651.4
20080109	651.3	661.5	637.3	658.1
20080110	652	674.3	649.6	666.8
20080111	663.5	666.2	649.9	653.4
20080114	660.6	662.7	653.1	658
20080115	649.3	652.2	640.8	646.6
20080116	642.8	657.4	637.3	646.1
20080117	649.1	651	626.4	629.3
20080118	631	638.1	612.5	619.8
20080122	593.1	631.1	590.7	616.8
20080123	603.2	641.4	600	639.9
20080124	642.7	651.4	631.9	638.4
20080125	649.8	651.5	630.2	634.1
20080128	633.8	650.1	626.3	649.1
20080129	652.7	653.3	640.7	652
20080130	646.5	663.3	636.9	637.3
20080131	630.2	664.8	628.4	660.3
20080201	662.6	677.9	658.8	677.2
20080204	674.8	675.2	665.8	666.9
20080205	655.3	665	647	652.1
20080206	652.9	657.8	636.8	642.1
20080207	635	653.7	633.2	651.6
20080208	647.9	655	638.2	644.2
20080211	644.9	650.4	635.3	644.6
20080212	649.6	658.9	645.6	652.6
20080213	658.3	668.2	655.2	666.2
20080214	669	670	648.1	651
20080215	646.1	649.2	639.4	646.6
20080219	656.8	658.6	644.1	651.7
20080220	643.4	658.2	639.6	657
20080221	660.8	665.7	640.1	642.9
20080222	642.9	643.2	627.9	640.2
20080225	641.7	658.2	637.8	655.9
20080226	651.6	670.3	651.2	662.1
20080227	656.2	670.5	654.9	661.7
20080228	655.2	658.8	647	648.8
20080229	642.4	645	628	632.1
20080303	631.8	634.6	619.3	629.2
20080304	622.8	629.8	614.9	625.2
20080305	629.2	634.1	621.2	631.2
20080306	625	628	605.7	607.5
20080307	600.9	615.2	598.8	605.9
20080310	607	607.6	587.6	592.4
20080311	610.8	620.5	597.8	619.6
20080312	618.6	627.3	611.6	612.7
20080313	605.8	627.1	598.9	624
20080314	630.5	630.7	600.3	609.7
20080317	590.3	606.7	589.5	597.7
20080318	612.1	628.9	603.6	627.8
20080319	631.8	636	607.7	609.5
20080320	614	628	610.1	621.6
20080324	629.7	651.6	627.2	647.6
20080325	647.1	652.4	640.7	650.4
20080326	647.7	650.8	641.6	644.5
20080327	648.7	650.7	637.6	638.9
20080328	639.5	642.2	627.6	630.3
20080331	629.7	640.6	626.1	636.2
20080401	641.8	656.4	639.3	655.9
20080402	657	663.4	651.7	658.4
20080403	652.6	663.1	651.8	661.5
20080404	659.9	667.2	654.6	660.1
20080407	664.8	666.8	656	657.6
20080408	653.1	661.1	652	659.9
20080409	659.1	661.5	642.3	646.6
20080410	644.6	657.3	642.3	653.8
20080411	645.5	645.9	631.7	634.6
20080414	634	640.4	629.8	633
20080415	636.5	638.9	630.3	638.1
20080416	644.5	661.1	644.4	660.1
20080417	656.6	657.6	649.5	656.1
20080418	667.3	671.1	662.8	663.9
20080421	661.5	666.5	660.2	663
20080422	660.7	660.7	642.7	652.6
20080423	652.8	658.1	646.7	651.9
20080424	652.7	667.8	644.2	659.5
20080425	666	670.8	655.8	666.4
20080428	667.1	675.2	663.7	671.9
20080429	670.4	671.9	660.6	665.6
20080430	667.1	674.6	658.6	663.7
20080501	662.1	676.4	659.9	675.6
20080502	681.9	682.7	669.9	673.8
20080505	670.7	674.7	666.3	670.1
20080506	666.4	678.5	664.4	676.2
20080507	676.7	679.9	660.5	664
20080508	664.3	666.9	659.2	662.1
20080509	659.3	668.4	657.6	665.3
20080512	666.9	680.4	665.4	678.8
20080513	680.4	684.1	674.8	683
20080514	684	691.2	680.8	681.4
20080515	682	690.2	678.4	689
20080516	692.3	692.6	678.1	687.1
20080519	687.4	694.7	681.7	687.1
20080520	682	684.8	675	684.5
20080521	683.4	689.6	669.3	675.6
20080522	674.9	683.1	673.8	678.2
20080523	675.7	677.2	664.4	669.3
20080527	670.6	681.5	670.5	679.9
20080528	683.4	685	676.3	684.7
20080529	682.2	697.7	681.8	691.1
20080530	692	695.1	688.5	694.9
20080602	692.4	693.1	678.7	687.2
20080603	689.6	693.4	677.3	685.5
20080604	682.7	696.7	680.2	689.1
20080605	691.3	710.9	689.2	710.5
20080606	705	705.3	685.9	686.1
20080609	687.9	690.7	674.6	682.5
20080610	677.2	683.3	674	676.5
20080611	677.3	679	664.1	664.3
20080612	669.3	677.6	663.1	668
20080613	673.2	681	669.7	680.2
20080616	677.3	687.9	676.2	684.9
20080617	689.1	689.3	682.5	684
20080618	679.8	681.9	671.8	677.9
20080619	678	684.9	673.9	683.9
20080620	679.9	681.5	664.9	672.2
20080623	675.5	676.5	663.5	663.6
20080624	661.1	665.6	652.5	653.1
20080625	655.8	665.7	654.9	662.6
20080626	654.3	656.2	642.1	643.1
20080627	643.1	648.5	637.4	645.4
20080630	644.5	648.2	635	638.2
20080701	628.2	638.4	621.6	636.6
20080702	637.2	639.5	615.8	616.4
20080703	618.8	619.4	605.2	610.5
20080707	615.1	618	596.7	603.3
20080708	604.9	630.2	600.1	629.4
20080709	628.8	630.4	607.5	610.5
20080710	608.2	622.5	607.3	617.5
20080711	610.2	625.8	604.1	620.1
20080714	625.4	626.9	606	609.1
20080715	602.9	621	592.7	606.1
20080716	610.8	633.3	605.7	631.3
20080717	635.3	643.9	629	639.1
20080718	646.5	646.6	633.6	637.2
20080721	641.6	646.3	637.7	645.9
20080722	639.9	665.1	638.4	663.6
20080723	662.2	673.6	660.3	667.7
20080724	667.3	667.7	646.8	651.4
20080725	655.2	662.6	650.6	654.9
20080728	654.9	656.8	640	643.4
20080729	644.6	662.5	644.1	660.1
20080730	664	668.9	654.1	664.3
20080731	655.9	668.1	655.2	662
20080801	662.2	665.8	651	663.7
20080804	662.5	663.1	645.9	650.5
20080805	657.4	668.1	655.5	667.5
20080806	665.1	674.9	659.9	671.7
20080807	665	671.4	657.4	662.1
20080808	660.1	681.9	657.7	678.1
20080811	680.6	704.3	679.5	696.9
20080812	694.5	697.2	688.5	693.5
20080813	690.6	697.6	683.2	693.7
20080814	689.5	704.4	688.5	701.5
20080815	705.4	710.6	692.5	701.2
20080818	700.5	702	683.2	690.3
20080819	684.4	686.1	672.1	676.8
20080820	680.6	686.1	670.3	678.2
20080821	673	677.4	668.1	669.1
20080822	674.8	685.9	673.7	684.5
20080825	679.9	680.7	663.4	668.2
20080826	669.1	673.5	662	670.4
20080827	669.6	682.8	668.6	677.8
20080828	681.2	694.3	680	691.5
20080829	689.3	692.6	682.6	686.4
20080902	696.5	702.4	677.1	685.3
20080903	683.8	694.7	681.5	688.4
20080904	663	666.3	657.8	666.2
20080905	677.1	689.6	665	665
20080908	681.7	685.4	679.3	680.8
20080909	659.6	664.5	655.8	655.8
20080910	661.8	663.3	650.3	663.3
20080911	668.6	668.6	660	666.8
20080912	654.8	670.8	643.2	670.8
20080915	636.5	645.9	622.6	638.6
20080916	625.2	661.2	624.8	661
20080917	647.9	648	616.6	624.1
20080918	638.2	664.8	613.6	658.3
20080919	711.2	713.1	684.8	701
20080922	699.3	700.5	663.3	665.5
20080923	665.4	672.2	651.2	651.6
20080924	654	655.6	643	645.2
20080925	649.2	650.9	634.7	650.9
20080926	655	655.6	632.6	651.4
20080929	639.7	640	592.4	597.7
20080930	627.5	627.5	617.6	626
20081001	620.1	624.3	612.5	622.2
20081002	587.1	593.1	582.2	588.3
20081003	587.1	603.2	561.7	564
20081006	550.9	553.1	509.7	540.7
20081007	548.9	551.1	498.9	503.5
20081008	484	516.6	481.1	488.3
20081009	502.6	505	431.9	435.6
20081010	421.9	477.3	409.8	468.7
20081013	492.1	524.4	483.2	519.3
20081014	534.5	536.1	485.6	505.8
20081015	491.5	496.3	440.7	444.3
20081016	455.9	486.7	429.3	479.4
20081017	462.7	501.6	460.9	465.3
20081020	478.4	497.2	470.7	496
20081021	485.7	492.9	474.7	481.7
20081022	463.9	471.3	438.5	452.4
20081023	452.4	455.8	412.5	434.6
20081024	395	428.8	390.1	408.9
20081027	407.7	423	386.1	387.7
20081028	402.7	436.4	386.1	431.7
20081029	432.2	454.3	424.9	433.6
20081030	450.1	465.4	441.8	464.1
20081031	460.1	487.9	451.6	484.1
20081103	482	492.8	480.2	488.4
20081104	495.2	498.8	480	490.6
20081105	485.9	489.5	458.9	463.3
20081106	456.2	462.8	441.1	444.3
20081107	446	459.8	439.1	457.7
20081110	463.7	464.7	435	443
20081111	434.9	445.6	426.2	428
20081112	422.4	424.9	397.6	398.8
20081113	402.7	442.5	378.1	436.5
20081114	428.9	435	393.2	395.3
20081117	398.8	411.9	394.2	397.1
20081118	399	406.1	376.5	401.7
20081119	393.6	397.4	357.6	360.7
20081120	355.6	365.3	327.1	329.9
20081121	338.6	354.6	316.8	348.8
20081124	357.6	386.6	353.2	380.6
20081125	388.4	390.5	372.5	384.8
20081126	378.7	416.8	377.9	413.2
20081128	409.4	422.1	407.7	420.3
20081201	407.4	409.6	360	365.8
20081202	372.9	391.1	365.3	388.5
20081203	377.7	405.2	376.4	400.7
20081204	394.5	410.5	378.1	389.1
20081205	379.7	409.2	369.6	404.4
20081208	418.6	432.1	415.6	428.1
20081209	423.3	440.7	408.7	416
20081210	417.8	431.2	413.9	423.3
20081211	418.7	425.4	393.8	398.6
20081212	388.1	421.3	386.3	420.2
20081215	418.7	421.1	392.2	405.3
20081216	409	431.7	407.2	429.8
20081217	426.1	441.7	422.1	433.2
20081218	434.2	443.2	419.5	434.6
20081219	436.6	446.5	428.5	434.6
20081222	435.8	436.1	407.6	427.7
20081223	427.5	430.6	413.2	415.2
20081224	417.8	422	412	421.6
20081226	424.2	427.2	417.6	424.5
20081229	423.8	426.3	408.5	419.1
20081230	420	435.1	417.5	434.2
20081231	432.4	453.6	431.6	448.5
20090102	448	457.5	442.5	450.8
20090105	455.1	458.1	443.9	454.2
20090106	458.1	469.2	455.2	461.1
20090107	452.6	455	439.8	447.5
20090108	443.8	451.5	441.6	450.3
20090109	451.1	452.2	426.5	427.2
20090112	429.1	430.8	414.7	417.4
20090113	415.8	425.9	413.7	423.1
20090114	412.8	416.2	399.8	403
20090115	402.7	414.4	387.1	410.5
20090116	419	420	398.9	414.2
20090120	407.9	411.7	377.5	383.2
20090121	389.4	406.4	379.6	404.3
20090122	394.6	402.8	383	394.6
20090123	379.8	399.9	378	390
20090126	393	408.4	391.2	396.7
20090127	400.4	408.1	396.8	401.7
20090128	412.4	424.8	411.1	422.9
20090129	415.3	416.6	401.8	405.3
20090130	407	409.6	390.3	393.2
20090202	386.1	401.3	385.8	398.1
20090203	402.5	405.5	394	399.7
20090204	401.6	411	394.8	399.7
20090205	394.2	410.2	391.7	401.6
20090206	403.9	421.7	401.7	420.1
20090209	417.6	421	411.8	417.2
20090210	413.5	420.8	393.9	397
20090211	398.1	401.6	390.7	397.9
20090212	390.5	404.2	384.1	404
20090213	400.5	406.8	393	394.3
20090217	379.6	385.9	375.9	377
20090218	382.3	383.1	368.2	370.4
20090219	377.5	379.4	365.9	367.3
20090220	358.8	366.2	351.6	359.8
20090223	363.9	364.4	344.6	348.8
20090224	350.1	363.7	345.8	360
20090225	358.2	360.9	344.6	348.5
20090226	355.8	357.2	341.8	344.5
20090227	337.1	348.8	336.2	339.1
20090302	332.4	333.9	317.1	320.9
20090303	323.9	324.4	307.3	308
20090304	320.5	326.2	314.5	317.5
20090305	312.1	316.5	298.6	302.5
20090306	303.6	308.5	292.6	305.1
20090309	297.2	306.1	292.2	295.2
20090310	302.2	320.2	300.7	315.8
20090311	320.5	327.6	313.1	315.4
20090312	314.9	343.2	310.2	341.4
20090313	342.9	346.5	337.3	344.6
20090316	348.1	352	335.1	339.2
20090317	337	357.6	333.9	356.2
20090318	352.5	371.9	349	369.6
20090319	374.3	375	361.5	364.7
20090320	367.8	369	348.5	350.3
20090323	363.1	387.6	359.1	382.7
20090324	378.5	382.6	366.3	369
20090325	370.9	384.4	359.5	376.9
20090326	384.8	398.1	380.1	394.8
20090327	387.7	391.6	379.5	381.8
20090330	367.9	369.5	359	367.7
20090331	373	384.7	367.4	374.2
20090401	364.9	381.2	362.6	379.6
20090402	392.6	407.1	389.4	403.1
20090403	400.1	410.5	394.9	409.3
20090406	401.2	402.8	391.6	399.2
20090407	392.1	396.1	382.5	384.8
20090408	386.6	394	383.4	391.6
20090409	404.4	421.5	402.3	418.3
20090413	413.9	421.7	408.2	416.6
20090414	411.1	416.8	403.5	406.3
20090415	401.5	413.4	400.4	411.1
20090416	417	428.8	409.1	423.8
20090417	425.9	434.5	420.9	429.3
20090420	419.5	421.7	403.6	407.7
20090421	402.5	422.5	401.4	420.5
20090422	413.6	433.6	412.1	418.5
20090423	422.6	423.8	410.8	418.7
20090424	422.8	434.6	418.5	430.9
20090427	420.1	429.6	417.7	423.7
20090428	417	431.7	415.4	423.8
20090429	429.9	447.4	428	441.7
20090430	449.2	453.7	434.4	439.6
20090501	438.1	444.5	435.4	438.8
20090504	444.2	458.5	442.1	456.7
20090505	455.2	457.6	447.5	455.8
20090506	460.6	463.4	446.3	457.6
20090507	464	465.3	440.2	446.7
20090508	452.7	463.7	447.7	461.3
20090511	452	457.9	449.1	455.4
20090512	456.9	459.7	438.4	448.8
20090513	438.4	439.6	423.5	426.5
20090514	425.2	439.1	422.1	430.9
20090515	430.3	435.7	424.2	428.8
20090518	434.3	447.5	432.5	445.3
20090519	445.1	451.1	439.6	444.5
20090520	449.9	458.5	439.9	440.8
20090521	434.1	438.5	425.8	434.7
20090522	436.8	438.1	427.3	428.9
20090526	424.9	453.3	424.5	451.1
20090527	449.2	455.1	441.6	442.8
20090528	447	449	432.4	442.9
20090529	445.5	456.8	442.1	454.2
20090601	464.8	475.4	462.6	470.5
20090602	471.1	481.8	468.2	479.1
20090603	474.7	477.7	469	477.2
20090604	479.1	484.5	472.5	483.5
20090605	488.7	489.7	478.5	483.4
20090608	479.6	484.5	472	478.1
20090609	479.9	484.4	477.3	479.5
20090610	485.6	485.7	467.6	478.1
20090611	478.5	486.4	476.1	476.7
20090612	474.5	480.1	470.6	477.7
20090615	472.4	472.5	459.6	466
20090616	469.3	470.4	454.9	457.3
20090617	456.7	465.5	451.8	458.6
20090618	459.3	464.9	454.6	463
20090619	468.8	470.8	462.5	466.3
20090622	461.6	461.9	445.6	448.6
20090623	449.1	451.1	440.6	442
20090624	447.2	454.3	445	448.5
20090625	443.4	463.4	442.4	461.2
20090626	459.8	467.3	457.2	462.6
20090629	465	467.4	455.6	463.5
20090630	464.4	468	459.3	462.7
20090701	465.2	474.2	464.8	469.8
20090702	462.4	462.4	450.3	452.8
20090706	448	450.9	439.8	449.1
20090707	447.2	448.6	436.8	439.8
20090708	439.7	441.2	426.1	432
20090709	436.6	437.7	431.3	432.9
20090710	429.5	436.4	426.7	433.5
20090713	436.6	447.4	427.7	445.9
20090714	446.3	453	443.3	449.1
20090715	458.4	470	456.4	467.4
20090716	466.6	477.6	465.2	474.4
20090717	476.3	476.7	471.3	474.5
20090720	476.4	481.1	474.1	480.1
20090721	484.1	484.5	471.5	480.3
20090722	476.1	486	475.3	480.2
20090723	482.6	502.2	481.5	497.1
20090724	495.7	504	493.6	503.3
20090727	501.8	506.2	498.1	505
20090728	501.5	507.2	497.4	505.1
20090729	502.3	505.3	499.4	503.1
20090730	509.9	518.3	507.8	510.9
20090731	509.9	516.9	506.7	511.4
20090803	516.3	520.2	510.1	518.5
20090804	516.2	527.3	515.7	526.2
20090805	525.6	525.8	514	521.4
20090806	522.1	523.8	510.1	512.8
20090807	520.3	532.6	517.1	524.4
20090810	523.4	529.6	521.1	526.8
20090811	523.7	524.5	514	517.9
20090812	517	532.8	516.9	525.9
20090813	530.1	532.1	521.4	531
20090814	529.2	529.9	512.1	521.4
20090817	507	508.3	500.9	504
20090818	506.3	513.2	503.4	511.4
20090819	503.7	517.1	502.4	516.7
20090820	515.3	524	512.8	522.7
20090821	528.5	538.2	527.8	536
20090824	538.2	541.9	532.5	535.3
20090825	538.1	544	536.2	537.8
20090826	537.1	542	534.6	538.4
20090827	538.6	540.3	526.3	537.9
20090828	544.4	546.2	530.8	534.6
20090831	529.1	530.7	523.4	527.2
20090901	523	535.7	511.1	513
20090902	510.9	514.8	508.8	510.3
20090903	513.5	517.3	506.3	516.1
20090904	516.1	525.6	512.9	523.3
20090908	530.9	531.6	524.3	531.4
20090909	531.2	544.8	529.4	540.4
20090910	541.2	549.9	536.5	548.6
20090911	550.1	554.1	545.4	548.3
20090914	543.9	555.3	543.1	553
20090915	554.6	561.5	552	558.6
20090916	562.3	572.6	560.7	571.6
20090917	571.8	578.2	567.8	572.2
20090918	575.4	575.4	567	571.9
20090921	567.8	574.1	566.3	571.5
20090922	576.1	578.3	571.6	576.5
20090923	577.1	581.9	568.8	571.1
20090924	571.1	573.5	553.2	556.8
20090925	555	559.3	550.8	555.1
20090928	558.1	572	556.2	568.5
20090929	569	573.7	564.3	564.5
20090930	567	568.2	551.4	560.7
20091001	556.9	557.6	538.7	542
20091002	533.5	540.9	531.1	536.3
20091005	538.6	548.7	536.2	546.7
20091006	550.8	560.4	549.3	556.6
20091007	555.5	560	554.3	557.6
20091008	563.1	569	559.5	564.6
20091009	563.8	570.8	562.2	569.9
20091012	573.7	576.1	567.1	569.7
20091013	569.1	570.7	561.8	566.9
20091014	576.6	580.6	571.3	577.8
20091015	575.7	580.5	574.2	578.1
20091016	574.8	576.1	567.2	572
20091019	574.7	581.2	569.6	575.4
20091020	578.2	579	565.6	571.5
20091021	568.3	580	553.8	560.2
20091022	560.7	572.2	553.5	570.2
20091023	570.5	572.7	555.5	559
20091026	558.4	567.7	548	552.4
20091027	551.6	554.8	542.1	543.8
20091028	541.6	544	521.7	523.8
20091029	529.2	538.2	526.9	534.2
20091030	532.4	533.2	515.5	519.5
20091102	522.1	527.3	509.1	519.1
20091103	514.7	526.8	512.9	525.6
20091104	530.3	532.6	518.1	521.8
20091105	525.4	537.7	523.3	536.3
20091106	530.3	541.8	528.6	535.7
20091109	541.7	548.7	541.2	547.1
20091110	546.9	551	539.6	544.6
20091111	549	554.3	543.8	548.5
20091112	549	553.3	535.8	538.4
20091113	539.4	545.6	532.2	543.1
20091116	547.2	562.8	547	557.9
20091117	556.7	560.8	553.3	557.4
20091118	559.3	559.8	551.9	557.2
20091119	551.7	552.6	537.8	543.1
20091120	538.3	544	536.7	541.7
20091123	549.8	559.1	548.9	551.8
20091124	552.3	552.4	542.2	549.2
20091125	553.1	554.1	548.4	549.3
20091127	527.5	542.6	526.3	531.4
20091130	532.6	537.7	524.3	536.9
20091201	542.2	548.4	540.7	546.2
20091202	546.7	558	546.6	553.3
20091203	555.8	559.6	545.1	545.7
20091204	557.9	564.9	548.8	560.8
20091207	560.1	564.1	557	560.6
20091208	557.4	560.6	549.5	554.4
20091209	555.3	556.9	548.7	554.6
20091210	557.1	560.3	549.5	553.3
20091211	556.1	559	550.6	558
20091214	562.4	567.2	555.7	566.2
20091215	565.6	571.2	563.9	565.4
20091216	569.1	572.3	565.4	569.6
20091217	565.4	567.9	557.9	565.1
20091218	566.5	570.7	559	569
20091221	572.1	577	571.9	575
20091222	576.5	582.7	575.2	581.9
20091223	585.4	590.1	581.7	589.4
20091224	591.4	593.4	589.9	592.8
20091228	594.3	594.7	588.3	591.9
20091229	592.8	593.9	590.5	590.7
20091230	589	593.5	585.1	590.9
20091231	591	594.2	581.2	584.1
20100104	591.3	599	591.2	597.5
20100105	597.7	600.4	593.3	596.2
20100106	596.3	599.8	594.1	596.1
20100107	596	600.8	589.9	599.3
20100108	598.2	604.1	596.5	603.4
20100111	606.4	607.4	598.7	600.2
20100112	597.2	600.3	591	595.9
20100113	596.3	603.8	590.9	601.1
20100114	600.3	606.9	598.9	606
20100115	605.1	606.8	591.1	596.8
20100119	597.8	607.8	597.7	606.6
20100120	602.5	602.8	590.3	598.2
20100121	598.3	603.4	584.8	585.7
20100122	586.2	589.2	573.1	576.5
20100125	579.1	579.9	571.8	576
20100126	574.3	578.8	569.9	571
20100127	567.7	577.9	565.6	577.1
20100128	578	578.5	560.7	565.7
20100129	568.8	575.5	558.3	561.2
20100201	562.4	568	560.1	566.8
20100202	568	574.4	564.8	572.4
20100203	570.7	575	564.5	572
20100204	565.4	565.6	548.5	550.9
20100205	550.2	552.1	538.6	550.2
20100208	549	554.7	544.6	547.2
20100209	552.5	557.2	546.1	552.5
20100210	551.6	556.4	545.3	552.8
20100211	553.2	564.9	548.4	564.2
20100212	558.6	571.9	556.7	571.7
20100216	575.3	579.9	569.6	578.9
20100217	582.6	585.3	578.6	584.9
20100218	583.6	589.1	581.4	588.4
20100219	586.5	592.9	585.1	590.3
20100222	593	593.6	589.2	591.9
20100223	590.6	591.6	582.2	586
20100224	586.4	592.6	584.5	588.4
20100225	580.7	590.3	578.7	589.7
20100226	590.7	591.1	583.4	588.1
20100301	591.5	602.3	591.4	600.5
20100302	604	610.3	602.9	608
20100303	609.6	613.9	606.7	610
20100304	610.6	613.3	607.7	612
20100305	615.9	626.3	614	624.6
20100308	625.4	628.3	624.2	626.5
20100309	624.5	634	624.3	629.2
20100310	629.5	638.1	629.1	634.8
20100311	630.4	637.6	627.9	636.6
20100312	640.1	640.1	631.6	637.2
20100315	635.7	637	629	634.5
20100316	637.3	640	632.5	639.7
20100317	641.2	647.9	641	643
20100318	643.7	647	640.5	641.1
20100319	644	644.3	630.6	633.2
20100322	628.4	644.3	626.9	642.7
20100323	643.5	651.8	640.3	650.3
20100324	647.7	650.3	643.2	644.2
20100325	649.4	654.4	638.8	639.9
20100326	641.9	646.6	636.5	640
20100329	642	644.8	639	642.9
20100330	643.9	648.2	639.6	645
20100331	642.1	649	638.3	639.8
20100401	644.1	647.8	638.1	644.8
20100405	647	658.2	645.1	656.9
20100406	655.6	663.9	654.1	661.5
20100407	661.3	663.9	655.4	660.1
20100408	657.9	663	652.4	659.6
20100409	660.3	664.3	655.8	664
20100412	663.8	667.7	662.1	664.8
20100413	664.8	669.7	660.3	667.4
20100414	672	683.3	670.8	682.8
20100415	682.9	686.8	682	685.6
20100416	683.5	685.9	670.6	676.5
20100419	671.8	678.9	662.4	674.1
20100420	676	683.2	672.9	682.8
20100421	683	688.3	680.2	685.9
20100422	679.6	696	675.6	691.7
20100423	695.9	703.2	691.8	701.8
20100426	702.7	707.7	699	699.4
20100427	696.7	703.6	681.3	683.9
20100428	686.8	688.9	680.4	686.1
20100429	689.3	700.1	684.9	699.7
20100430	699.3	700.5	676.5	678.2
20100503	682	694.4	681.7	692.7
20100504	683	683.4	666.4	673.4
20100505	665	670.7	655.2	661.5
20100506	655.5	663.2	591.9	631
20100507	628.1	637.1	607.4	614.5
20100510	646.8	652.3	640.2	650.8
20100511	643.3	666.6	641	654.8
20100512	659.6	678.4	659.1	676.3
20100513	675.8	682.4	667.1	672.7
20100514	666.2	666.4	647.4	658.4
20100517	661.3	667.1	638.7	657.8
20100518	667.3	669.3	642.5	645.7
20100519	641.8	649.3	627	635.3
20100520	619.3	622.4	601.6	602.7
20100521	591.8	617.6	588.7	611.5
20100524	609.1	615.2	601.3	602.9
20100525	589.2	603.6	578.3	600.5
20100526	605.4	620.7	599.4	600.5
20100527	620.7	632.7	615.4	631
20100528	630.2	632.7	618.4	623.8
20100601	617.1	625.8	602.2	602.7
20100602	607.5	622.3	601.3	620.8
20100603	623.1	632.1	619.9	631.2
20100604	612.3	618.3	594.7	598.4
20100607	600.1	602.3	579.4	579.7
20100608	582.2	587.2	568.2	577.6
20100609	584.8	595.3	576.9	580.9
20100610	591.6	602	589.2	598.6
20100611	594.1	611.4	592.8	610
20100614	619.2	626	610	615.7
20100615	620.3	633	617.6	628.9
20100616	625.2	635.2	623.9	629.6
20100617	632.2	633.4	621.1	630.1
20100618	631.3	635.2	626	628.3
20100621	640.2	641.4	618.7	623.6
20100622	625.2	632.5	607.3	607.7
20100623	607.7	614.3	599.7	606.4
20100624	602	606.9	595.5	597.9
20100625	599.4	610.7	593.5	608.4
20100628	607.5	614.1	600.6	605.8
20100629	594	594	575.4	578.6
20100630	578	587.9	570.8	573.2
20100701	573.5	575.6	552.8	567.5
20100702	571.4	572.5	557.9	560.3
20100706	572	577.6	550.1	555
20100707	555.7	578.3	555.4	577.5
20100708	581.3	585.2	574	584.6
20100709	583.6	593.2	581.5	591
20100712	591.4	595.6	579.9	587.5
20100713	594.5	608.3	592.1	603.7
20100714	604	607.7	598.5	604.3
20100715	604.9	604.9	589.9	595.6
20100716	593	594.4	572.3	573.7
20100719	576.4	578.6	565.3	574.8
20100720	568.6	588.8	565.9	587.8
20100721	592.4	593.4	574.8	576.8
20100722	585.8	600.7	585.6	597.7
20100723	595	615.8	593.4	615
20100726	616.6	629.2	613.2	628.6
20100727	634.7	636.9	624	626.6
20100728	625.5	628.4	611.8	615.3
20100729	621.2	624.1	603.5	613.1
20100730	605.2	620.2	602.3	615
20100802	625.7	629.5	619.9	624.8
20100803	623.3	629.5	615.1	621.7
20100804	623.9	628.9	621.2	627.7
20100805	620.7	626.4	618.9	619.7
20100806	608.8	618.3	602.5	615.4
20100809	620.3	625.3	615.5	624
20100810	616.2	618.2	605.3	610.7
20100811	597.3	597.4	582.2	582.8
20100812	572.5	585.7	571.5	579.8
20100813	579	580.9	573.4	574
20100816	570.3	583.4	567.8	580.1
20100817	586.3	595.6	582.6	589.6
20100818	589.5	598.4	583.4	587.1
20100819	589.9	591.8	573.4	575.3
20100820	572.6	576.2	565.3	576
20100823	580	583.3	566	567.3
20100824	557.8	567.3	551.8	560.2
20100825	555.4	570.8	552.1	569.4
20100826	571.4	576.8	562.5	564.8
20100827	571.7	583	559.4	582.4
20100830	577.8	580.8	565.9	566.2
20100831	565.7	573.4	560.9	567
20100901	576.4	591.6	574.4	589.3
20100902	588.9	598.1	586.9	597.2
20100903	605.8	609.4	600.2	608.4
20100907	605.4	605.7	593.1	595.6
20100908	596.6	604.3	596.5	600.1
20100909	608.8	609.3	594.7	599.4
20100910	602.1	605.5	597.9	601.4
20100913	608.9	619.3	607.4	616.1
20100914	615.5	620.7	612.1	615.4
20100915	612.6	620	607.6	618.8
20100916	616.3	618.5	608.1	615.7
20100917	618.2	619.5	606.8	615.6
20100920	618.3	636.3	613.8	633
20100921	634.4	638.7	629.6	630.7
20100922	628.8	633.4	617.6	623.4
20100923	617.5	627.7	612.5	615.2
20100924	623.9	636.9	622.9	635.4
20100927	636.1	637.8	631.2	633.8
20100928	635.9	642.5	623.6	639.8
20100929	639.8	645.7	637.4	643.5
20100930	647.7	651.7	635.7	642.4
20101001	647.5	648.8	638.7	646.1
20101004	643.1	647.3	630.9	636.7
20101005	643	656.4	638.7	654.2
20101006	654	656.7	648.3	652.6
20101007	656.6	657	645.3	652.2
20101008	651.3	662.9	647.6	658.6
20101011	659.7	664.8	657.5	660.2
20101012	657.7	664.3	650.3	660.4
20101013	666.2	677.8	663.9	673.3
20101014	672.4	675.7	665.2	674.9
20101015	677.5	678.8	665.1	670.8
20101018	671.9	676.6	669	674.7
20101019	666.6	674	655.8	662.4
20101020	664.6	672.7	662.1	668.7
20101021	672	677.4	656	665
20101022	666.8	670.7	664	670
20101025	674.7	684	672.6	674.8
20101026	669.9	678.1	666.2	673.2
20101027	668.5	672.6	661.6	671.4
20101028	676.9	677.4	663.8	665.5
20101029	665	673.1	664.5	670.1
20101101	673	678.1	659.2	667.2
20101102	673	681.5	669.2	681.1
20101103	679.9	684.5	671.2	684.2
20101104	694.9	700.5	692.6	700.1
20101105	700.8	706.3	699.4	704.1
20101108	701.8	705.5	697.6	702.4
20101109	705.3	706.8	689.7	693.7
20101110	694.6	701.9	687.5	699.6
20101111	693.8	701.7	691	698.3
20101112	691.7	697.4	685.2	686.1
20101115	690.3	695	686.1	687.6
20101116	681.4	683.2	667.7	672.9
20101117	674.4	676.6	670.3	674.5
20101118	683.1	692.2	682.9	689.5
20101119	686.4	692.6	681.6	691.5
20101122	688.2	696.2	683.7	695.2
20101123	685.5	688.8	681.2	687.5
20101124	694	704.5	693.8	703.5
20101126	699.3	703.7	697.7	698.6
20101129	696.1	701.6	686.5	698.5
20101130	691.3	699	688.1	694.4
20101201	707.7	712.4	707.2	709.8
20101202	711.2	719.8	710.2	719.4
20101203	714.6	725.4	714.1	722.6
20101206	722.8	729.9	721.4	727.3
20101207	736.8	738.9	730.4	731.9
20101208	733.9	736.6	730.2	733.7
20101209	737.3	737.4	731.3	734.6
20101210	736.9	745.9	734.3	743.9
20101213	747.1	748.3	739.7	741.8
20101214	743.6	743.9	738.6	740.5
20101215	739.2	747.4	736	737.6
20101216	738.5	746.6	735.4	744.8
20101217	745.2	748.5	739.8	746.5
20101220	750.3	754.7	746	748.8
20101221	753.1	759.5	752.6	758.7
20101222	760.6	761.9	757.3	758.9
20101223	759.7	761.3	756.3	757.5
20101227	754.8	761.3	753.3	759.6
20101228	761.3	761.8	755.5	756.9
20101229	758.8	760.4	757.8	758.2
20101230	758.6	762.5	757.5	757.7
20101231	757	759.1	751.6	752.6
20110103	760.1	770.6	757.5	765.2
20110104	768.6	769.3	745.8	753.6
20110105	753.7	763.8	751.1	762.6
20110106	764.2	765.4	756.5	761.4
20110107	761.8	764.5	744.3	755
20110110	752.3	763.3	746.2	759.9
20110111	763.8	767.3	759.1	764.5
20110112	769.7	771.7	765.5	770.7
20110113	770	773.3	765.8	770.3
20110114	768.8	777.1	767	776.2
20110118	773.1	778.7	768.9	778.5
20110119	775.9	777.3	753.8	756.1
20110120	751.6	755.6	743.5	746.1
20110121	752.2	752.5	741.3	742.2
20110124	742.1	750.9	741.1	747.5
20110125	743.2	749.4	739.7	748.5
20110126	750.2	764.1	747.7	761.4
20110127	761.3	767	757.6	762.9
20110128	763.5	764.7	743.2	745.1
20110131	748.8	755.2	742.7	750.5
20110201	756.1	770.6	754	766.4
20110202	766.3	771.8	764.6	765.6
20110203	764.3	768.9	755.3	766.6
20110204	766.3	770	762.7	768.7
20110207	770.2	782.8	769.4	776.4
20110208	776.9	783.1	773.6	782.2
20110209	780.6	783.4	774.4	779.9
20110210	773.6	783.1	772.7	782
20110211	779.3	791.4	778.1	791.1
20110214	791.5	796.4	790.7	794.1
20110215	792.8	794.6	788.6	790.2
20110216	792.3	798.6	792.1	796.7
20110217	796	805.6	795	802.7
20110218	805.2	808.1	800.9	804.6
20110222	797.7	800.7	781.3	782.6
20110223	783.9	784.7	763.2	768
20110224	769.8	777.5	763.8	773
20110225	777.2	793	776.7	792.1
20110228	797.1	798.9	786.3	793.2
20110301	796.1	796.7	773.6	774.9
20110302	775.5	784.1	772.7	779.9
20110303	787.9	800.7	787.9	798.8
20110304	798.3	798.9	786.7	795.7
20110307	797.7	798.6	774.3	780
20110308	782	798.7	775.8	794.5
20110309	792.7	796.3	787.9	788.4
20110310	780.5	780.8	767	769.1
20110311	763.3	777.3	762.9	772.5
20110314	763.8	773.6	759.4	769.4
20110315	750	766.9	746	759.4
20110316	757.3	766.6	747.7	752.4
20110317	763.3	764.6	753.3	754.9
20110318	763.5	766	760.7	765.4
20110321	775	784.9	773.9	783.9
20110322	784.9	786.5	777.2	779.1
20110323	777.7	784.3	768.8	781.9
20110324	787.2	790.2	779.6	788.7
20110325	792	803	788.1	794
20110328	797.2	799.9	789.8	790.4
20110329	793.2	801.3	788.2	800.2
20110330	803.9	812.4	802.8	811.8
20110331	810.4	816	809.5	814.7
20110401	820.2	822.7	814.8	818.5
20110404	819.8	822	817.7	820.7
20110405	818.8	829.8	817.5	822.5
20110406	828.8	831.1	821.2	824.4
20110407	826.9	830	818.3	820.2
20110408	824.7	825.8	808.2	811.4
20110411	812.3	815.1	801.2	804.4
20110412	800	802.8	791.4	792.3
20110413	798.6	800.1	788.8	793.9
20110414	788	799.8	786.5	799
20110415	798.8	807.5	794.6	806.9
20110418	794.5	795.4	786.4	794.6
20110419	796.3	799.2	788.8	794.6
20110420	807.2	812.5	804.6	811.7
20110421	815.9	817	809.5	814.1
20110425	816	817.6	809.9	814.1
20110426	817.6	829	815.7	820.8
20110427	824.6	830.7	820.8	829.4
20110428	828.4	840.3	827.5	832.4
20110429	834.4	839.2	831.6	836.9
20110502	840.2	840.8	825.1	825.6
20110503	825	827.3	809.5	815.4
20110504	816.7	816.8	799.4	803.3
20110505	798.6	812.9	796.2	802.7
20110506	809.7	815.7	800.4	802.7
20110509	803.8	815.5	802.6	813.7
20110510	818.9	828	817.8	826.9
20110511	824.8	825.9	807.5	811.9
20110512	806.9	821.7	802	819.6
20110513	819.7	822	804.9	805.6
20110516	801.6	811.2	791.6	792.3
20110517	788.4	795.3	786.1	792.5
20110518	793.6	807.3	792.2	806.2
20110519	810.9	812	799.5	807.9
20110520	804.7	806.9	795.3	798.4
20110523	786.5	791.8	784.5	785.6
20110524	788.1	791.9	780.5	782.2
20110525	780	795.3	779.8	791.2
20110526	789.2	805.2	788.8	804.7
20110527	807	811.9	805.1	809.5
20110531	818.8	823.4	810.3	820.8
20110601	819.7	820	792.6	793.1
20110602	795.7	799	788.3	792.7
20110603	780.4	789.6	779.2	780.6
20110606	779.7	783	767.1	768.9
20110607	772.6	776.6	768.3	769.8
20110608	767.1	769.6	759.3	759.8
20110609	763.1	769.7	759.8	764.1
20110610	760.4	761.7	748.9	752.4
20110613	754.8	758.8	746.1	750.4
20110614	756.6	769.4	756.5	768.9
20110615	758.6	764.6	749.7	753.6
20110616	753.5	761.5	745.1	755.9
20110617	762.5	763.9	750.9	754.6
20110620	752.1	764.8	751.7	762.9
20110621	768.4	780.4	766.7	777.2
20110622	774.8	783.8	771	771.4
20110623	764	777.9	755.7	774.3
20110624	778.8	780.2	767.4	771
20110627	771.7	780.2	767.2	779
20110628	781.5	792.9	779.5	792.5
20110629	794	797.1	787.5	795.6
20110630	797.2	803.8	796	802.1
20110701	801.9	815.7	799.5	813.3
20110705	814.9	818	811.2	817.6
20110706	814.8	821	811.8	820.3
20110707	828	835.6	825.1	833.4
20110708	822.2	828.6	819	828.2
20110711	816.2	821.1	806.6	809.1
20110712	804.5	813.4	803.6	804.8
20110713	809.6	820.6	807.9	810.5
20110714	813.2	817.5	796.2	798.8
20110715	801.6	805.9	797.3	805
20110718	799.9	801.9	785.3	791.1
20110719	797.6	809.9	797	806.9
20110720	809	809.8	802	806.3
20110721	810.2	818.8	807.9	817.2
20110722	814.3	818.4	809.7	815.5
20110725	805.8	813.3	803.1	807.6
20110726	804.9	806.8	797.8	798.8
20110727	794.6	794.7	774	774.5
20110728	775	785.3	772.5	773.9
20110729	762.8	777.3	756.9	772.2
20110801	782.4	785.5	760.2	766.9
20110802	764.7	772.4	739.4	740.5
20110803	742.5	749.1	724.2	745.6
20110804	736.1	737.6	699.8	701.2
20110805	711.3	714.1	672	690.2
20110808	665.5	682.1	620.8	622.1
20110809	645.3	672.9	612.8	669.8
20110810	648.6	663.6	633.9	637.4
20110811	640.2	679.7	635.8	667
20110812	675.9	681.4	663.2	673.6
20110815	681	693.8	679	690.3
20110816	681.4	689.5	672	682.7
20110817	685.1	690.9	673	679.2
20110818	656	657.7	633.5	642.5
20110819	625.4	649.4	624.4	630.8
20110822	646.5	647.3	621	626.6
20110823	629.8	659.3	624	658.7
20110824	656.7	671.7	650.6	665.2
20110825	675.3	678.5	647.8	651.2
20110826	647.9	668.7	635.8	666.5
20110829	676.1	701	675.7	698.8
20110830	694.6	708.3	687	698.8
20110831	707.7	714.7	694.5	702.9
20110901	702.5	711.8	682.3	685.6
20110902	668.9	676	656.3	657.3
20110906	634.7	659.1	634.7	655.7
20110907	669.4	685.2	666.6	684.9
20110908	678.5	688	666.9	672.5
20110909	662	666.4	642.3	651.7
20110912	639	658	638.8	657.1
20110913	660.5	669.7	653.2	666.7
20110914	673.4	689.3	659.3	677.8
20110915	686	691.7	675.2	690.4
20110916	692	696	684.2	693.3
20110919	676.5	685.7	669.8	677.6
20110920	680.4	688.4	665.1	665.6
20110921	665.6	671.9	637.3	638.5
20110922	617.8	634.1	609.8	621.8
20110923	619.9	632.6	618.4	628.9
20110926	635.9	642.8	620.3	642
20110927	656.3	672.2	650.7	656.8
20110928	655.9	659.3	628.8	631.7
20110929	645	647.9	621.4	642.3
20110930	629.2	639.8	618.2	621.6
20111003	615.8	627.3	581.9	584
20111004	580.5	626.5	578.1	619.7
20111005	625.7	639.2	616.9	632.9
20111006	632.9	651.2	629.4	649.9
20111007	652.2	654.3	630.1	635.9
20111010	648	665	645.2	663.3
20111011	655.5	669.6	653.6	666.1
20111012	671.9	683.9	670.3	673.4
20111013	672.6	679.7	664	674.3
20111014	684.3	692	677.3	689.7
20111017	683.7	684.8	664.5	666.4
20111018	670.3	691.5	656.9	689.1
20111019	684.6	690	669	674.7
20111020	674	675.7	655.7	672.7
20111021	684.2	691.4	678.6	691
20111024	693.2	714.5	691.5	711.3
20111025	707.6	708	690.1	692.5
20111026	704.5	709	683.8	702.9
20111027	731.5	748.5	723.4	743.3
20111028	741.7	747.9	736.4	739.6
20111031	727.1	733.1	714.1	719.4
20111101	690.1	708.3	688.2	698.4
20111102	704.8	711.9	696.8	710
20111103	721	730.9	701.6	725.5
20111104	720.5	727	714.2	724.8
20111107	723.7	727.5	707.7	723.6
20111108	730.1	735.4	713.3	732.9
20111109	711.8	717.9	694.9	695.8
20111110	709.8	710.9	694.9	701.6
20111111	712	724.2	710.6	722.8
20111114	719.6	721.4	706.2	713.9
20111115	707.8	725.3	703	719.4
20111116	713	727.6	707	707.5
20111117	708.3	713.2	694.1	698.1
20111118	701.2	703.4	693.2	698.6
20111121	684.1	687.1	674.5	681.2
20111122	680.1	685	671.3	673.8
20111123	667.5	669.6	651.2	652
20111125	649.1	659.1	641.6	644.1
20111128	669.7	678.1	667.9	677.2
20111129	677.2	680.6	669.8	676.5
20111130	704.4	717.5	700.1	716.8
20111201	713.8	720.5	709.5	711.8
20111202	719.7	725.4	712.7	713
20111205	728.5	733	713	726.3
20111206	727.3	732	719.9	723.6
20111207	721.6	729.8	710.1	727.1
20111208	717.8	720.8	700.7	702.8
20111209	703.9	729	702.8	726.7
20111212	714	714.9	703.9	713.9
20111213	721.5	723.8	694.4	698.7
20111214	691.6	696.7	684.9	688.5
20111215	699.7	700.1	689.5	697.2
20111216	702.1	712.3	696.6	702.6
20111219	708.6	711.5	686.6	687.7
20111220	704.6	719.5	704.3	718.5
20111221	715	723.6	706.7	721.9
20111222	724.8	730.1	722.9	726.2
20111223	728.7	730.2	724	727.8
20111226	727.8	727.8	727.8	727.8
20111227	725.8	735	724	731.4
20111228	732.3	732.5	715.8	718.3
20111229	720.4	727.8	719.3	725.8
20111230	724.6	728.5	720.2	723
20120102	723	723	723	723
20120103	740.1	742.2	731	733.7
20120104	729.2	732.1	724	730.1
20120105	723.6	736.9	716.8	730.2
20120106	733.5	737.2	725.9	731.8
20120109	734.8	736.5	727.4	734.4
20120110	745	748	743.1	745.8
20120111	743.1	750.4	742.2	749.1
20120112	751.4	752.7	742.8	752.2
20120113	745.4	748.5	739.4	747.8
20120117	754.5	756.3	744.8	746.7
20120118	746.9	760.9	745.1	759.6
20120119	764.9	767.2	760	764.7
20120120	764.6	768.7	762.7	767
20120123	766	772.1	759.1	765.3
20120124	760.5	771.2	756.4	770.5
20120125	769.7	779.5	765.6	776.6
20120126	782.3	782.9	771.3	776.5
20120127	771.8	782.2	771.3	780.4
20120130	774.6	778.1	768.8	774.7
20120131	780	782.1	769.3	775.4
20120201	781.2	792.7	778.4	791.6
20120202	794.4	799.1	791.1	795.1
20120203	808.9	816.2	806.2	812.1
20120206	809.4	813.1	807.4	808.9
20120207	809.9	813.9	804.5	811.9
20120208	811.9	816.1	803.2	812.1
20120209	814	814.3	802.2	808.2
20120210	798.6	800.5	794.5	797.5
20120213	805.1	808.3	799.9	807
20120214	803	805.2	797.4	804.3
20120215	808.1	808.3	793.9	797.5
20120216	797.2	813.1	796.8	811.7
20120217	816.9	817.2	810.3	811.8
20120221	813.3	814.5	802.2	806.8
20120222	803.7	807.5	798.9	799.8
20120223	801.2	813.2	796.6	812.6
20120224	812.4	814.4	808.8	809.8
20120227	802.3	813.7	796.3	809.7
20120228	809.6	814.7	802.5	808.2
20120229	809.6	813.8	789.7	794.2
20120301	797.7	807.9	797.5	800.4
20120302	798.2	800.3	782.3	785.1
20120305	783.5	789.8	778	789.4
20120306	778.2	780.1	767.9	770.8
20120307	773.1	779.7	771.8	779.3
20120308	784.1	791	777.5	789.4
20120309	789.5	805.9	788.8	802.6
20120312	801.8	803.6	794.8	799.8
20120313	805	816	801.5	815.3
20120314	814.2	816.7	804.3	807.4
20120315	806.7	815.9	804.7	815.3
20120316	816.9	817.3	811	814.9
20120319	813.6	828.7	812	821.4
20120320	815.9	817.5	810.2	813.9
20120321	816.6	818.9	810.8	812.9
20120322	805	808.9	800.5	806.9
20120323	806.8	817.1	799.4	816.6
20120326	824.7	833.9	823.4	833.3
20120327	831.7	834.1	824.5	825.5
20120328	825.4	827.6	813.2	818.9
20120329	814.5	819.5	807.2	818.8
20120330	822.8	823.4	812.3	815.9
20120402	812.4	826.2	810.8	825.9
20120403	824.1	827.4	816.3	819.7
20120404	810.6	811.3	801.4	804.2
20120405	802.7	807	800.8	801.3
20120409	787.7	792.7	785.3	787.1
20120410	786.3	788.4	768.2	771.6
20120411	776.7	782.5	775.2	781
20120412	782.2	797.5	781.4	797
20120413	790.8	791.3	780.5	781.4
20120416	785.9	789.2	775.8	783.6
20120417	790.4	802.9	789.7	794.1
20120418	791.1	793.8	785.3	786.5
20120419	790.2	797.1	779.4	784.2
20120420	789.9	796.9	787.7	789.5
20120423	776.8	778.5	769.9	777
20120424	778.2	786.4	775.5	785
20120425	794.5	801	792.5	797.8
20120426	796.9	806.2	795.4	804
20120427	807.2	812.9	797.6	812
20120430	811	811.1	801.7	803.1
20120501	802.8	817.2	799.6	800.3
20120502	796.3	805.5	792.7	803.1
20120503	803.8	804.8	788.9	792.4
20120504	787.8	788.8	774	774.8
20120507	774.8	783.1	773.3	781
20120508	773.8	780.5	766.8	778.8
20120509	769.5	779.8	766.8	773.8
20120510	780.4	782.7	773.4	779.7
20120511	771.9	782.9	771.4	776.3
20120514	768.1	771.8	762.7	763.5
20120515	765.7	772.2	761.8	764
20120516	766.9	771.3	757.3	757.6
20120517	759.4	760.6	739	739.7
20120518	741.2	746.1	732	732.5
20120521	736.4	751.6	731.4	750.2
20120522	751.5	757.6	742	745.7
20120523	739.6	753.8	734.1	751.8
20120524	751.6	757	742.7	756.7
20120525	754.1	756.4	750	753.3
20120529	760.8	766.6	755	765.4
20120530	756.3	757.7	747.4	747.8
20120531	749.7	753.2	737.9	749.3
20120601	731.3	737.3	724.3	724.8
20120604	728.2	730.7	716.7	721.6
20120605	719.7	734.1	719.3	733.8
20120606	739.2	754.2	737.8	753.8
20120607	764.1	764.9	747.1	749.3
20120608	746.2	759.4	741.1	758.9
20120611	765.3	766.2	736.9	737.8
20120612	741.6	753.3	735.3	752.6
20120613	748.7	753.2	737.5	741.4
20120614	741.3	752.8	739.3	752
20120615	751.7	761.2	749	759.5
20120618	753.9	764	751.3	761.6
20120619	764.4	778.8	763.3	773.6
20120620	774.7	778.8	767.9	773.3
20120621	771.7	773.2	752.5	753.6
20120622	758.5	765.3	754.1	761.6
20120625	751.5	754.6	747.6	749.3
20120626	752.5	757.5	745.8	755
20120627	756.1	766.6	755.2	766.2
20120628	759.5	766.4	752.7	764.5
20120629	781.4	791.1	777.3	788
20120702	791.3	798	784.9	795.9
20120703	797.6	808.9	796.3	808.2
20120705	808.2	810.6	802.3	806.9
20120706	799.8	800.5	793.6	797.2
20120709	796.4	797.5	790.7	796.6
20120710	800.2	801.7	781.6	785.1
20120711	785.6	788.4	777.3	781.8
20120712	776	782.9	767.4	779
20120713	782.4	793.1	782	791.2
20120716	788.3	790.9	783.1	787
20120717	791.8	793.6	778.3	790.7
20120718	788.1	799.2	787.6	794.3
20120719	797.7	799.5	789.8	791.3
20120720	785.1	786.4	779.8	781.3
20120723	766.7	772.3	763.5	768.1
20120724	771.5	771.6	753.8	756.4
20120725	761.7	765.5	756.4	759.5
20120726	771.4	773.9	761.6	766
20120727	769.8	789.7	765.6	789.2
20120730	787.3	791.1	779.4	781.3
20120731	779.4	786.9	774.9	777.2
20120801	781	782	761.5	762.8
20120802	754.7	764.9	754	759.9
20120803	770.8	782.4	768.3	779.3
20120806	778.9	788.6	778	784.3
20120807	790.9	797.9	788.7	791.4
20120808	788.1	794.1	787.5	790.2
20120809	789.8	796	788.9	794.5
20120810	789.7	792.8	786.8	791.6
20120813	790.2	792.3	780.9	790.4
20120814	795.1	796.5	784.8	788.5
20120815	785.9	796.6	785.3	796.2
20120816	794	805.3	790.4	802.6
20120817	804.5	811	802.2	809.1
20120820	808.2	809	802.2	807.8
20120821	811.7	819.4	804.2	807.3
20120822	805.1	807.5	800.2	803.3
20120823	802.7	803.1	794.1	797
20120824	795.5	802.9	793.3	799.7
20120827	804.5	806.3	797.9	801.5
20120828	802	807.4	799.7	805.7
20120829	807.7	812.1	803.7	807.1
20120830	804.1	804.8	798	798.3
20120831	807.1	807.6	795.5	803.7
20120904	804.3	816.3	797.7	815.5
20120905	814.3	817.4	810.8	813.7
20120906	818.1	832	817.5	828.9
20120907	831.2	836.5	829.5	835.5
20120910	834.2	837.1	829.5	829.9
20120911	831.3	838.2	830.8	832.1
20120912	837.4	839.7	831.5	839.1
20120913	839	854.3	834.6	848.8
20120914	851.3	862.2	851	858.3
20120917	852.3	854.9	848.3	852.6
20120918	850.3	851.9	846.6	850.8
20120919	852.4	853.2	847.1	848.2
20120920	844.6	847.1	839.2	846.2
20120921	853.5	854.1	847.8	848.8
20120924	845.5	851	842.4	846.8
20120925	851	851.8	832.4	834.7
20120926	835.1	836	824.9	826.2
20120927	831.4	840.1	827.1	837.6
20120928	834.4	836.7	829.1	831.4
20121001	836.4	842.3	829.6	834.4
20121002	838.2	839.1	830.2	834.6
20121003	836	838.8	828.1	832.6
20121004	836	840.2	828.4	838.5
20121005	842.7	849.1	834.8	836
20121008	832.7	835.5	830.5	833
20121009	832.8	833.5	820.8	822.3
20121010	822.9	824.9	818.3	820.6
20121011	827.3	831	822.4	824.2
20121012	823.9	826.8	815.5	816.5
20121015	819.8	824.1	814.1	823.7
20121016	827.3	830.4	825.5	829.8
20121017	830.9	838.6	829.1	838.2
20121018	836.2	838.4	828.9	829.6
20121019	825.2	825.5	811.1	811.7
20121022	812.9	817.3	810.1	817
20121023	807.7	812	800.7	810.7
20121024	813.6	815.1	805.6	809.8
20121025	815.2	818	805.1	812.7
20121026	810.9	815.6	801	808.9
20121031	808.2	813.3	805.3	813.3
20121101	814.8	824	811.7	822.8
20121102	825.7	826.4	806.1	806.5
20121105	808.5	815.1	805.7	813.6
20121106	817	822.6	816.3	820.3
20121107	810.3	810.4	795.5	796.1
20121108	798.1	801.6	787	788.1
20121109	785.2	796.3	783.9	791.2
20121112	792.2	793.1	786.8	789.2
20121113	784.3	792.2	782.3	783.3
20121114	785.2	787.5	767.1	769.3
20121115	767.3	771.4	759.3	764.5
20121116	764.2	773.2	757.5	771.8
20121119	779.6	788.7	778.5	788.3
20121120	786.5	791.4	783	790.7
20121121	790.7	794	788	793.1
20121123	795.3	804.4	795.2	803.5
20121126	800.3	806.3	797.6	805.3
20121127	803.8	809.3	802.6	803.7
20121128	800	810.6	793.2	810.3
20121129	816.6	821.2	813.2	820.6
20121130	821.1	821.2	814.3	817.7
20121203	824	824.8	814.4	817.1
20121204	817.7	820.3	811.5	817.8
20121205	821.8	822.1	810.9	817
20121206	816.6	820.2	813.2	818.3
20121207	822	822.5	815.1	819
20121210	820.7	824.1	819.1	823.8
20121211	828.1	833.9	826.2	833.5
20121212	833.6	835	824.8	826.2
20121213	826.9	829.2	818.1	820.2
20121214	819.1	825.2	818.1	823
20121217	823.7	833.2	822.3	833
20121218	834	845.1	831.8	845
20121219	845.3	850.3	842.2	846.2
20121220	846.5	853.4	843.7	853
20121221	838.1	848	836.1	846.3
20121224	843.2	844.5	839.4	841.9
20121226	844.1	844.7	834.5	835.1
20121227	836.8	838.6	824.4	833.2
20121228	830.7	837.7	823.4	824.7
20121231	830.7	850.5	827.6	846.6
20130102	867.7	873.2	864.7	872.9
20130103	872.6	876.9	867.7	871.5
20130104	874.2	878.7	870.7	873.7
20130107	872	874.8	870.3	874.2
20130108	873	874.2	868.1	873.6
20130109	874.6	877.9	873.8	877.8
20130110	880.6	881.4	874	879.9
20130111	878.6	880.1	874.5	878.4
20130114	876	879.9	875.1	877.7
20130115	872.8	883.5	872.3	881.9
20130116	880.2	882.2	877.6	879.3
20130117	883.8	889.2	882.9	889
