20091127	 648.100000	     -0.414	       0.00	     0.0000	   -0.02321	   -0.00000	    0.00000
20091130	 651.300000	     -0.233	       0.00	     0.0000	    0.00494	    0.00000	       -nan
20091201	 661.100000	      0.358	       0.00	     0.0000	    0.01505	    0.00000	       -nan
20091202	 666.300000	      0.710	       0.00	     0.0000	    0.00787	    0.00000	       -nan
20091203	 657.800000	     -0.160	       0.00	     0.0000	   -0.01276	   -0.00000	       -nan
20091204	 669.300000	      0.987	       0.00	     0.0000	    0.01748	    0.00000	       -nan
20091207	 667.600000	      0.711	       0.00	     0.0000	   -0.00254	   -0.00000	       -nan
20091208	 660.200000	     -0.351	       0.00	     0.0000	   -0.01108	   -0.00000	       -nan
20091209	 663.100000	      0.054	       0.00	     0.0000	    0.00439	    0.00000	       -nan
20091210	 668.500000	      0.779	       0.00	     0.0000	    0.00814	    0.00000	       -nan
20091211	 673.000000	      1.332	       1.00	     0.0000	    0.00673	    0.00673	    0.36201
20091214	 680.800000	      2.010	       1.00	     0.0000	    0.01159	    0.01159	    0.49483
20091215	 682.300000	      1.885	       1.00	     0.0000	    0.00220	    0.00220	    0.54692
20091216	 685.200000	      1.979	       1.00	     0.0000	    0.00425	    0.00425	    0.63001
20091217	 682.000000	      1.549	       1.00	     0.0000	   -0.00467	   -0.00467	    0.48550
20091218	 684.400000	      1.610	       1.00	     0.0000	    0.00352	    0.00352	    0.55529
20091221	 690.700000	      1.866	       1.00	     0.0000	    0.00921	    0.00921	    0.66221
20091222	 697.300000	      2.049	       1.00	     0.0000	    0.00956	    0.00956	    0.75450
20091223	 703.200000	      2.084	       1.00	     0.0000	    0.00846	    0.00846	    0.83555
20091224	 707.700000	      2.022	       1.00	     0.0000	    0.00640	    0.00640	    0.90328
20091228	 706.100000	      1.682	       1.00	     0.0000	   -0.00226	   -0.00226	    0.86308
20091229	 704.200000	      1.444	       1.00	     0.0000	   -0.00269	   -0.00269	    0.81497
20091230	 703.700000	      1.305	       1.00	     0.0000	   -0.00071	   -0.00071	    0.80330
20091231	 694.500000	      0.686	       0.00	     0.0000	   -0.01307	   -0.00000	    0.80310
20100104	 705.300000	      1.215	       0.00	     0.0000	    0.01555	    0.00000	    0.80289
20100105	 707.900000	      1.268	       1.00	     0.0000	    0.00369	    0.00369	    0.84953
20100106	 711.700000	      1.357	       1.00	     0.0000	    0.00537	    0.00537	    0.90857
20100107	 715.900000	      1.458	       1.00	     0.0000	    0.00590	    0.00590	    0.96834
20100108	 720.200000	      1.600	       1.00	     0.0000	    0.00601	    0.00601	    1.02607
20100111	 718.100000	      1.387	       1.00	     0.0000	   -0.00292	   -0.00292	    0.97804
20100112	 711.200000	      0.864	       0.00	     0.0000	   -0.00961	   -0.00000	    0.97779
20100113	 718.500000	      1.312	       1.00	     0.0000	    0.01026	    0.01026	    1.04185
20100114	 721.300000	      1.403	       1.00	     0.0000	    0.00390	    0.00390	    1.08190
20100115	 711.500000	      0.563	       0.00	     0.0000	   -0.01359	   -0.00000	    1.08163
20100119	 719.000000	      1.105	       0.00	     0.0000	    0.01054	    0.00000	    1.08136
20100120	 714.700000	      0.671	       0.00	     0.0000	   -0.00598	   -0.00000	    1.08109
20100121	 704.000000	     -0.571	       0.00	     0.0000	   -0.01497	   -0.00000	    1.08082
20100122	 690.600000	     -2.134	      -1.00	     0.0000	   -0.01903	    0.01903	    1.09592
20100125	 691.800000	     -1.867	      -1.00	     0.0000	    0.00174	   -0.00174	    1.07562
20100126	 688.300000	     -1.963	      -1.00	     0.0000	   -0.00506	    0.00506	    1.11697
20100127	 688.900000	     -1.674	      -1.00	     0.0000	    0.00087	   -0.00087	    1.10711
20100128	 679.500000	     -2.121	      -1.00	     0.0000	   -0.01364	    0.01364	    1.16173
20100129	 670.900000	     -2.289	      -1.00	     0.0000	   -0.01266	    0.01266	    1.21569
20100201	 680.900000	     -1.441	      -1.00	     0.0000	    0.01491	   -0.01491	    1.00569
20100202	 689.600000	     -0.851	       0.00	     0.0000	    0.01278	    0.00000	    1.00544
20100203	 690.300000	     -0.749	       0.00	     0.0000	    0.00102	    0.00000	    1.00519
20100204	 666.400000	     -1.925	      -1.00	     0.0000	   -0.03462	    0.03462	    1.00283
20100205	 663.700000	     -1.796	      -1.00	     0.0000	   -0.00405	    0.00405	    1.02666
20100208	 662.800000	     -1.626	      -1.00	     0.0000	   -0.00136	    0.00136	    1.03508
20100209	 667.800000	     -1.251	      -1.00	     0.0000	    0.00754	   -0.00754	    0.97544
20100210	 667.600000	     -1.150	       0.00	     0.0000	   -0.00030	   -0.00000	    0.97520
20100211	 677.900000	     -0.563	       0.00	     0.0000	    0.01543	    0.00000	    0.97496
20100212	 686.300000	     -0.056	       0.00	     0.0000	    0.01239	    0.00000	    0.97472
20100216	 695.600000	      0.571	       0.00	     0.0000	    0.01355	    0.00000	    0.97448
20100217	 702.400000	      1.043	       0.00	     0.0000	    0.00978	    0.00000	    0.97424
20100218	 705.800000	      1.395	       1.00	     0.0000	    0.00484	    0.00484	    1.00182
20100219	 708.400000	      1.653	       1.00	     0.0000	    0.00368	    0.00368	    1.02334
20100222	 708.200000	      1.591	       1.00	     0.0000	   -0.00028	   -0.00028	    1.02123
20100223	 700.900000	      1.032	       0.00	     0.0000	   -0.01031	   -0.00000	    1.02098
20100224	 704.800000	      1.208	       0.00	     0.0000	    0.00556	    0.00000	    1.02073
20100225	 706.600000	      1.218	       0.00	     0.0000	    0.00255	    0.00000	    1.02048
20100226	 707.300000	      1.164	       0.00	     0.0000	    0.00099	    0.00000	    1.02023
20100301	 718.300000	      1.601	       1.00	     0.0000	    0.01555	    0.01555	    1.07907
20100302	 725.000000	      1.732	       1.00	     0.0000	    0.00933	    0.00933	    1.12247
20100303	 728.800000	      1.687	       1.00	     0.0000	    0.00524	    0.00524	    1.14994
20100304	 727.900000	      1.465	       1.00	     0.0000	   -0.00123	   -0.00123	    1.14179
20100305	 737.900000	      1.686	       1.00	     0.0000	    0.01374	    0.01374	    1.19339
20100308	 740.400000	      1.609	       1.00	     0.0000	    0.00339	    0.00339	    1.21148
20100309	 741.100000	      1.500	       1.00	     0.0000	    0.00095	    0.00095	    1.21669
20100310	 747.200000	      1.623	       1.00	     0.0000	    0.00823	    0.00823	    1.25390
20100311	 750.900000	      1.644	       1.00	     0.0000	    0.00495	    0.00495	    1.27869
20100312	 754.800000	      1.702	       1.00	     0.0000	    0.00519	    0.00519	    1.30432
20100315	 750.900000	      1.421	       1.00	     0.0000	   -0.00517	   -0.00517	    1.26900
20100316	 759.900000	      1.686	       1.00	     0.0000	    0.01199	    0.01199	    1.31399
20100317	 765.300000	      1.733	       1.00	     0.0000	    0.00711	    0.00711	    1.34587
20100318	 761.900000	      1.419	       1.00	     0.0000	   -0.00444	   -0.00444	    1.31680
20100319	 753.800000	      0.952	       0.00	     0.0000	   -0.01063	   -0.00000	    1.31648
20100322	 763.100000	      1.256	       1.00	     0.0000	    0.01234	    0.01234	    1.36057
20100323	 769.200000	      1.392	       1.00	     0.0000	    0.00799	    0.00799	    1.39418
20100324	 764.000000	      1.074	       0.00	     0.0000	   -0.00676	   -0.00000	    1.39384
20100325	 758.100000	      0.719	       0.00	     0.0000	   -0.00772	   -0.00000	    1.39350
20100326	 757.200000	      0.607	       0.00	     0.0000	   -0.00119	   -0.00000	    1.39316
20100329	 763.300000	      0.929	       0.00	     0.0000	    0.00806	    0.00000	    1.39282
20100330	 764.400000	      0.951	       0.00	     0.0000	    0.00144	    0.00000	    1.39247
20100331	 760.100000	      0.563	       0.00	     0.0000	   -0.00563	   -0.00000	    1.39213
20100401	 767.800000	      1.146	       0.00	     0.0000	    0.01013	    0.00000	    1.39179
20100405	 779.400000	      2.107	       1.00	     0.0000	    0.01511	    0.01511	    1.43642
20100406	 784.000000	      2.236	       1.00	     0.0000	    0.00590	    0.00590	    1.46219
20100407	 779.100000	      1.640	       1.00	     0.0000	   -0.00625	   -0.00625	    1.42189
20100408	 777.000000	      1.359	       1.00	     0.0000	   -0.00270	   -0.00270	    1.40595
20100409	 786.000000	      1.988	       1.00	     0.0000	    0.01158	    0.01158	    1.44604
20100412	 785.200000	      1.702	       1.00	     0.0000	   -0.00102	   -0.00102	    1.44016
20100413	 788.000000	      1.726	       1.00	     0.0000	    0.00357	    0.00357	    1.45660
20100414	 800.300000	      2.349	       1.00	     0.0000	    0.01561	    0.01561	    1.49934
20100415	 801.000000	      2.031	       1.00	     0.0000	    0.00087	    0.00087	    1.50335
20100416	 791.200000	      1.199	       0.00	     0.0000	   -0.01223	   -0.00000	    1.50298
20100419	 789.400000	      0.975	       0.00	     0.0000	   -0.00228	   -0.00000	    1.50262
20100420	 799.000000	      1.491	       1.00	     0.0000	    0.01216	    0.01216	    1.54134
20100421	 800.200000	      1.411	       1.00	     0.0000	    0.00150	    0.00150	    1.54822
20100422	 809.300000	      1.756	       1.00	     0.0000	    0.01137	    0.01137	    1.58497
20100423	 818.300000	      1.981	       1.00	     0.0000	    0.01112	    0.01112	    1.62069
20100426	 816.500000	      1.684	       1.00	     0.0000	   -0.00220	   -0.00220	    1.60869
20100427	 796.600000	      0.495	       0.00	     0.0000	   -0.02437	   -0.00000	    1.60830
20100428	 799.600000	      0.603	       0.00	     0.0000	    0.00377	    0.00000	    1.60791
20100429	 811.000000	      1.228	       0.00	     0.0000	    0.01426	    0.00000	    1.60752
20100430	 793.600000	     -0.025	       0.00	     0.0000	   -0.02145	   -0.00000	    1.60713
20100503	 805.200000	      0.787	       0.00	     0.0000	    0.01462	    0.00000	    1.60674
20100504	 785.200000	     -0.920	       0.00	     0.0000	   -0.02484	   -0.00000	    1.60635
20100505	 775.600000	     -1.627	      -1.00	     0.0000	   -0.01223	    0.01223	    1.64296
20100506	 745.900000	     -2.995	      -1.00	     0.0000	   -0.03829	    0.03829	    1.62128
20100507	 726.400000	     -3.020	      -1.00	     0.0000	   -0.02614	    0.02614	    1.65304
20100510	 767.100000	     -1.062	       0.00	     0.0000	    0.05603	    0.00000	    1.65264
20100511	 767.700000	     -0.974	       0.00	     0.0000	    0.00078	    0.00000	    1.65224
20100512	 785.600000	     -0.182	       0.00	     0.0000	    0.02332	    0.00000	    1.65184
20100513	 781.500000	     -0.324	       0.00	     0.0000	   -0.00522	   -0.00000	    1.65144
20100514	 761.900000	     -1.079	       0.00	     0.0000	   -0.02508	   -0.00000	    1.65104
20100517	 760.700000	     -1.038	       0.00	     0.0000	   -0.00158	   -0.00000	    1.65064
20100518	 750.100000	     -1.337	      -1.00	     0.0000	   -0.01393	    0.01393	    1.68587
20100519	 741.100000	     -1.503	      -1.00	     0.0000	   -0.01200	    0.01200	    1.71821
20100520	 710.500000	     -2.191	      -1.00	     0.0000	   -0.04129	    0.04129	    1.70740
20100521	 721.000000	     -1.631	      -1.00	     0.0000	    0.01478	   -0.01478	    1.63449
20100524	 713.400000	     -1.678	      -1.00	     0.0000	   -0.01054	    0.01054	    1.66264
20100525	 710.800000	     -1.592	      -1.00	     0.0000	   -0.00364	    0.00364	    1.67417
20100526	 710.200000	     -1.443	      -1.00	     0.0000	   -0.00084	    0.00084	    1.67673
20100527	 740.400000	     -0.469	       0.00	     0.0000	    0.04252	    0.00000	    1.67632
20100528	 734.200000	     -0.591	       0.00	     0.0000	   -0.00837	   -0.00000	    1.67592
20100601	 713.000000	     -1.193	       0.00	     0.0000	   -0.02887	   -0.00000	    1.67552
20100602	 732.000000	     -0.473	       0.00	     0.0000	    0.02665	    0.00000	    1.67511
20100603	 740.800000	     -0.064	       0.00	     0.0000	    0.01202	    0.00000	    1.67471
20100604	 710.600000	     -1.176	       0.00	     0.0000	   -0.04077	   -0.00000	    1.67431
20100607	 691.200000	     -1.718	      -1.00	     0.0000	   -0.02730	    0.02730	    1.70822
20100608	 694.300000	     -1.460	      -1.00	     0.0000	    0.00448	   -0.00448	    1.69074
20100609	 700.000000	     -1.142	       0.00	     0.0000	    0.00821	    0.00000	    1.69034
20100610	 718.800000	     -0.403	       0.00	     0.0000	    0.02686	    0.00000	    1.68993
20100611	 729.700000	      0.116	       0.00	     0.0000	    0.01516	    0.00000	    1.68952
20100614	 734.000000	      0.461	       0.00	     0.0000	    0.00589	    0.00000	    1.68912
20100615	 750.600000	      1.374	       1.00	     0.0000	    0.02262	    0.02262	    1.72553
20100616	 749.500000	      1.412	       1.00	     0.0000	   -0.00147	   -0.00147	    1.72003
20100617	 748.600000	      1.375	       1.00	     0.0000	   -0.00120	   -0.00120	    1.71547
20100618	 742.900000	      1.052	       0.00	     0.0000	   -0.00761	   -0.00000	    1.71506
20100621	 740.400000	      0.834	       0.00	     0.0000	   -0.00337	   -0.00000	    1.71465
20100622	 723.000000	     -0.118	       0.00	     0.0000	   -0.02350	   -0.00000	    1.71424
20100623	 721.200000	     -0.238	       0.00	     0.0000	   -0.00249	   -0.00000	    1.71383
20100624	 710.400000	     -0.830	       0.00	     0.0000	   -0.01498	   -0.00000	    1.71342
20100625	 719.400000	     -0.365	       0.00	     0.0000	    0.01267	    0.00000	    1.71301
20100628	 716.100000	     -0.490	       0.00	     0.0000	   -0.00459	   -0.00000	    1.71260
20100629	 687.600000	     -1.807	      -1.00	     0.0000	   -0.03980	    0.03980	    1.72696
20100630	 684.000000	     -1.769	      -1.00	     0.0000	   -0.00524	    0.00524	    1.74113
20100701	 679.800000	     -1.714	      -1.00	     0.0000	   -0.00614	    0.00614	    1.75738
20100702	 672.200000	     -1.783	      -1.00	     0.0000	   -0.01118	    0.01118	    1.78330
20100706	 673.000000	     -1.566	      -1.00	     0.0000	    0.00119	   -0.00119	    1.77906
20100707	 699.700000	     -0.560	       0.00	     0.0000	    0.03967	    0.00000	    1.77864
20100708	 704.800000	     -0.385	       0.00	     0.0000	    0.00729	    0.00000	    1.77822
20100709	 709.000000	     -0.238	       0.00	     0.0000	    0.00596	    0.00000	    1.77779
20100712	 709.900000	     -0.185	       0.00	     0.0000	    0.00127	    0.00000	    1.77737
20100713	 723.500000	      0.369	       0.00	     0.0000	    0.01916	    0.00000	    1.77695
20100714	 725.300000	      0.463	       0.00	     0.0000	    0.00249	    0.00000	    1.77653
20100715	 721.900000	      0.403	       0.00	     0.0000	   -0.00469	   -0.00000	    1.77610
20100716	 699.000000	     -0.505	       0.00	     0.0000	   -0.03172	   -0.00000	    1.77568
20100719	 701.400000	     -0.320	       0.00	     0.0000	    0.00343	    0.00000	    1.77526
20100720	 714.200000	      0.417	       0.00	     0.0000	    0.01825	    0.00000	    1.77484
20100721	 703.000000	     -0.100	       0.00	     0.0000	   -0.01568	   -0.00000	    1.77442
20100722	 723.200000	      1.098	       0.00	     0.0000	    0.02873	    0.00000	    1.77400
20100723	 736.100000	      1.719	       1.00	     0.0000	    0.01784	    0.01784	    1.80688
20100726	 748.900000	      2.061	       1.00	     0.0000	    0.01739	    0.01739	    1.83896
20100727	 745.800000	      1.713	       1.00	     0.0000	   -0.00414	   -0.00414	    1.82478
20100728	 734.200000	      1.107	       0.00	     0.0000	   -0.01555	   -0.00000	    1.82435
20100729	 729.100000	      0.798	       0.00	     0.0000	   -0.00695	   -0.00000	    1.82392
20100730	 732.800000	      0.878	       0.00	     0.0000	    0.00507	    0.00000	    1.82349
20100802	 745.800000	      1.353	       1.00	     0.0000	    0.01774	    0.01774	    1.85542
20100803	 742.900000	      1.163	       0.00	     0.0000	   -0.00389	   -0.00000	    1.85498
20100804	 750.100000	      1.513	       1.00	     0.0000	    0.00969	    0.00969	    1.87726
20100805	 747.300000	      1.236	       0.00	     0.0000	   -0.00373	   -0.00000	    1.87682
20100806	 745.700000	      1.042	       0.00	     0.0000	   -0.00214	   -0.00000	    1.87638
20100809	 752.000000	      1.280	       1.00	     0.0000	    0.00845	    0.00845	    1.89634
20100810	 742.900000	      0.673	       0.00	     0.0000	   -0.01210	   -0.00000	    1.89589
20100811	 712.900000	     -1.069	       0.00	     0.0000	   -0.04038	   -0.00000	    1.89545
20100812	 710.800000	     -1.116	       0.00	     0.0000	   -0.00295	   -0.00000	    1.89500
20100813	 707.700000	     -1.212	       0.00	     0.0000	   -0.00436	   -0.00000	    1.89455
20100816	 709.200000	     -1.206	       0.00	     0.0000	    0.00212	    0.00000	    1.89411
20100817	 719.200000	     -0.727	       0.00	     0.0000	    0.01410	    0.00000	    1.89366
20100818	 717.000000	     -0.876	       0.00	     0.0000	   -0.00306	   -0.00000	    1.89322
20100819	 709.800000	     -1.383	      -1.00	     0.0000	   -0.01004	    0.01004	    1.91578
20100820	 710.000000	     -1.281	      -1.00	     0.0000	    0.00028	   -0.00028	    1.91449
20100823	 703.300000	     -1.502	      -1.00	     0.0000	   -0.00944	    0.00944	    1.93594
20100824	 690.400000	     -1.933	      -1.00	     0.0000	   -0.01834	    0.01834	    1.96652
20100825	 696.600000	     -1.435	      -1.00	     0.0000	    0.00898	   -0.00898	    1.93441
20100826	 692.100000	     -1.482	      -1.00	     0.0000	   -0.00646	    0.00646	    1.95000
20100827	 707.700000	     -0.660	       0.00	     0.0000	    0.02254	    0.00000	    1.94954
20100830	 694.400000	     -1.183	       0.00	     0.0000	   -0.01879	   -0.00000	    1.94908
20100831	 695.100000	     -1.049	       0.00	     0.0000	    0.00101	    0.00000	    1.94863
20100901	 718.900000	      0.152	       0.00	     0.0000	    0.03424	    0.00000	    1.94817
20100902	 730.800000	      0.844	       0.00	     0.0000	    0.01655	    0.00000	    1.94771
20100903	 739.300000	      1.362	       1.00	     0.0000	    0.01163	    0.01163	    1.97198
20100907	 730.300000	      0.962	       0.00	     0.0000	   -0.01217	   -0.00000	    1.97152
20100908	 733.600000	      1.335	       1.00	     0.0000	    0.00452	    0.00452	    1.98277
20100909	 734.200000	      1.471	       1.00	     0.0000	    0.00082	    0.00082	    1.98462
20100910	 738.600000	      1.573	       1.00	     0.0000	    0.00599	    0.00599	    1.99907
20100913	 750.300000	      1.962	       1.00	     0.0000	    0.01584	    0.01584	    2.02724
20100914	 752.500000	      1.801	       1.00	     0.0000	    0.00293	    0.00293	    2.03460
20100915	 755.600000	      1.708	       1.00	     0.0000	    0.00412	    0.00412	    2.04477
20100916	 754.600000	      1.485	       1.00	     0.0000	   -0.00132	   -0.00132	    2.04039
20100917	 754.200000	      1.324	       1.00	     0.0000	   -0.00053	   -0.00053	    2.03837
20100920	 765.500000	      1.593	       1.00	     0.0000	    0.01498	    0.01498	    2.06544
20100921	 763.100000	      1.341	       1.00	     0.0000	   -0.00314	   -0.00314	    2.05538
20100922	 757.400000	      1.018	       0.00	     0.0000	   -0.00747	   -0.00000	    2.05490
20100923	 751.700000	      0.723	       0.00	     0.0000	   -0.00753	   -0.00000	    2.05443
20100924	 768.600000	      1.302	       1.00	     0.0000	    0.02248	    0.02248	    2.08358
20100927	 768.200000	      1.211	       0.00	     0.0000	   -0.00052	   -0.00000	    2.08309
20100928	 773.800000	      1.338	       1.00	     0.0000	    0.00729	    0.00729	    2.09945
20100929	 776.400000	      1.416	       1.00	     0.0000	    0.00336	    0.00336	    2.10759
20100930	 776.600000	      1.465	       1.00	     0.0000	    0.00026	    0.00026	    2.10781
20101001	 778.100000	      1.467	       1.00	     0.0000	    0.00193	    0.00193	    2.11246
20101004	 772.200000	      1.006	       0.00	     0.0000	   -0.00758	   -0.00000	    2.11197
20101005	 785.500000	      1.664	       1.00	     0.0000	    0.01722	    0.01722	    2.13953
20101006	 780.300000	      1.250	       0.00	     0.0000	   -0.00662	   -0.00000	    2.13903
20101007	 780.800000	      1.203	       0.00	     0.0000	    0.00064	    0.00000	    2.13853
20101008	 784.400000	      1.389	       1.00	     0.0000	    0.00461	    0.00461	    2.14935
20101011	 787.500000	      1.543	       1.00	     0.0000	    0.00395	    0.00395	    2.15872
20101012	 788.200000	      1.455	       1.00	     0.0000	    0.00089	    0.00089	    2.16062
20101013	 797.000000	      1.903	       1.00	     0.0000	    0.01116	    0.01116	    2.18251
20101014	 797.200000	      1.703	       1.00	     0.0000	    0.00025	    0.00025	    2.18269
20101015	 796.000000	      1.467	       1.00	     0.0000	   -0.00151	   -0.00151	    2.17789
20101018	 797.000000	      1.419	       1.00	     0.0000	    0.00126	    0.00126	    2.18073
20101019	 786.800000	      0.575	       0.00	     0.0000	   -0.01280	   -0.00000	    2.18023
20101020	 794.400000	      1.062	       0.00	     0.0000	    0.00966	    0.00000	    2.17973
20101021	 793.400000	      0.916	       0.00	     0.0000	   -0.00126	   -0.00000	    2.17922
20101022	 800.000000	      1.500	       1.00	     0.0000	    0.00832	    0.00832	    2.19688
20101025	 804.900000	      1.782	       1.00	     0.0000	    0.00612	    0.00612	    2.21062
20101026	 802.900000	      1.473	       1.00	     0.0000	   -0.00248	   -0.00248	    2.20289
20101027	 803.000000	      1.354	       1.00	     0.0000	    0.00012	    0.00012	    2.20272
20101028	 800.100000	      0.969	       0.00	     0.0000	   -0.00361	   -0.00000	    2.20221
20101029	 804.000000	      1.260	       1.00	     0.0000	    0.00487	    0.00487	    2.21343
20101101	 804.400000	      1.196	       0.00	     0.0000	    0.00050	    0.00000	    2.21291
20101102	 813.200000	      2.015	       1.00	     0.0000	    0.01094	    0.01094	    2.23414
20101103	 815.800000	      1.976	       1.00	     0.0000	    0.00320	    0.00320	    2.24164
20101104	 830.400000	      2.740	       1.00	     0.0000	    0.01790	    0.01790	    2.26793
20101105	 836.000000	      2.594	       1.00	     0.0000	    0.00674	    0.00674	    2.28251
20101108	 834.600000	      2.116	       1.00	     0.0000	   -0.00167	   -0.00167	    2.27729
20101109	 827.000000	      1.428	       1.00	     0.0000	   -0.00911	   -0.00911	    2.24673
20101110	 831.400000	      1.546	       1.00	     0.0000	    0.00532	    0.00532	    2.25860
20101111	 832.400000	      1.437	       1.00	     0.0000	    0.00120	    0.00120	    2.26121
20101112	 818.000000	      0.465	       0.00	     0.0000	   -0.01730	   -0.00000	    2.26069
20101115	 821.300000	      0.609	       0.00	     0.0000	    0.00403	    0.00000	    2.26017
20101116	 806.100000	     -0.418	       0.00	     0.0000	   -0.01851	   -0.00000	    2.25965
20101117	 810.500000	     -0.217	       0.00	     0.0000	    0.00546	    0.00000	    2.25914
20101118	 824.000000	      0.681	       0.00	     0.0000	    0.01666	    0.00000	    2.25862
20101119	 825.000000	      0.684	       0.00	     0.0000	    0.00121	    0.00000	    2.25810
20101122	 832.800000	      1.192	       0.00	     0.0000	    0.00945	    0.00000	    2.25758
20101123	 822.000000	      0.264	       0.00	     0.0000	   -0.01297	   -0.00000	    2.25706
20101124	 838.400000	      1.464	       1.00	     0.0000	    0.01995	    0.01995	    2.28331
20101126	 832.200000	      0.875	       0.00	     0.0000	   -0.00740	   -0.00000	    2.28279
20101129	 833.700000	      0.934	       0.00	     0.0000	    0.00180	    0.00000	    2.28227
20101130	 828.400000	      0.375	       0.00	     0.0000	   -0.00636	   -0.00000	    2.28175
20101201	 845.000000	      1.874	       1.00	     0.0000	    0.02004	    0.02004	    2.30768
20101202	 859.300000	      2.616	       1.00	     0.0000	    0.01692	    0.01692	    2.33269
20101203	 861.800000	      2.316	       1.00	     0.0000	    0.00291	    0.00291	    2.33916
20101206	 861.700000	      1.962	       1.00	     0.0000	   -0.00012	   -0.00012	    2.33832
20101207	 863.600000	      1.821	       1.00	     0.0000	    0.00220	    0.00220	    2.34320
20101208	 864.800000	      1.670	       1.00	     0.0000	    0.00139	    0.00139	    2.34614
20101209	 866.000000	      1.537	       1.00	     0.0000	    0.00139	    0.00139	    2.34908
20101210	 874.900000	      1.745	       1.00	     0.0000	    0.01028	    0.01028	    2.36828
20101213	 873.600000	      1.494	       1.00	     0.0000	   -0.00149	   -0.00149	    2.36375
20101214	 872.000000	      1.283	       1.00	     0.0000	   -0.00183	   -0.00183	    2.35826
20101215	 868.800000	      1.035	       0.00	     0.0000	   -0.00367	   -0.00000	    2.35772
20101216	 876.700000	      1.300	       1.00	     0.0000	    0.00909	    0.00909	    2.37528
20101217	 876.700000	      1.218	       0.00	     0.0000	    0.00000	    0.00000	    2.37474
20101220	 878.300000	      1.190	       0.00	     0.0000	    0.00183	    0.00000	    2.37420
20101221	 886.700000	      1.477	       1.00	     0.0000	    0.00956	    0.00956	    2.39232
20101222	 889.900000	      1.480	       1.00	     0.0000	    0.00361	    0.00361	    2.40021
20101223	 887.200000	      1.269	       1.00	     0.0000	   -0.00303	   -0.00303	    2.39126
20101227	 888.000000	      1.200	       0.00	     0.0000	    0.00090	    0.00000	    2.39071
20101228	 886.400000	      1.043	       0.00	     0.0000	   -0.00180	   -0.00000	    2.39017
20101229	 888.700000	      1.123	       0.00	     0.0000	    0.00259	    0.00000	    2.38962
20101230	 890.200000	      1.278	       1.00	     0.0000	    0.00169	    0.00169	    2.39323
20101231	 883.900000	      0.730	       0.00	     0.0000	   -0.00708	   -0.00000	    2.39269
20110103	 894.500000	      1.572	       1.00	     0.0000	    0.01199	    0.01199	    2.41348
20110104	 886.000000	      0.697	       0.00	     0.0000	   -0.00950	   -0.00000	    2.41293
20110105	 890.800000	      1.090	       0.00	     0.0000	    0.00542	    0.00000	    2.41238
20110106	 890.700000	      1.004	       0.00	     0.0000	   -0.00011	   -0.00000	    2.41183
20110107	 886.400000	      0.454	       0.00	     0.0000	   -0.00483	   -0.00000	    2.41129
20110110	 891.800000	      1.058	       0.00	     0.0000	    0.00609	    0.00000	    2.41074
20110111	 896.800000	      1.546	       1.00	     0.0000	    0.00561	    0.00561	    2.42246
20110112	 902.700000	      2.014	       1.00	     0.0000	    0.00658	    0.00658	    2.43586
20110113	 901.700000	      1.725	       1.00	     0.0000	   -0.00111	   -0.00111	    2.43240
20110114	 908.900000	      2.369	       1.00	     0.0000	    0.00798	    0.00798	    2.44800
20110118	 917.700000	      2.707	       1.00	     0.0000	    0.00968	    0.00968	    2.46589
20110119	 902.100000	      1.002	       0.00	     0.0000	   -0.01700	   -0.00000	    2.46533
20110120	 892.800000	     -0.083	       0.00	     0.0000	   -0.01031	   -0.00000	    2.46478
20110121	 891.400000	     -0.275	       0.00	     0.0000	   -0.00157	   -0.00000	    2.46422
20110124	 898.500000	      0.510	       0.00	     0.0000	    0.00796	    0.00000	    2.46366
20110125	 900.700000	      0.696	       0.00	     0.0000	    0.00245	    0.00000	    2.46311
20110126	 907.400000	      1.334	       1.00	     0.0000	    0.00744	    0.00744	    2.47776
20110127	 912.100000	      1.652	       1.00	     0.0000	    0.00518	    0.00518	    2.48854
20110128	 895.100000	     -0.239	       0.00	     0.0000	   -0.01864	   -0.00000	    2.48798
20110131	 901.700000	      0.439	       0.00	     0.0000	    0.00737	    0.00000	    2.48742
20110201	 915.300000	      1.764	       1.00	     0.0000	    0.01508	    0.01508	    2.50985
20110202	 913.700000	      1.417	       1.00	     0.0000	   -0.00175	   -0.00175	    2.50468
20110203	 916.500000	      1.550	       1.00	     0.0000	    0.00306	    0.00306	    2.51121
20110204	 922.800000	      1.908	       1.00	     0.0000	    0.00687	    0.00687	    2.52480
20110207	 929.800000	      2.174	       1.00	     0.0000	    0.00759	    0.00759	    2.53945
20110208	 934.700000	      2.228	       1.00	     0.0000	    0.00527	    0.00527	    2.55025
20110209	 933.900000	      1.885	       1.00	     0.0000	   -0.00086	   -0.00086	    2.54748
20110210	 937.400000	      1.860	       1.00	     0.0000	    0.00375	    0.00375	    2.55537
20110211	 948.300000	      2.173	       1.00	     0.0000	    0.01163	    0.01163	    2.57484
20110214	 950.200000	      1.949	       1.00	     0.0000	    0.00200	    0.00200	    2.57900
20110215	 948.500000	      1.627	       1.00	     0.0000	   -0.00179	   -0.00179	    2.57374
20110216	 953.800000	      1.676	       1.00	     0.0000	    0.00559	    0.00559	    2.58502
20110217	 958.500000	      1.671	       1.00	     0.0000	    0.00493	    0.00493	    2.59510
20110218	 959.900000	      1.559	       1.00	     0.0000	    0.00146	    0.00146	    2.59802
20110222	 937.700000	      0.489	       0.00	     0.0000	   -0.02313	   -0.00000	    2.59743
20110223	 922.000000	     -0.330	       0.00	     0.0000	   -0.01674	   -0.00000	    2.59685
20110224	 921.400000	     -0.430	       0.00	     0.0000	   -0.00065	   -0.00000	    2.59627
20110225	 941.700000	      0.570	       0.00	     0.0000	    0.02203	    0.00000	    2.59568
20110228	 944.500000	      0.649	       0.00	     0.0000	    0.00297	    0.00000	    2.59510
20110301	 925.700000	     -0.529	       0.00	     0.0000	   -0.01990	   -0.00000	    2.59452
20110302	 931.900000	     -0.261	       0.00	     0.0000	    0.00670	    0.00000	    2.59394
20110303	 953.600000	      1.155	       0.00	     0.0000	    0.02329	    0.00000	    2.59336
20110304	 947.400000	      0.641	       0.00	     0.0000	   -0.00650	   -0.00000	    2.59278
20110307	 932.500000	     -0.607	       0.00	     0.0000	   -0.01573	   -0.00000	    2.59220
20110308	 945.400000	      0.393	       0.00	     0.0000	    0.01383	    0.00000	    2.59162
20110309	 938.800000	     -0.226	       0.00	     0.0000	   -0.00698	   -0.00000	    2.59104
20110310	 924.700000	     -1.382	      -1.00	     0.0000	   -0.01502	    0.01502	    2.61257
20110311	 931.900000	     -0.753	       0.00	     0.0000	    0.00779	    0.00000	    2.61198
20110314	 927.800000	     -1.035	       0.00	     0.0000	   -0.00440	   -0.00000	    2.61140
20110315	 919.600000	     -1.518	      -1.00	     0.0000	   -0.00884	    0.00884	    2.62741
20110316	 912.800000	     -1.783	      -1.00	     0.0000	   -0.00739	    0.00739	    2.64139
20110317	 915.400000	     -1.422	      -1.00	     0.0000	    0.00285	   -0.00285	    2.63323
20110318	 921.000000	     -0.938	       0.00	     0.0000	    0.00612	    0.00000	    2.63265
20110321	 939.300000	      0.486	       0.00	     0.0000	    0.01987	    0.00000	    2.63206
20110322	 934.100000	      0.199	       0.00	     0.0000	   -0.00554	   -0.00000	    2.63147
20110323	 931.300000	     -0.024	       0.00	     0.0000	   -0.00300	   -0.00000	    2.63089
20110324	 941.600000	      0.820	       0.00	     0.0000	    0.01106	    0.00000	    2.63030
20110325	 949.000000	      1.337	       1.00	     0.0000	    0.00786	    0.00786	    2.64490
20110328	 941.800000	      0.703	       0.00	     0.0000	   -0.00759	   -0.00000	    2.64431
20110329	 954.500000	      1.681	       1.00	     0.0000	    0.01348	    0.01348	    2.66457
20110330	 963.300000	      2.031	       1.00	     0.0000	    0.00922	    0.00922	    2.68081
20110331	 968.200000	      2.016	       1.00	     0.0000	    0.00509	    0.00509	    2.69089
20110401	 975.400000	      2.168	       1.00	     0.0000	    0.00744	    0.00744	    2.70470
20110404	 975.800000	      1.911	       1.00	     0.0000	    0.00041	    0.00041	    2.70509
20110405	 977.700000	      1.747	       1.00	     0.0000	    0.00195	    0.00195	    2.70898
20110406	 978.400000	      1.588	       1.00	     0.0000	    0.00072	    0.00072	    2.71009
20110407	 973.800000	      1.247	       0.00	     0.0000	   -0.00470	   -0.00000	    2.70949
20110408	 967.000000	      0.860	       0.00	     0.0000	   -0.00698	   -0.00000	    2.70889
20110411	 959.100000	      0.456	       0.00	     0.0000	   -0.00817	   -0.00000	    2.70829
20110412	 948.600000	     -0.059	       0.00	     0.0000	   -0.01095	   -0.00000	    2.70769
20110413	 952.500000	      0.050	       0.00	     0.0000	    0.00411	    0.00000	    2.70709
20110414	 953.700000	      0.016	       0.00	     0.0000	    0.00126	    0.00000	    2.70649
20110415	 963.300000	      0.456	       0.00	     0.0000	    0.01007	    0.00000	    2.70589
20110418	 948.300000	     -0.587	       0.00	     0.0000	   -0.01557	   -0.00000	    2.70529
20110419	 950.600000	     -0.483	       0.00	     0.0000	    0.00243	    0.00000	    2.70469
20110420	 968.900000	      0.722	       0.00	     0.0000	    0.01925	    0.00000	    2.70409
20110421	 971.900000	      0.890	       0.00	     0.0000	    0.00310	    0.00000	    2.70350
20110425	 972.600000	      0.871	       0.00	     0.0000	    0.00072	    0.00000	    2.70290
20110426	 981.000000	      1.441	       1.00	     0.0000	    0.00864	    0.00864	    2.71823
20110427	 990.200000	      2.004	       1.00	     0.0000	    0.00938	    0.00938	    2.73440
20110428	 990.600000	      1.777	       1.00	     0.0000	    0.00040	    0.00040	    2.73476
20110429	 994.400000	      1.794	       1.00	     0.0000	    0.00384	    0.00384	    2.74245
20110502	 988.400000	      1.237	       0.00	     0.0000	   -0.00603	   -0.00000	    2.74184
20110503	 978.800000	      0.556	       0.00	     0.0000	   -0.00971	   -0.00000	    2.74124
20110504	 968.100000	     -0.158	       0.00	     0.0000	   -0.01093	   -0.00000	    2.74063
20110505	 967.700000	     -0.153	       0.00	     0.0000	   -0.00041	   -0.00000	    2.74003
20110506	 965.300000	     -0.279	       0.00	     0.0000	   -0.00248	   -0.00000	    2.73943
20110509	 977.900000	      0.588	       0.00	     0.0000	    0.01305	    0.00000	    2.73882
20110510	 988.500000	      1.207	       0.00	     0.0000	    0.01084	    0.00000	    2.73822
20110511	 977.900000	      0.441	       0.00	     0.0000	   -0.01072	   -0.00000	    2.73762
20110512	 984.400000	      0.805	       0.00	     0.0000	    0.00665	    0.00000	    2.73702
20110513	 971.400000	     -0.196	       0.00	     0.0000	   -0.01321	   -0.00000	    2.73642
20110516	 962.700000	     -0.924	       0.00	     0.0000	   -0.00896	   -0.00000	    2.73582
20110517	 957.200000	     -1.301	      -1.00	     0.0000	   -0.00571	    0.00571	    2.74679
20110518	 972.800000	     -0.215	       0.00	     0.0000	    0.01630	    0.00000	    2.74619
20110519	 974.800000	     -0.163	       0.00	     0.0000	    0.00206	    0.00000	    2.74558
20110520	 964.500000	     -1.135	       0.00	     0.0000	   -0.01057	   -0.00000	    2.74498
20110523	 951.500000	     -2.040	      -1.00	     0.0000	   -0.01348	    0.01348	    2.76446
20110524	 948.200000	     -1.983	      -1.00	     0.0000	   -0.00347	    0.00347	    2.77137
20110525	 953.500000	     -1.409	      -1.00	     0.0000	    0.00559	   -0.00559	    2.75523
20110526	 966.700000	     -0.379	       0.00	     0.0000	    0.01384	    0.00000	    2.75463
