20050815	 1782.000000	     -0.162	       0.00	     0.0000	    0.00763	    0.00000	    0.00000
20050816	 1759.000000	     -2.052	      -1.00	     0.0000	   -0.01291	    0.01291	    0.33248
20050817	 1759.500000	     -1.795	      -1.00	     0.0000	    0.00028	   -0.00028	    0.32501
20050818	 1755.500000	     -1.813	      -1.00	     0.0000	   -0.00227	    0.00227	    0.37768
20050819	 1755.500000	     -1.605	      -1.00	     0.0000	    0.00000	   -0.00000	    0.37760
20050822	 1756.500000	     -1.382	      -1.00	     0.0000	    0.00057	   -0.00057	    0.36273
20050823	 1753.500000	     -1.408	      -1.00	     0.0000	   -0.00171	    0.00171	    0.40252
20050824	 1741.000000	     -1.831	      -1.00	     0.0000	   -0.00713	    0.00713	    0.51190
20050825	 1743.000000	     -1.532	      -1.00	     0.0000	    0.00115	   -0.00115	    0.48497
20050826	 1739.500000	     -1.544	      -1.00	     0.0000	   -0.00201	    0.00201	    0.52450
20050829	 1750.500000	     -0.907	       0.00	     0.0000	    0.00632	    0.00000	    0.52439
20050830	 1746.000000	     -1.028	       0.00	     0.0000	   -0.00257	   -0.00000	    0.52427
20050831	 1760.000000	     -0.250	       0.00	     0.0000	    0.00802	    0.00000	    0.52416
20050901	 1755.000000	     -0.461	       0.00	     0.0000	   -0.00284	   -0.00000	    0.52405
20050902	 1752.500000	     -0.560	       0.00	     0.0000	   -0.00142	   -0.00000	    0.52394
20050906	 1774.500000	      1.154	       0.00	     0.0000	    0.01255	    0.00000	    0.52383
20050907	 1774.500000	      1.154	       0.00	     0.0000	    0.00000	    0.00000	    0.52372
20050908	 1775.000000	      1.292	       1.00	     0.0000	    0.00028	    0.00028	    0.52967
20050909	 1785.000000	      1.909	       1.00	     0.0000	    0.00563	    0.00563	    0.61180
20050912	 1789.000000	      1.953	       1.00	     0.0000	    0.00224	    0.00224	    0.65134
20050913	 1785.500000	      1.558	       1.00	     0.0000	   -0.00196	   -0.00196	    0.60722
20050914	 1767.000000	      0.419	       0.00	     0.0000	   -0.01036	   -0.00000	    0.60709
20050915	 1762.500000	      0.102	       0.00	     0.0000	   -0.00255	   -0.00000	    0.60697
20050916	 1774.500000	      0.853	       0.00	     0.0000	    0.00681	    0.00000	    0.60684
20050919	 1765.000000	      0.190	       0.00	     0.0000	   -0.00535	   -0.00000	    0.60671
20050920	 1755.000000	     -0.478	       0.00	     0.0000	   -0.00567	   -0.00000	    0.60658
20050921	 1737.500000	     -1.497	      -1.00	     0.0000	   -0.00997	    0.00997	    0.69032
20050922	 1740.000000	     -1.252	      -1.00	     0.0000	    0.00144	   -0.00144	    0.66357
20050923	 1748.000000	     -0.803	       0.00	     0.0000	    0.00460	    0.00000	    0.66343
20050926	 1750.000000	     -0.714	       0.00	     0.0000	    0.00114	    0.00000	    0.66329
20050927	 1744.500000	     -1.099	       0.00	     0.0000	   -0.00314	   -0.00000	    0.66315
20050928	 1743.500000	     -1.119	       0.00	     0.0000	   -0.00057	   -0.00000	    0.66301
20050929	 1764.000000	      0.128	       0.00	     0.0000	    0.01176	    0.00000	    0.66287
20050930	 1777.000000	      0.900	       0.00	     0.0000	    0.00737	    0.00000	    0.66273
20051003	 1781.500000	      1.078	       0.00	     0.0000	    0.00253	    0.00000	    0.66259
20051004	 1767.000000	      0.139	       0.00	     0.0000	   -0.00814	   -0.00000	    0.66246
20051005	 1745.500000	     -1.099	       0.00	     0.0000	   -0.01217	   -0.00000	    0.66232
20051006	 1727.500000	     -1.886	      -1.00	     0.0000	   -0.01031	    0.01031	    0.73980
20051007	 1726.000000	     -1.718	      -1.00	     0.0000	   -0.00087	    0.00087	    0.75217
20051010	 1717.500000	     -1.893	      -1.00	     0.0000	   -0.00492	    0.00492	    0.80622
20051011	 1708.500000	     -2.051	      -1.00	     0.0000	   -0.00524	    0.00524	    0.86011
20051012	 1689.500000	     -2.437	      -1.00	     0.0000	   -0.01112	    0.01112	    0.91814
20051013	 1699.000000	     -1.769	      -1.00	     0.0000	    0.00562	   -0.00562	    0.82555
20051014	 1713.000000	     -1.105	       0.00	     0.0000	    0.00824	    0.00000	    0.82538
20051017	 1719.000000	     -0.792	       0.00	     0.0000	    0.00350	    0.00000	    0.82521
20051018	 1710.000000	     -1.045	       0.00	     0.0000	   -0.00524	   -0.00000	    0.82503
20051019	 1744.000000	      0.328	       0.00	     0.0000	    0.01988	    0.00000	    0.82486
20051020	 1729.000000	     -0.257	       0.00	     0.0000	   -0.00860	   -0.00000	    0.82469
20051021	 1738.500000	      0.126	       0.00	     0.0000	    0.00549	    0.00000	    0.82452
20051024	 1761.000000	      0.983	       0.00	     0.0000	    0.01294	    0.00000	    0.82434
20051025	 1753.000000	      0.661	       0.00	     0.0000	   -0.00454	   -0.00000	    0.82417
20051026	 1749.000000	      0.494	       0.00	     0.0000	   -0.00228	   -0.00000	    0.82400
20051027	 1718.000000	     -0.662	       0.00	     0.0000	   -0.01772	   -0.00000	    0.82383
20051028	 1723.500000	     -0.386	       0.00	     0.0000	    0.00320	    0.00000	    0.82366
20051031	 1749.500000	      0.754	       0.00	     0.0000	    0.01509	    0.00000	    0.82348
20051101	 1748.500000	      0.873	       0.00	     0.0000	   -0.00057	   -0.00000	    0.82331
20051102	 1772.500000	      1.963	       1.00	     0.0000	    0.01373	    0.01373	    0.88203
20051103	 1792.000000	      2.362	       1.00	     0.0000	    0.01100	    0.01100	    0.94142
20051104	 1795.500000	      2.086	       1.00	     0.0000	    0.00195	    0.00195	    0.95980
20051107	 1796.000000	      1.813	       1.00	     0.0000	    0.00028	    0.00028	    0.96247
20051108	 1799.500000	      1.683	       1.00	     0.0000	    0.00195	    0.00195	    0.98074
20051109	 1801.000000	      1.538	       1.00	     0.0000	    0.00083	    0.00083	    0.98887
20051110	 1819.500000	      1.856	       1.00	     0.0000	    0.01027	    0.01027	    1.04210
20051111	 1822.000000	      1.730	       1.00	     0.0000	    0.00137	    0.00137	    1.05459
20051114	 1822.000000	      1.552	       1.00	     0.0000	    0.00000	    0.00000	    1.05437
20051115	 1815.500000	      1.250	       1.00	     0.0000	   -0.00357	   -0.00357	    1.01306
20051116	 1824.500000	      1.376	       1.00	     0.0000	    0.00496	    0.00496	    1.05015
20051117	 1847.500000	      1.754	       1.00	     0.0000	    0.01261	    0.01261	    1.09883
20051118	 1846.000000	      1.541	       1.00	     0.0000	   -0.00081	   -0.00081	    1.09092
20051121	 1854.500000	      1.569	       1.00	     0.0000	    0.00460	    0.00460	    1.12359
20051122	 1859.500000	      1.502	       1.00	     0.0000	    0.00270	    0.00270	    1.14461
20051123	 1863.500000	      1.429	       1.00	     0.0000	    0.00215	    0.00215	    1.16177
20051125	 1867.500000	      1.373	       1.00	     0.0000	    0.00215	    0.00215	    1.17883
20051128	 1855.500000	      1.043	       0.00	     0.0000	   -0.00643	   -0.00000	    1.17859
20051129	 1844.000000	      0.707	       0.00	     0.0000	   -0.00620	   -0.00000	    1.17835
20051130	 1838.000000	      0.467	       0.00	     0.0000	   -0.00325	   -0.00000	    1.17810
20051201	 1867.000000	      1.347	       1.00	     0.0000	    0.01578	    0.01578	    1.21188
20051202	 1873.000000	      1.468	       1.00	     0.0000	    0.00321	    0.00321	    1.23417
20051205	 1862.500000	      0.992	       0.00	     0.0000	   -0.00561	   -0.00000	    1.23391
20051206	 1867.500000	      1.096	       0.00	     0.0000	    0.00268	    0.00000	    1.23366
20051207	 1863.500000	      0.865	       0.00	     0.0000	   -0.00214	   -0.00000	    1.23340
20051208	 1850.000000	      0.197	       0.00	     0.0000	   -0.00724	   -0.00000	    1.23315
20051209	 1857.000000	      0.463	       0.00	     0.0000	    0.00378	    0.00000	    1.23289
20051212	 1863.000000	      0.719	       0.00	     0.0000	    0.00323	    0.00000	    1.23264
20051213	 1869.500000	      1.016	       0.00	     0.0000	    0.00349	    0.00000	    1.23238
20051214	 1864.000000	      0.612	       0.00	     0.0000	   -0.00294	   -0.00000	    1.23213
20051215	 1862.500000	      0.451	       0.00	     0.0000	   -0.00080	   -0.00000	    1.23187
20051216	 1855.000000	     -0.388	       0.00	     0.0000	   -0.00403	   -0.00000	    1.23162
20051219	 1825.000000	     -2.799	      -1.00	     0.0000	   -0.01617	    0.01617	    1.26462
20051220	 1825.000000	     -2.348	      -1.00	     0.0000	    0.00000	   -0.00000	    1.26436
20051221	 1829.500000	     -1.762	      -1.00	     0.0000	    0.00247	   -0.00247	    1.24328
20051222	 1846.000000	     -0.589	       0.00	     0.0000	    0.00902	    0.00000	    1.24302
20051223	 1845.500000	     -0.565	       0.00	     0.0000	   -0.00027	   -0.00000	    1.24277
20051227	 1829.000000	     -1.498	      -1.00	     0.0000	   -0.00894	    0.00894	    1.28323
20051228	 1826.500000	     -1.480	      -1.00	     0.0000	   -0.00137	    0.00137	    1.29253
20051229	 1813.500000	     -1.963	      -1.00	     0.0000	   -0.00712	    0.00712	    1.32804
20051230	 1804.500000	     -2.100	      -1.00	     0.0000	   -0.00496	    0.00496	    1.35589
20060103	 1838.500000	     -0.384	       0.00	     0.0000	    0.01884	    0.00000	    1.35562
20060104	 1858.500000	      0.670	       0.00	     0.0000	    0.01088	    0.00000	    1.35534
20060105	 1868.500000	      1.153	       0.00	     0.0000	    0.00538	    0.00000	    1.35506
20060106	 1893.500000	      2.130	       1.00	     0.0000	    0.01338	    0.01338	    1.39203
20060109	 1900.000000	      2.092	       1.00	     0.0000	    0.00343	    0.00343	    1.41200
20060110	 1905.500000	      1.971	       1.00	     0.0000	    0.00289	    0.00289	    1.42922
20060111	 1916.500000	      2.015	       1.00	     0.0000	    0.00577	    0.00577	    1.45824
20060112	 1909.500000	      1.600	       1.00	     0.0000	   -0.00365	   -0.00365	    1.42843
20060113	 1905.500000	      1.362	       1.00	     0.0000	   -0.00209	   -0.00209	    1.41232
20060117	 1897.000000	      1.042	       0.00	     0.0000	   -0.00446	   -0.00000	    1.41203
20060118	 1873.000000	      0.355	       0.00	     0.0000	   -0.01265	   -0.00000	    1.41174
20060119	 1884.000000	      0.618	       0.00	     0.0000	    0.00587	    0.00000	    1.41145
20060120	 1831.000000	     -0.861	       0.00	     0.0000	   -0.02813	   -0.00000	    1.41116
20060123	 1833.500000	     -0.812	       0.00	     0.0000	    0.00137	    0.00000	    1.41087
20060124	 1838.500000	     -0.690	       0.00	     0.0000	    0.00273	    0.00000	    1.41058
20060125	 1834.000000	     -0.793	       0.00	     0.0000	   -0.00245	   -0.00000	    1.41029
20060126	 1844.000000	     -0.509	       0.00	     0.0000	    0.00545	    0.00000	    1.41001
20060127	 1868.000000	      0.116	       0.00	     0.0000	    0.01302	    0.00000	    1.40972
20060130	 1869.000000	      0.089	       0.00	     0.0000	    0.00054	    0.00000	    1.40943
20060131	 1865.000000	     -0.110	       0.00	     0.0000	   -0.00214	   -0.00000	    1.40914
20060201	 1869.000000	     -0.090	       0.00	     0.0000	    0.00214	    0.00000	    1.40885
20060202	 1834.500000	     -1.309	      -1.00	     0.0000	   -0.01846	    0.01846	    1.43145
20060203	 1813.000000	     -1.824	      -1.00	     0.0000	   -0.01172	    0.01172	    1.46803
20060206	 1815.000000	     -1.565	      -1.00	     0.0000	    0.00110	   -0.00110	    1.46052
20060207	 1808.000000	     -1.570	      -1.00	     0.0000	   -0.00386	    0.00386	    1.48030
20060208	 1821.000000	     -1.087	       0.00	     0.0000	    0.00719	    0.00000	    1.48000
20060209	 1804.500000	     -1.415	      -1.00	     0.0000	   -0.00906	    0.00906	    1.51375
20060210	 1812.000000	     -1.121	       0.00	     0.0000	    0.00416	    0.00000	    1.51344
20060213	 1798.500000	     -1.427	      -1.00	     0.0000	   -0.00745	    0.00745	    1.54384
20060214	 1811.500000	     -0.955	       0.00	     0.0000	    0.00723	    0.00000	    1.54353
20060215	 1825.000000	     -0.416	       0.00	     0.0000	    0.00745	    0.00000	    1.54321
20060216	 1841.000000	      0.273	       0.00	     0.0000	    0.00877	    0.00000	    1.54290
20060217	 1823.000000	     -0.383	       0.00	     0.0000	   -0.00978	   -0.00000	    1.54258
20060221	 1806.500000	     -1.052	       0.00	     0.0000	   -0.00905	   -0.00000	    1.54227
20060222	 1825.000000	     -0.213	       0.00	     0.0000	    0.01024	    0.00000	    1.54196
20060223	 1821.000000	     -0.354	       0.00	     0.0000	   -0.00219	   -0.00000	    1.54164
20060224	 1829.000000	      0.012	       0.00	     0.0000	    0.00439	    0.00000	    1.54133
20060227	 1840.500000	      0.532	       0.00	     0.0000	    0.00629	    0.00000	    1.54102
20060228	 1820.000000	     -0.306	       0.00	     0.0000	   -0.01114	   -0.00000	    1.54071
20060301	 1843.500000	      0.993	       0.00	     0.0000	    0.01291	    0.00000	    1.54039
20060302	 1845.000000	      1.240	       0.00	     0.0000	    0.00081	    0.00000	    1.54008
20060303	 1831.000000	      0.644	       0.00	     0.0000	   -0.00759	   -0.00000	    1.53977
20060306	 1820.000000	     -0.123	       0.00	     0.0000	   -0.00601	   -0.00000	    1.53946
20060307	 1811.000000	     -0.793	       0.00	     0.0000	   -0.00495	   -0.00000	    1.53914
20060308	 1812.000000	     -0.702	       0.00	     0.0000	    0.00055	    0.00000	    1.53883
20060309	 1788.500000	     -2.141	      -1.00	     0.0000	   -0.01297	    0.01297	    1.57203
20060310	 1794.000000	     -1.573	      -1.00	     0.0000	    0.00308	   -0.00308	    1.55118
20060313	 1801.000000	     -1.113	       0.00	     0.0000	    0.00390	    0.00000	    1.55087
20060314	 1831.500000	      0.709	       0.00	     0.0000	    0.01694	    0.00000	    1.55055
20060315	 1841.000000	      1.179	       0.00	     0.0000	    0.00519	    0.00000	    1.55024
20060316	 1826.500000	      0.240	       0.00	     0.0000	   -0.00788	   -0.00000	    1.54993
20060317	 1831.000000	      0.500	       0.00	     0.0000	    0.00246	    0.00000	    1.54961
20060320	 1832.000000	      0.603	       0.00	     0.0000	    0.00055	    0.00000	    1.54930
20060321	 1817.000000	     -0.332	       0.00	     0.0000	   -0.00819	   -0.00000	    1.54899
20060322	 1817.500000	     -0.342	       0.00	     0.0000	    0.00028	    0.00000	    1.54868
20060323	 1817.000000	     -0.349	       0.00	     0.0000	   -0.00028	   -0.00000	    1.54836
20060324	 1824.000000	      0.096	       0.00	     0.0000	    0.00385	    0.00000	    1.54805
20060327	 1825.500000	      0.204	       0.00	     0.0000	    0.00082	    0.00000	    1.54774
20060328	 1817.500000	     -0.254	       0.00	     0.0000	   -0.00438	   -0.00000	    1.54743
20060329	 1847.000000	      1.543	       1.00	     0.0000	    0.01623	    0.01623	    1.57604
20060330	 1851.500000	      1.736	       1.00	     0.0000	    0.00244	    0.00244	    1.58804
20060331	 1846.500000	      1.419	       1.00	     0.0000	   -0.00270	   -0.00270	    1.57079
20060403	 1850.250000	      1.502	       1.00	     0.0000	    0.00203	    0.00203	    1.58092
20060404	 1858.000000	      1.698	       1.00	     0.0000	    0.00419	    0.00419	    1.59995
20060405	 1873.750000	      2.108	       1.00	     0.0000	    0.00848	    0.00848	    1.62982
20060406	 1881.250000	      2.064	       1.00	     0.0000	    0.00400	    0.00400	    1.64786
20060407	 1866.250000	      1.341	       1.00	     0.0000	   -0.00797	   -0.00797	    1.58879
20060410	 1862.000000	      1.080	       0.00	     0.0000	   -0.00228	   -0.00000	    1.58847
20060411	 1847.250000	      0.312	       0.00	     0.0000	   -0.00792	   -0.00000	    1.58815
20060412	 1845.250000	      0.177	       0.00	     0.0000	   -0.00108	   -0.00000	    1.58783
20060413	 1852.000000	      0.495	       0.00	     0.0000	    0.00366	    0.00000	    1.58751
20060417	 1837.000000	     -0.303	       0.00	     0.0000	   -0.00810	   -0.00000	    1.58720
20060418	 1866.250000	      1.103	       0.00	     0.0000	    0.01592	    0.00000	    1.58688
20060419	 1871.000000	      1.214	       0.00	     0.0000	    0.00255	    0.00000	    1.58656
20060420	 1867.750000	      0.966	       0.00	     0.0000	   -0.00174	   -0.00000	    1.58624
20060421	 1845.500000	     -0.252	       0.00	     0.0000	   -0.01191	   -0.00000	    1.58593
20060424	 1848.000000	     -0.216	       0.00	     0.0000	    0.00135	    0.00000	    1.58561
20060425	 1841.000000	     -0.729	       0.00	     0.0000	   -0.00379	   -0.00000	    1.58529
20060426	 1837.250000	     -1.060	       0.00	     0.0000	   -0.00204	   -0.00000	    1.58497
20060427	 1854.000000	     -0.057	       0.00	     0.0000	    0.00912	    0.00000	    1.58466
20060428	 1837.500000	     -1.302	      -1.00	     0.0000	   -0.00890	    0.00890	    1.61487
20060501	 1819.500000	     -2.224	      -1.00	     0.0000	   -0.00980	    0.00980	    1.64566
20060502	 1824.250000	     -1.699	      -1.00	     0.0000	    0.00261	   -0.00261	    1.62988
20060503	 1820.000000	     -1.721	      -1.00	     0.0000	   -0.00233	    0.00233	    1.64077
20060504	 1836.250000	     -0.730	       0.00	     0.0000	    0.00893	    0.00000	    1.64044
20060505	 1846.750000	     -0.069	       0.00	     0.0000	    0.00572	    0.00000	    1.64012
20060508	 1847.750000	      0.096	       0.00	     0.0000	    0.00054	    0.00000	    1.63979
20060509	 1848.250000	      0.196	       0.00	     0.0000	    0.00027	    0.00000	    1.63946
20060510	 1827.250000	     -1.159	       0.00	     0.0000	   -0.01136	   -0.00000	    1.63914
20060511	 1791.250000	     -2.731	      -1.00	     0.0000	   -0.01970	    0.01970	    1.65863
20060512	 1768.000000	     -2.869	      -1.00	     0.0000	   -0.01298	    0.01298	    1.68949
20060515	 1762.250000	     -2.449	      -1.00	     0.0000	   -0.00325	    0.00325	    1.70319
20060516	 1754.750000	     -2.217	      -1.00	     0.0000	   -0.00426	    0.00426	    1.72032
20060517	 1731.250000	     -2.366	      -1.00	     0.0000	   -0.01339	    0.01339	    1.74990
20060518	 1721.250000	     -2.199	      -1.00	     0.0000	   -0.00578	    0.00578	    1.77096
20060519	 1731.750000	     -1.725	      -1.00	     0.0000	    0.00610	   -0.00610	    1.73391
20060522	 1712.750000	     -1.850	      -1.00	     0.0000	   -0.01097	    0.01097	    1.76302
20060523	 1691.750000	     -1.948	      -1.00	     0.0000	   -0.01226	    0.01226	    1.79209
20060524	 1711.000000	     -1.418	      -1.00	     0.0000	    0.01138	   -0.01138	    1.71542
20060525	 1731.750000	     -0.948	       0.00	     0.0000	    0.01213	    0.00000	    1.71508
20060526	 1736.250000	     -0.786	       0.00	     0.0000	    0.00260	    0.00000	    1.71474
20060530	 1696.500000	     -1.371	      -1.00	     0.0000	   -0.02289	    0.02289	    1.72989
20060531	 1709.500000	     -1.031	       0.00	     0.0000	    0.00766	    0.00000	    1.72955
20060601	 1745.500000	     -0.323	       0.00	     0.0000	    0.02106	    0.00000	    1.72920
20060602	 1741.000000	     -0.346	       0.00	     0.0000	   -0.00258	   -0.00000	    1.72886
20060605	 1709.250000	     -0.868	       0.00	     0.0000	   -0.01824	   -0.00000	    1.72852
20060606	 1704.000000	     -0.905	       0.00	     0.0000	   -0.00307	   -0.00000	    1.72818
20060607	 1689.000000	     -1.180	       0.00	     0.0000	   -0.00880	   -0.00000	    1.72783
20060608	 1683.000000	     -1.343	      -1.00	     0.0000	   -0.00355	    0.00355	    1.74103
20060609	 1676.000000	     -1.587	      -1.00	     0.0000	   -0.00416	    0.00416	    1.75609
20060612	 1650.000000	     -2.233	      -1.00	     0.0000	   -0.01551	    0.01551	    1.78455
20060613	 1641.750000	     -2.173	      -1.00	     0.0000	   -0.00500	    0.00500	    1.80163
20060614	 1654.500000	     -1.611	      -1.00	     0.0000	    0.00777	   -0.00777	    1.75888
20060615	 1702.500000	     -0.028	       0.00	     0.0000	    0.02901	    0.00000	    1.75854
20060616	 1683.500000	     -0.598	       0.00	     0.0000	   -0.01116	   -0.00000	    1.75819
20060619	 1673.000000	     -0.870	       0.00	     0.0000	   -0.00624	   -0.00000	    1.75784
20060620	 1678.000000	     -0.629	       0.00	     0.0000	    0.00299	    0.00000	    1.75749
20060621	 1699.500000	      0.136	       0.00	     0.0000	    0.01281	    0.00000	    1.75715
20060622	 1681.500000	     -0.471	       0.00	     0.0000	   -0.01059	   -0.00000	    1.75680
20060623	 1676.500000	     -0.586	       0.00	     0.0000	   -0.00297	   -0.00000	    1.75646
20060626	 1679.000000	     -0.431	       0.00	     0.0000	    0.00149	    0.00000	    1.75611
20060627	 1653.250000	     -1.259	      -1.00	     0.0000	   -0.01534	    0.01534	    1.78474
20060628	 1666.000000	     -0.721	       0.00	     0.0000	    0.00771	    0.00000	    1.78439
20060629	 1713.000000	      1.002	       0.00	     0.0000	    0.02821	    0.00000	    1.78404
20060630	 1699.500000	      0.671	       0.00	     0.0000	   -0.00788	   -0.00000	    1.78369
20060703	 1709.500000	      1.319	       1.00	     0.0000	    0.00588	    0.00588	    1.80258
20060705	 1676.250000	     -0.211	       0.00	     0.0000	   -0.01945	   -0.00000	    1.80223
20060706	 1673.000000	     -0.311	       0.00	     0.0000	   -0.00194	   -0.00000	    1.80187
20060707	 1658.250000	     -0.984	       0.00	     0.0000	   -0.00882	   -0.00000	    1.80152
20060710	 1645.750000	     -1.448	      -1.00	     0.0000	   -0.00754	    0.00754	    1.82380
20060711	 1653.000000	     -1.016	       0.00	     0.0000	    0.00441	    0.00000	    1.82345
20060712	 1624.750000	     -2.084	      -1.00	     0.0000	   -0.01709	    0.01709	    1.84967
20060713	 1597.750000	     -2.639	      -1.00	     0.0000	   -0.01662	    0.01662	    1.87605
20060714	 1583.000000	     -2.514	      -1.00	     0.0000	   -0.00923	    0.00923	    1.89996
20060717	 1588.250000	     -2.007	      -1.00	     0.0000	    0.00332	   -0.00332	    1.88505
20060718	 1594.750000	     -1.610	      -1.00	     0.0000	    0.00409	   -0.00409	    1.86634
20060719	 1598.750000	     -1.354	      -1.00	     0.0000	    0.00251	   -0.00251	    1.85531
20060720	 1585.250000	     -1.491	      -1.00	     0.0000	   -0.00844	    0.00844	    1.87806
20060721	 1569.250000	     -1.645	      -1.00	     0.0000	   -0.01009	    0.01009	    1.90280
20060724	 1602.500000	     -0.831	       0.00	     0.0000	    0.02119	    0.00000	    1.90243
20060725	 1600.250000	     -0.801	       0.00	     0.0000	   -0.00140	   -0.00000	    1.90206
20060726	 1603.750000	     -0.653	       0.00	     0.0000	    0.00219	    0.00000	    1.90168
20060727	 1602.500000	     -0.624	       0.00	     0.0000	   -0.00078	   -0.00000	    1.90131
20060728	 1629.250000	      0.006	       0.00	     0.0000	    0.01669	    0.00000	    1.90094
20060731	 1626.750000	      0.047	       0.00	     0.0000	   -0.00153	   -0.00000	    1.90057
20060801	 1601.750000	     -0.505	       0.00	     0.0000	   -0.01537	   -0.00000	    1.90020
20060802	 1617.750000	      0.063	       0.00	     0.0000	    0.00999	    0.00000	    1.89983
20060803	 1629.250000	      0.576	       0.00	     0.0000	    0.00711	    0.00000	    1.89945
20060804	 1623.500000	      0.518	       0.00	     0.0000	   -0.00353	   -0.00000	    1.89908
20060807	 1610.500000	      0.073	       0.00	     0.0000	   -0.00801	   -0.00000	    1.89871
20060808	 1600.500000	     -0.326	       0.00	     0.0000	   -0.00621	   -0.00000	    1.89834
20060809	 1603.000000	     -0.088	       0.00	     0.0000	    0.00156	    0.00000	    1.89797
20060810	 1605.500000	      0.128	       0.00	     0.0000	    0.00156	    0.00000	    1.89760
20060811	 1604.000000	      0.012	       0.00	     0.0000	   -0.00093	   -0.00000	    1.89723
20060814	 1608.250000	      0.219	       0.00	     0.0000	    0.00265	    0.00000	    1.89686
20060815	 1648.500000	      2.386	       1.00	     0.0000	    0.02503	    0.02503	    1.90844
20060816	 1684.250000	      3.064	       1.00	     0.0000	    0.02169	    0.02169	    1.92885
20060817	 1685.750000	      2.459	       1.00	     0.0000	    0.00089	    0.00089	    1.93157
20060818	 1693.000000	      2.246	       1.00	     0.0000	    0.00430	    0.00430	    1.94434
20060821	 1676.500000	      1.577	       1.00	     0.0000	   -0.00975	   -0.00975	    1.89795
20060822	 1674.500000	      1.357	       1.00	     0.0000	   -0.00119	   -0.00119	    1.89319
20060823	 1666.250000	      1.004	       0.00	     0.0000	   -0.00493	   -0.00000	    1.89282
20060824	 1665.250000	      0.886	       0.00	     0.0000	   -0.00060	   -0.00000	    1.89245
20060825	 1668.750000	      0.901	       0.00	     0.0000	    0.00210	    0.00000	    1.89208
20060828	 1678.500000	      1.094	       0.00	     0.0000	    0.00584	    0.00000	    1.89172
20060829	 1684.000000	      1.141	       0.00	     0.0000	    0.00328	    0.00000	    1.89135
20060830	 1692.500000	      1.257	       1.00	     0.0000	    0.00505	    0.00505	    1.90589
20060831	 1691.000000	      1.101	       0.00	     0.0000	   -0.00089	   -0.00000	    1.90553
20060901	 1698.500000	      1.187	       0.00	     0.0000	    0.00444	    0.00000	    1.90516
20060905	 1712.750000	      1.412	       1.00	     0.0000	    0.00839	    0.00839	    1.92618
20060906	 1683.750000	      0.570	       0.00	     0.0000	   -0.01693	   -0.00000	    1.92581
20060907	 1676.250000	      0.286	       0.00	     0.0000	   -0.00445	   -0.00000	    1.92544
20060908	 1679.000000	      0.289	       0.00	     0.0000	    0.00164	    0.00000	    1.92507
20060911	 1691.500000	      0.647	       0.00	     0.0000	    0.00744	    0.00000	    1.92469
20060912	 1722.750000	      1.851	       1.00	     0.0000	    0.01847	    0.01847	    1.94934
20060913	 1731.750000	      2.377	       1.00	     0.0000	    0.00522	    0.00522	    1.96388
20060914	 1733.750000	      2.193	       1.00	     0.0000	    0.00115	    0.00115	    1.96733
20060915	 1741.500000	      2.136	       1.00	     0.0000	    0.00447	    0.00447	    1.98005
20060918	 1741.500000	      1.837	       1.00	     0.0000	    0.00000	    0.00000	    1.97967
20060919	 1731.500000	      1.303	       1.00	     0.0000	   -0.00574	   -0.00574	    1.95578
20060920	 1752.750000	      1.823	       1.00	     0.0000	    0.01227	    0.01227	    1.98036
20060921	 1743.750000	      1.353	       1.00	     0.0000	   -0.00513	   -0.00513	    1.95955
20060922	 1730.000000	      0.802	       0.00	     0.0000	   -0.00789	   -0.00000	    1.95917
20060925	 1754.250000	      1.503	       1.00	     0.0000	    0.01402	    0.01402	    1.98443
20060926	 1762.500000	      1.618	       1.00	     0.0000	    0.00470	    0.00470	    1.99741
20060927	 1766.250000	      1.567	       1.00	     0.0000	    0.00213	    0.00213	    2.00367
20060928	 1762.500000	      1.305	       1.00	     0.0000	   -0.00212	   -0.00212	    1.99566
20060929	 1760.250000	      1.116	       0.00	     0.0000	   -0.00128	   -0.00000	    1.99527
20061002	 1736.500000	      0.255	       0.00	     0.0000	   -0.01349	   -0.00000	    1.99489
20061003	 1742.750000	      0.410	       0.00	     0.0000	    0.00360	    0.00000	    1.99450
20061004	 1781.500000	      1.586	       1.00	     0.0000	    0.02223	    0.02223	    2.01428
20061005	 1790.750000	      1.725	       1.00	     0.0000	    0.00519	    0.00519	    2.02799
20061006	 1789.000000	      1.588	       1.00	     0.0000	   -0.00098	   -0.00098	    2.02431
20061009	 1792.750000	      1.683	       1.00	     0.0000	    0.00210	    0.00210	    2.03029
20061010	 1792.750000	      1.639	       1.00	     0.0000	    0.00000	    0.00000	    2.02990
20061011	 1795.500000	      1.585	       1.00	     0.0000	    0.00153	    0.00153	    2.03426
20061012	 1821.750000	      2.251	       1.00	     0.0000	    0.01462	    0.01462	    2.05863
20061013	 1828.250000	      2.109	       1.00	     0.0000	    0.00357	    0.00357	    2.06839
20061016	 1830.250000	      1.875	       1.00	     0.0000	    0.00109	    0.00109	    2.07140
20061017	 1809.250000	      1.091	       0.00	     0.0000	   -0.01147	   -0.00000	    2.07100
20061018	 1804.000000	      0.842	       0.00	     0.0000	   -0.00290	   -0.00000	    2.07060
20061019	 1811.750000	      0.997	       0.00	     0.0000	    0.00430	    0.00000	    2.07020
20061020	 1807.750000	      0.786	       0.00	     0.0000	   -0.00221	   -0.00000	    2.06981
20061023	 1823.500000	      1.229	       0.00	     0.0000	    0.00871	    0.00000	    2.06941
20061024	 1815.250000	      0.852	       0.00	     0.0000	   -0.00452	   -0.00000	    2.06901
20061025	 1829.500000	      1.237	       0.00	     0.0000	    0.00785	    0.00000	    2.06862
20061026	 1842.000000	      1.501	       1.00	     0.0000	    0.00683	    0.00683	    2.08524
20061027	 1820.500000	      0.685	       0.00	     0.0000	   -0.01167	   -0.00000	    2.08484
20061030	 1825.750000	      0.793	       0.00	     0.0000	    0.00288	    0.00000	    2.08444
20061031	 1831.750000	      1.008	       0.00	     0.0000	    0.00329	    0.00000	    2.08404
20061101	 1808.250000	     -0.221	       0.00	     0.0000	   -0.01283	   -0.00000	    2.08365
20061102	 1805.500000	     -0.492	       0.00	     0.0000	   -0.00152	   -0.00000	    2.08325
20061103	 1802.750000	     -0.738	       0.00	     0.0000	   -0.00152	   -0.00000	    2.08285
20061106	 1826.250000	      0.773	       0.00	     0.0000	    0.01304	    0.00000	    2.08245
20061107	 1840.750000	      1.646	       1.00	     0.0000	    0.00794	    0.00794	    2.10079
20061108	 1850.750000	      2.085	       1.00	     0.0000	    0.00543	    0.00543	    2.11461
20061109	 1839.500000	      1.218	       0.00	     0.0000	   -0.00608	   -0.00000	    2.11420
20061110	 1847.250000	      1.575	       1.00	     0.0000	    0.00421	    0.00421	    2.12535
20061113	 1862.500000	      2.168	       1.00	     0.0000	    0.00826	    0.00826	    2.14394
20061114	 1885.250000	      2.659	       1.00	     0.0000	    0.01221	    0.01221	    2.16625
20061115	 1890.250000	      2.338	       1.00	     0.0000	    0.00265	    0.00265	    2.17346
20061116	 1899.250000	      2.236	       1.00	     0.0000	    0.00476	    0.00476	    2.18564
20061117	 1895.750000	      1.826	       1.00	     0.0000	   -0.00184	   -0.00184	    2.17904
20061120	 1900.250000	      1.733	       1.00	     0.0000	    0.00237	    0.00237	    2.18551
20061121	 1904.500000	      1.637	       1.00	     0.0000	    0.00224	    0.00224	    2.19160
20061122	 1913.250000	      1.667	       1.00	     0.0000	    0.00459	    0.00459	    2.20338
20061124	 1909.250000	      1.390	       1.00	     0.0000	   -0.00209	   -0.00209	    2.19590
20061127	 1868.000000	      0.256	       0.00	     0.0000	   -0.02161	   -0.00000	    2.19549
20061128	 1871.250000	      0.286	       0.00	     0.0000	    0.00174	    0.00000	    2.19507
20061129	 1884.750000	      0.589	       0.00	     0.0000	    0.00721	    0.00000	    2.19465
20061130	 1883.750000	      0.499	       0.00	     0.0000	   -0.00053	   -0.00000	    2.19423
20061201	 1871.000000	      0.057	       0.00	     0.0000	   -0.00677	   -0.00000	    2.19382
20061204	 1892.500000	      0.649	       0.00	     0.0000	    0.01149	    0.00000	    2.19340
20061205	 1897.000000	      0.763	       0.00	     0.0000	    0.00238	    0.00000	    2.19298
20061206	 1890.250000	      0.422	       0.00	     0.0000	   -0.00356	   -0.00000	    2.19257
20061207	 1865.500000	     -0.795	       0.00	     0.0000	   -0.01309	   -0.00000	    2.19215
20061208	 1875.000000	     -0.416	       0.00	     0.0000	    0.00509	    0.00000	    2.19173
20061211	 1884.250000	     -0.061	       0.00	     0.0000	    0.00493	    0.00000	    2.19132
20061212	 1870.250000	     -1.085	       0.00	     0.0000	   -0.00743	   -0.00000	    2.19090
20061213	 1874.250000	     -0.898	       0.00	     0.0000	    0.00214	    0.00000	    2.19049
20061214	 1892.500000	      0.369	       0.00	     0.0000	    0.00974	    0.00000	    2.19007
20061215	 1896.500000	      0.625	       0.00	     0.0000	    0.00211	    0.00000	    2.18966
20061218	 1878.000000	     -0.604	       0.00	     0.0000	   -0.00975	   -0.00000	    2.18924
20061219	 1870.250000	     -1.046	       0.00	     0.0000	   -0.00413	   -0.00000	    2.18883
20061220	 1864.750000	     -1.288	      -1.00	     0.0000	   -0.00294	    0.00294	    2.19671
20061221	 1852.250000	     -1.880	      -1.00	     0.0000	   -0.00670	    0.00670	    2.21244
20061222	 1831.000000	     -2.693	      -1.00	     0.0000	   -0.01147	    0.01147	    2.23360
20061226	 1840.500000	     -1.933	      -1.00	     0.0000	    0.00519	   -0.00519	    2.21417
20061227	 1846.250000	     -1.457	      -1.00	     0.0000	    0.00312	   -0.00312	    2.20302
20061228	 1841.500000	     -1.535	      -1.00	     0.0000	   -0.00257	    0.00257	    2.20988
20061229	 1842.000000	     -1.352	      -1.00	     0.0000	    0.00027	   -0.00027	    2.20861
20070103	 1846.000000	     -1.049	       0.00	     0.0000	    0.00217	    0.00000	    2.20819
20070104	 1879.250000	      0.537	       0.00	     0.0000	    0.01801	    0.00000	    2.20778
20070105	 1864.250000	     -0.124	       0.00	     0.0000	   -0.00798	   -0.00000	    2.20736
20070108	 1870.500000	      0.266	       0.00	     0.0000	    0.00335	    0.00000	    2.20694
20070109	 1877.500000	      0.694	       0.00	     0.0000	    0.00374	    0.00000	    2.20653
20070110	 1901.500000	      1.756	       1.00	     0.0000	    0.01278	    0.01278	    2.22827
20070111	 1916.750000	      2.126	       1.00	     0.0000	    0.00802	    0.00802	    2.24568
20070112	 1929.250000	      2.244	       1.00	     0.0000	    0.00652	    0.00652	    2.26074
20070116	 1922.750000	      1.741	       1.00	     0.0000	   -0.00337	   -0.00337	    2.24880
20070117	 1908.250000	      1.134	       0.00	     0.0000	   -0.00754	   -0.00000	    2.24838
20070118	 1873.000000	     -0.031	       0.00	     0.0000	   -0.01847	   -0.00000	    2.24796
20070119	 1873.500000	      0.024	       0.00	     0.0000	    0.00027	    0.00000	    2.24753
20070122	 1859.250000	     -0.439	       0.00	     0.0000	   -0.00761	   -0.00000	    2.24711
20070123	 1854.000000	     -0.589	       0.00	     0.0000	   -0.00282	   -0.00000	    2.24669
20070124	 1882.250000	      0.352	       0.00	     0.0000	    0.01524	    0.00000	    2.24627
20070125	 1858.250000	     -0.483	       0.00	     0.0000	   -0.01275	   -0.00000	    2.24585
20070126	 1846.250000	     -0.952	       0.00	     0.0000	   -0.00646	   -0.00000	    2.24542
20070129	 1853.750000	     -0.724	       0.00	     0.0000	    0.00406	    0.00000	    2.24500
20070130	 1856.250000	     -0.660	       0.00	     0.0000	    0.00135	    0.00000	    2.24458
20070131	 1869.500000	     -0.228	       0.00	     0.0000	    0.00714	    0.00000	    2.24416
20070201	 1870.250000	     -0.262	       0.00	     0.0000	    0.00040	    0.00000	    2.24374
20070202	 1874.250000	     -0.162	       0.00	     0.0000	    0.00214	    0.00000	    2.24332
20070205	 1872.500000	     -0.221	       0.00	     0.0000	   -0.00093	   -0.00000	    2.24290
20070206	 1870.500000	     -0.319	       0.00	     0.0000	   -0.00107	   -0.00000	    2.24248
20070207	 1890.000000	      0.460	       0.00	     0.0000	    0.01043	    0.00000	    2.24206
20070208	 1888.750000	      0.383	       0.00	     0.0000	   -0.00066	   -0.00000	    2.24164
20070209	 1859.500000	     -0.759	       0.00	     0.0000	   -0.01549	   -0.00000	    2.24122
20070212	 1852.500000	     -0.973	       0.00	     0.0000	   -0.00376	   -0.00000	    2.24080
20070213	 1863.000000	     -0.441	       0.00	     0.0000	    0.00567	    0.00000	    2.24039
