20020124	 1172.600000	     -1.006	       0.00	     0.0000	    0.00368	    0.00000	    0.00000
20020125	 1172.600000	     -0.940	       0.00	     0.0000	    0.00000	    0.00000	       -nan
20020128	 1174.800000	     -0.735	       0.00	     0.0000	    0.00188	    0.00000	       -nan
20020129	 1139.800000	     -2.385	      -1.00	     0.0000	   -0.02979	    0.02979	    0.22819
20020130	 1154.800000	     -1.400	      -1.00	     0.0000	    0.01316	   -0.01316	    0.11651
20020131	 1169.700000	     -0.565	       0.00	     0.0000	    0.01290	    0.00000	    0.11650
20020201	 1162.700000	     -0.849	       0.00	     0.0000	   -0.00598	   -0.00000	    0.11649
20020204	 1134.600000	     -2.002	      -1.00	     0.0000	   -0.02417	    0.02417	    0.22947
20020205	 1128.300000	     -2.065	      -1.00	     0.0000	   -0.00555	    0.00555	    0.25827
20020206	 1122.600000	     -2.048	      -1.00	     0.0000	   -0.00505	    0.00505	    0.28424
20020207	 1116.300000	     -2.041	      -1.00	     0.0000	   -0.00561	    0.00561	    0.31238
20020208	 1135.800000	     -1.093	       0.00	     0.0000	    0.01747	    0.00000	    0.31234
20020211	 1149.500000	     -0.418	       0.00	     0.0000	    0.01206	    0.00000	    0.31231
20020212	 1146.800000	     -0.476	       0.00	     0.0000	   -0.00235	   -0.00000	    0.31228
20020213	 1158.000000	      0.134	       0.00	     0.0000	    0.00977	    0.00000	    0.31225
20020214	 1156.100000	      0.124	       0.00	     0.0000	   -0.00164	   -0.00000	    0.31222
20020215	 1144.100000	     -0.488	       0.00	     0.0000	   -0.01038	   -0.00000	    0.31219
20020219	 1123.000000	     -1.492	      -1.00	     0.0000	   -0.01844	    0.01844	    0.37775
20020220	 1140.300000	     -0.488	       0.00	     0.0000	    0.01541	    0.00000	    0.37771
20020221	 1118.300000	     -1.513	      -1.00	     0.0000	   -0.01929	    0.01929	    0.43669
20020222	 1131.000000	     -0.766	       0.00	     0.0000	    0.01136	    0.00000	    0.43664
20020225	 1148.900000	      0.267	       0.00	     0.0000	    0.01583	    0.00000	    0.43660
20020226	 1147.200000	      0.257	       0.00	     0.0000	   -0.00148	   -0.00000	    0.43656
20020227	 1150.700000	      0.597	       0.00	     0.0000	    0.00305	    0.00000	    0.43651
20020228	 1146.200000	      0.273	       0.00	     0.0000	   -0.00391	   -0.00000	    0.43647
20020301	 1171.800000	      1.801	       1.00	     0.0000	    0.02233	    0.02233	    0.49154
20020304	 1191.000000	      2.569	       1.00	     0.0000	    0.01639	    0.01639	    0.53639
20020305	 1188.400000	      2.121	       1.00	     0.0000	   -0.00218	   -0.00218	    0.52716
20020306	 1201.800000	      2.259	       1.00	     0.0000	    0.01128	    0.01128	    0.56144
20020307	 1198.600000	      1.834	       1.00	     0.0000	   -0.00266	   -0.00266	    0.55030
20020308	 1203.100000	      1.763	       1.00	     0.0000	    0.00375	    0.00375	    0.56384
20020311	 1205.500000	      1.662	       1.00	     0.0000	    0.00199	    0.00199	    0.57129
20020312	 1206.000000	      1.494	       1.00	     0.0000	    0.00041	    0.00041	    0.57285
20020313	 1193.800000	      0.976	       0.00	     0.0000	   -0.01012	   -0.00000	    0.57279
20020314	 1192.100000	      0.837	       0.00	     0.0000	   -0.00142	   -0.00000	    0.57273
20020315	 1203.300000	      1.109	       0.00	     0.0000	    0.00940	    0.00000	    0.57267
20020318	 1203.700000	      1.024	       0.00	     0.0000	    0.00033	    0.00000	    0.57262
20020319	 1210.700000	      1.132	       0.00	     0.0000	    0.00582	    0.00000	    0.57256
20020320	 1188.800000	      0.364	       0.00	     0.0000	   -0.01809	   -0.00000	    0.57250
20020321	 1189.200000	      0.311	       0.00	     0.0000	    0.00034	    0.00000	    0.57245
20020322	 1186.100000	      0.099	       0.00	     0.0000	   -0.00261	   -0.00000	    0.57239
20020325	 1172.300000	     -0.632	       0.00	     0.0000	   -0.01163	   -0.00000	    0.57233
20020326	 1178.600000	     -0.435	       0.00	     0.0000	    0.00537	    0.00000	    0.57228
20020327	 1181.500000	     -0.417	       0.00	     0.0000	    0.00246	    0.00000	    0.57222
20020328	 1185.700000	     -0.313	       0.00	     0.0000	    0.00355	    0.00000	    0.57216
20020401	 1181.000000	     -0.974	       0.00	     0.0000	   -0.00396	   -0.00000	    0.57210
20020402	 1174.600000	     -1.583	      -1.00	     0.0000	   -0.00542	    0.00542	    0.59073
20020403	 1166.800000	     -1.952	      -1.00	     0.0000	   -0.00664	    0.00664	    0.61263
20020404	 1162.200000	     -1.982	      -1.00	     0.0000	   -0.00394	    0.00394	    0.62645
20020405	 1161.900000	     -1.746	      -1.00	     0.0000	   -0.00026	    0.00026	    0.62738
20020408	 1164.000000	     -1.431	      -1.00	     0.0000	    0.00181	   -0.00181	    0.62003
20020409	 1156.900000	     -1.666	      -1.00	     0.0000	   -0.00610	    0.00610	    0.64013
20020410	 1168.500000	     -0.869	       0.00	     0.0000	    0.01003	    0.00000	    0.64007
20020411	 1140.400000	     -2.237	      -1.00	     0.0000	   -0.02405	    0.02405	    0.67852
20020412	 1148.500000	     -1.565	      -1.00	     0.0000	    0.00710	   -0.00710	    0.64913
20020415	 1140.800000	     -1.733	      -1.00	     0.0000	   -0.00670	    0.00670	    0.66917
20020416	 1166.200000	     -0.358	       0.00	     0.0000	    0.02227	    0.00000	    0.66910
20020417	 1164.400000	     -0.382	       0.00	     0.0000	   -0.00154	   -0.00000	    0.66904
20020418	 1159.500000	     -0.617	       0.00	     0.0000	   -0.00421	   -0.00000	    0.66897
20020419	 1163.200000	     -0.294	       0.00	     0.0000	    0.00319	    0.00000	    0.66890
20020422	 1144.800000	     -1.488	      -1.00	     0.0000	   -0.01582	    0.01582	    0.70372
20020423	 1139.800000	     -1.670	      -1.00	     0.0000	   -0.00437	    0.00437	    0.71704
20020424	 1128.300000	     -2.088	      -1.00	     0.0000	   -0.01009	    0.01009	    0.74293
20020425	 1129.000000	     -1.787	      -1.00	     0.0000	    0.00062	   -0.00062	    0.74073
20020426	 1108.500000	     -2.459	      -1.00	     0.0000	   -0.01816	    0.01816	    0.77429
20020429	 1101.400000	     -2.371	      -1.00	     0.0000	   -0.00641	    0.00641	    0.79176
20020430	 1113.700000	     -1.605	      -1.00	     0.0000	    0.01117	   -0.01117	    0.74601
20020501	 1124.900000	     -0.983	       0.00	     0.0000	    0.01006	    0.00000	    0.74594
20020502	 1121.100000	     -1.059	       0.00	     0.0000	   -0.00338	   -0.00000	    0.74587
20020503	 1109.500000	     -1.442	      -1.00	     0.0000	   -0.01035	    0.01035	    0.77078
20020506	 1088.300000	     -2.047	      -1.00	     0.0000	   -0.01911	    0.01911	    0.80322
20020507	 1083.900000	     -1.924	      -1.00	     0.0000	   -0.00404	    0.00404	    0.81432
20020508	 1123.000000	     -0.348	       0.00	     0.0000	    0.03607	    0.00000	    0.81424
20020509	 1110.500000	     -0.766	       0.00	     0.0000	   -0.01113	   -0.00000	    0.81416
20020510	 1090.600000	     -1.418	      -1.00	     0.0000	   -0.01792	    0.01792	    0.84465
20020513	 1112.000000	     -0.515	       0.00	     0.0000	    0.01962	    0.00000	    0.84457
20020514	 1135.000000	      0.415	       0.00	     0.0000	    0.02068	    0.00000	    0.84448
20020515	 1131.000000	      0.347	       0.00	     0.0000	   -0.00352	   -0.00000	    0.84440
20020516	 1135.600000	      0.656	       0.00	     0.0000	    0.00407	    0.00000	    0.84432
20020517	 1141.700000	      1.043	       0.00	     0.0000	    0.00537	    0.00000	    0.84423
20020520	 1130.000000	      0.611	       0.00	     0.0000	   -0.01025	   -0.00000	    0.84415
20020521	 1119.600000	      0.097	       0.00	     0.0000	   -0.00920	   -0.00000	    0.84407
20020522	 1121.600000	      0.281	       0.00	     0.0000	    0.00179	    0.00000	    0.84398
20020523	 1133.500000	      0.995	       0.00	     0.0000	    0.01061	    0.00000	    0.84390
20020524	 1118.900000	      0.127	       0.00	     0.0000	   -0.01288	   -0.00000	    0.84382
20020528	 1113.100000	     -0.251	       0.00	     0.0000	   -0.00518	   -0.00000	    0.84373
20020529	 1104.300000	     -0.818	       0.00	     0.0000	   -0.00791	   -0.00000	    0.84365
20020530	 1102.300000	     -0.893	       0.00	     0.0000	   -0.00181	   -0.00000	    0.84357
20020531	 1104.000000	     -0.720	       0.00	     0.0000	    0.00154	    0.00000	    0.84348
20020603	 1075.300000	     -2.077	      -1.00	     0.0000	   -0.02600	    0.02600	    0.87152
20020604	 1078.000000	     -1.704	      -1.00	     0.0000	    0.00251	   -0.00251	    0.86395
20020605	 1087.100000	     -1.241	       0.00	     0.0000	    0.00844	    0.00000	    0.86387
20020606	 1066.000000	     -2.088	      -1.00	     0.0000	   -0.01941	    0.01941	    0.89288
20020607	 1064.800000	     -1.841	      -1.00	     0.0000	   -0.00113	    0.00113	    0.89578
20020610	 1068.600000	     -1.499	      -1.00	     0.0000	    0.00357	   -0.00357	    0.88512
20020611	 1050.700000	     -1.934	      -1.00	     0.0000	   -0.01675	    0.01675	    0.91241
20020612	 1056.500000	     -1.530	      -1.00	     0.0000	    0.00552	   -0.00552	    0.89564
20020613	 1047.300000	     -1.631	      -1.00	     0.0000	   -0.00871	    0.00871	    0.91402
20020614	 1045.600000	     -1.506	      -1.00	     0.0000	   -0.00162	    0.00162	    0.91807
20020617	 1072.200000	     -0.598	       0.00	     0.0000	    0.02544	    0.00000	    0.91798
20020618	 1080.800000	     -0.241	       0.00	     0.0000	    0.00802	    0.00000	    0.91789
20020619	 1055.900000	     -1.029	       0.00	     0.0000	   -0.02304	   -0.00000	    0.91780
20020620	 1043.400000	     -1.347	      -1.00	     0.0000	   -0.01184	    0.01184	    0.94015
20020621	 1027.600000	     -1.721	      -1.00	     0.0000	   -0.01514	    0.01514	    0.96511
20020624	 1032.700000	     -1.460	      -1.00	     0.0000	    0.00496	   -0.00496	    0.95063
20020625	 1010.100000	     -2.055	      -1.00	     0.0000	   -0.02188	    0.02188	    0.97713
20020626	 1010.300000	     -1.844	      -1.00	     0.0000	    0.00020	   -0.00020	    0.97654
20020627	 1027.600000	     -1.122	       0.00	     0.0000	    0.01712	    0.00000	    0.97644
20020628	 1025.700000	     -1.108	       0.00	     0.0000	   -0.00185	   -0.00000	    0.97635
20020701	 1005.200000	     -1.773	      -1.00	     0.0000	   -0.01999	    0.01999	    1.00216
20020702	 983.200000	     -2.209	      -1.00	     0.0000	   -0.02189	    0.02189	    1.02732
20020703	 988.800000	     -1.764	      -1.00	     0.0000	    0.00570	   -0.00570	    1.01182
20020705	 1026.600000	     -0.402	       0.00	     0.0000	    0.03823	    0.00000	    1.01172
20020708	 1013.900000	     -0.785	       0.00	     0.0000	   -0.01237	   -0.00000	    1.01162
20020709	 989.600000	     -1.504	      -1.00	     0.0000	   -0.02397	    0.02397	    1.03623
20020710	 954.600000	     -2.291	      -1.00	     0.0000	   -0.03537	    0.03537	    1.05158
20020711	 962.500000	     -1.769	      -1.00	     0.0000	    0.00828	   -0.00828	    1.03026
20020712	 952.900000	     -1.791	      -1.00	     0.0000	   -0.00997	    0.00997	    1.04701
20020715	 956.200000	     -1.509	      -1.00	     0.0000	    0.00346	   -0.00346	    1.03887
20020716	 938.900000	     -1.722	      -1.00	     0.0000	   -0.01809	    0.01809	    1.06214
20020717	 940.600000	     -1.535	      -1.00	     0.0000	    0.00181	   -0.00181	    1.05804
20020718	 911.100000	     -2.062	      -1.00	     0.0000	   -0.03136	    0.03136	    1.07887
20020719	 879.600000	     -2.376	      -1.00	     0.0000	   -0.03457	    0.03457	    1.09737
20020722	 855.400000	     -2.389	      -1.00	     0.0000	   -0.02751	    0.02751	    1.11995
20020723	 832.400000	     -2.319	      -1.00	     0.0000	   -0.02689	    0.02689	    1.14226
20020724	 879.600000	     -1.356	      -1.00	     0.0000	    0.05670	   -0.05670	    0.94153
20020725	 872.400000	     -1.329	      -1.00	     0.0000	   -0.00819	    0.00819	    0.95340
20020726	 889.300000	     -0.954	       0.00	     0.0000	    0.01937	    0.00000	    0.95331
20020729	 929.300000	     -0.225	       0.00	     0.0000	    0.04498	    0.00000	    0.95321
20020730	 941.100000	      0.052	       0.00	     0.0000	    0.01270	    0.00000	    0.95312
20020731	 947.100000	      0.222	       0.00	     0.0000	    0.00638	    0.00000	    0.95302
20020801	 919.600000	     -0.251	       0.00	     0.0000	   -0.02904	   -0.00000	    0.95293
20020802	 900.600000	     -0.554	       0.00	     0.0000	   -0.02066	   -0.00000	    0.95284
20020805	 869.600000	     -1.111	       0.00	     0.0000	   -0.03442	   -0.00000	    0.95274
20020806	 896.600000	     -0.453	       0.00	     0.0000	    0.03105	    0.00000	    0.95265
20020807	 911.600000	      0.003	       0.00	     0.0000	    0.01673	    0.00000	    0.95256
20020808	 941.300000	      0.831	       0.00	     0.0000	    0.03258	    0.00000	    0.95247
20020809	 943.400000	      0.942	       0.00	     0.0000	    0.00223	    0.00000	    0.95237
20020812	 938.100000	      0.830	       0.00	     0.0000	   -0.00562	   -0.00000	    0.95228
20020813	 920.900000	      0.402	       0.00	     0.0000	   -0.01833	   -0.00000	    0.95219
20020814	 953.600000	      1.332	       1.00	     0.0000	    0.03551	    0.03551	    0.97825
20020815	 966.100000	      1.588	       1.00	     0.0000	    0.01311	    0.01311	    0.99497
20020816	 963.600000	      1.374	       1.00	     0.0000	   -0.00259	   -0.00259	    0.99054
20020819	 984.600000	      1.692	       1.00	     0.0000	    0.02179	    0.02179	    1.01337
20020820	 975.400000	      1.342	       1.00	     0.0000	   -0.00934	   -0.00934	    0.99628
20020821	 987.900000	      1.608	       1.00	     0.0000	    0.01282	    0.01282	    1.01241
20020822	 996.700000	      1.659	       1.00	     0.0000	    0.00891	    0.00891	    1.02439
20020823	 976.600000	      1.034	       0.00	     0.0000	   -0.02017	   -0.00000	    1.02429
20020826	 983.100000	      1.121	       0.00	     0.0000	    0.00666	    0.00000	    1.02419
20020827	 972.100000	      0.730	       0.00	     0.0000	   -0.01119	   -0.00000	    1.02409
20020828	 952.100000	      0.130	       0.00	     0.0000	   -0.02057	   -0.00000	    1.02399
20020829	 951.600000	      0.109	       0.00	     0.0000	   -0.00053	   -0.00000	    1.02389
20020830	 951.700000	      0.069	       0.00	     0.0000	    0.00011	    0.00000	    1.02379
20020903	 913.300000	     -1.120	       0.00	     0.0000	   -0.04035	   -0.00000	    1.02369
20020904	 925.300000	     -0.984	       0.00	     0.0000	    0.01314	    0.00000	    1.02359
20020905	 918.800000	     -1.346	      -1.00	     0.0000	   -0.00702	    0.00702	    1.03332
20020906	 930.100000	     -0.991	       0.00	     0.0000	    0.01230	    0.00000	    1.03321
20020909	 936.200000	     -0.729	       0.00	     0.0000	    0.00656	    0.00000	    1.03311
20020910	 946.600000	     -0.318	       0.00	     0.0000	    0.01111	    0.00000	    1.03301
20020911	 941.700000	     -0.525	       0.00	     0.0000	   -0.00518	   -0.00000	    1.03291
20020912	 924.800000	     -1.229	       0.00	     0.0000	   -0.01795	   -0.00000	    1.03281
20020913	 926.700000	     -1.066	       0.00	     0.0000	    0.00205	    0.00000	    1.03271
20020916	 928.500000	     -0.909	       0.00	     0.0000	    0.00194	    0.00000	    1.03261
20020917	 908.000000	     -1.515	      -1.00	     0.0000	   -0.02208	    0.02208	    1.05480
20020918	 899.300000	     -1.638	      -1.00	     0.0000	   -0.00958	    0.00958	    1.06727
20020919	 877.200000	     -2.058	      -1.00	     0.0000	   -0.02457	    0.02457	    1.08983
20020920	 877.700000	     -1.819	      -1.00	     0.0000	    0.00057	   -0.00057	    1.08884
20020923	 869.900000	     -1.889	      -1.00	     0.0000	   -0.00889	    0.00889	    1.10033
20020924	 856.300000	     -2.022	      -1.00	     0.0000	   -0.01563	    0.01563	    1.11785
20020925	 876.700000	     -1.313	      -1.00	     0.0000	    0.02382	   -0.02382	    1.06794
20020926	 890.000000	     -0.821	       0.00	     0.0000	    0.01517	    0.00000	    1.06783
20020927	 860.800000	     -1.610	      -1.00	     0.0000	   -0.03281	    0.03281	    1.09125
20020930	 850.500000	     -1.729	      -1.00	     0.0000	   -0.01197	    0.01197	    1.10533
20021001	 889.600000	     -0.423	       0.00	     0.0000	    0.04597	    0.00000	    1.10522
20021002	 866.000000	     -1.103	       0.00	     0.0000	   -0.02653	   -0.00000	    1.10511
20021003	 856.000000	     -1.284	      -1.00	     0.0000	   -0.01155	    0.01155	    1.11874
20021004	 841.300000	     -1.545	      -1.00	     0.0000	   -0.01717	    0.01717	    1.13666
20021007	 824.000000	     -1.800	      -1.00	     0.0000	   -0.02056	    0.02056	    1.15628
20021008	 836.600000	     -1.316	      -1.00	     0.0000	    0.01529	   -0.01529	    1.12889
20021009	 813.300000	     -1.793	      -1.00	     0.0000	   -0.02785	    0.02785	    1.15077
20021010	 838.000000	     -1.025	       0.00	     0.0000	    0.03037	    0.00000	    1.15066
20021011	 874.000000	      0.144	       0.00	     0.0000	    0.04296	    0.00000	    1.15055
20021014	 877.100000	      0.354	       0.00	     0.0000	    0.00355	    0.00000	    1.15044
20021015	 918.200000	      1.909	       1.00	     0.0000	    0.04686	    0.04686	    1.16733
20021016	 897.800000	      1.202	       0.00	     0.0000	   -0.02222	   -0.00000	    1.16722
20021017	 914.500000	      1.735	       1.00	     0.0000	    0.01860	    0.01860	    1.18488
20021018	 918.700000	      1.682	       1.00	     0.0000	    0.00459	    0.00459	    1.19048
20021021	 934.200000	      1.906	       1.00	     0.0000	    0.01687	    0.01687	    1.20692
20021022	 927.000000	      1.506	       1.00	     0.0000	   -0.00771	   -0.00771	    1.19528
20021023	 933.800000	      1.507	       1.00	     0.0000	    0.00734	    0.00734	    1.20380
20021024	 916.000000	      0.952	       0.00	     0.0000	   -0.01906	   -0.00000	    1.20369
20021025	 934.200000	      1.315	       1.00	     0.0000	    0.01987	    0.01987	    1.22163
20021028	 927.300000	      1.039	       0.00	     0.0000	   -0.00739	   -0.00000	    1.22151
20021029	 917.000000	      0.711	       0.00	     0.0000	   -0.01111	   -0.00000	    1.22139
20021030	 925.200000	      0.856	       0.00	     0.0000	    0.00894	    0.00000	    1.22127
20021031	 920.900000	      0.685	       0.00	     0.0000	   -0.00465	   -0.00000	    1.22116
20021101	 934.000000	      0.911	       0.00	     0.0000	    0.01423	    0.00000	    1.22104
20021104	 942.900000	      1.030	       0.00	     0.0000	    0.00953	    0.00000	    1.22092
20021105	 949.500000	      1.123	       0.00	     0.0000	    0.00700	    0.00000	    1.22080
20021106	 961.200000	      1.344	       1.00	     0.0000	    0.01232	    0.01232	    1.23375
20021107	 937.900000	      0.677	       0.00	     0.0000	   -0.02424	   -0.00000	    1.23363
20021108	 926.900000	      0.175	       0.00	     0.0000	   -0.01173	   -0.00000	    1.23351
20021111	 913.300000	     -0.668	       0.00	     0.0000	   -0.01467	   -0.00000	    1.23339
20021112	 920.300000	     -0.493	       0.00	     0.0000	    0.00766	    0.00000	    1.23327
20021113	 921.200000	     -0.441	       0.00	     0.0000	    0.00098	    0.00000	    1.23315
20021114	 938.000000	      0.714	       0.00	     0.0000	    0.01824	    0.00000	    1.23303
20021115	 944.400000	      1.124	       0.00	     0.0000	    0.00682	    0.00000	    1.23291
20021118	 935.500000	      0.338	       0.00	     0.0000	   -0.00942	   -0.00000	    1.23279
20021119	 933.600000	      0.182	       0.00	     0.0000	   -0.00203	   -0.00000	    1.23267
20021120	 954.200000	      1.668	       1.00	     0.0000	    0.02207	    0.02207	    1.25121
20021121	 971.000000	      2.378	       1.00	     0.0000	    0.01761	    0.01761	    1.26749
20021122	 964.300000	      1.715	       1.00	     0.0000	   -0.00690	   -0.00690	    1.25740
20021125	 965.200000	      1.568	       1.00	     0.0000	    0.00093	    0.00093	    1.25847
20021126	 947.000000	      0.456	       0.00	     0.0000	   -0.01886	   -0.00000	    1.25835
20021127	 973.500000	      1.771	       1.00	     0.0000	    0.02798	    0.02798	    1.27799
20021129	 971.500000	      1.479	       1.00	     0.0000	   -0.00205	   -0.00205	    1.27514
20021202	 970.800000	      1.308	       1.00	     0.0000	   -0.00072	   -0.00072	    1.27409
20021203	 959.300000	      0.625	       0.00	     0.0000	   -0.01185	   -0.00000	    1.27396
20021204	 954.500000	      0.337	       0.00	     0.0000	   -0.00500	   -0.00000	    1.27384
20021205	 944.000000	     -0.214	       0.00	     0.0000	   -0.01100	   -0.00000	    1.27372
20021206	 949.300000	      0.103	       0.00	     0.0000	    0.00561	    0.00000	    1.27359
20021209	 925.100000	     -1.148	       0.00	     0.0000	   -0.02549	   -0.00000	    1.27347
20021210	 937.500000	     -0.531	       0.00	     0.0000	    0.01340	    0.00000	    1.27335
20021211	 937.700000	     -0.636	       0.00	     0.0000	    0.00021	    0.00000	    1.27322
20021212	 937.400000	     -0.748	       0.00	     0.0000	   -0.00032	   -0.00000	    1.27310
20021213	 922.900000	     -1.681	      -1.00	     0.0000	   -0.01547	    0.01547	    1.28779
20021216	 945.800000	     -0.253	       0.00	     0.0000	    0.02481	    0.00000	    1.28767
20021217	 938.400000	     -0.703	       0.00	     0.0000	   -0.00782	   -0.00000	    1.28755
20021218	 927.900000	     -1.313	      -1.00	     0.0000	   -0.01119	    0.01119	    1.29908
20021219	 921.200000	     -1.612	      -1.00	     0.0000	   -0.00722	    0.00722	    1.30705
20021220	 933.100000	     -0.837	       0.00	     0.0000	    0.01292	    0.00000	    1.30692
20021223	 933.500000	     -0.736	       0.00	     0.0000	    0.00043	    0.00000	    1.30680
20021224	 927.900000	     -0.978	       0.00	     0.0000	   -0.00600	   -0.00000	    1.30667
20021226	 927.200000	     -0.931	       0.00	     0.0000	   -0.00075	   -0.00000	    1.30655
20021227	 908.200000	     -1.820	      -1.00	     0.0000	   -0.02049	    0.02049	    1.32360
20021230	 913.900000	     -1.402	      -1.00	     0.0000	    0.00628	   -0.00628	    1.31472
20021231	 915.300000	     -1.254	      -1.00	     0.0000	    0.00153	   -0.00153	    1.31261
20030102	 943.800000	      0.767	       0.00	     0.0000	    0.03114	    0.00000	    1.31249
20030103	 946.300000	      1.080	       0.00	     0.0000	    0.00265	    0.00000	    1.31236
20030106	 962.900000	      2.234	       1.00	     0.0000	    0.01754	    0.01754	    1.32793
20030107	 960.200000	      1.823	       1.00	     0.0000	   -0.00280	   -0.00280	    1.32412
20030108	 946.400000	      0.879	       0.00	     0.0000	   -0.01437	   -0.00000	    1.32399
20030109	 961.100000	      1.674	       1.00	     0.0000	    0.01553	    0.01553	    1.33832
20030110	 962.900000	      1.595	       1.00	     0.0000	    0.00187	    0.00187	    1.34046
20030113	 962.800000	      1.432	       1.00	     0.0000	   -0.00010	   -0.00010	    1.34020
20030114	 965.700000	      1.437	       1.00	     0.0000	    0.00301	    0.00301	    1.34365
20030115	 957.400000	      0.894	       0.00	     0.0000	   -0.00859	   -0.00000	    1.34352
20030116	 952.900000	      0.624	       0.00	     0.0000	   -0.00470	   -0.00000	    1.34340
20030117	 939.500000	     -0.105	       0.00	     0.0000	   -0.01406	   -0.00000	    1.34327
20030121	 924.900000	     -0.883	       0.00	     0.0000	   -0.01554	   -0.00000	    1.34314
20030122	 913.900000	     -1.421	      -1.00	     0.0000	   -0.01189	    0.01189	    1.35490
20030123	 919.400000	     -1.069	       0.00	     0.0000	    0.00602	    0.00000	    1.35477
20030124	 896.700000	     -1.927	      -1.00	     0.0000	   -0.02469	    0.02469	    1.37256
20030127	 883.700000	     -2.133	      -1.00	     0.0000	   -0.01450	    0.01450	    1.38593
20030128	 890.900000	     -1.647	      -1.00	     0.0000	    0.00815	   -0.00815	    1.37439
20030129	 897.100000	     -1.360	      -1.00	     0.0000	    0.00696	   -0.00696	    1.36469
20030130	 876.400000	     -1.881	      -1.00	     0.0000	   -0.02307	    0.02307	    1.38192
20030131	 891.100000	     -1.299	      -1.00	     0.0000	    0.01677	   -0.01677	    1.35569
20030203	 894.900000	     -1.071	       0.00	     0.0000	    0.00426	    0.00000	    1.35556
20030204	 885.700000	     -1.229	       0.00	     0.0000	   -0.01028	   -0.00000	    1.35543
20030205	 880.900000	     -1.246	       0.00	     0.0000	   -0.00542	   -0.00000	    1.35530
20030206	 876.900000	     -1.239	       0.00	     0.0000	   -0.00454	   -0.00000	    1.35517
20030207	 866.900000	     -1.379	      -1.00	     0.0000	   -0.01140	    0.01140	    1.36628
20030210	 872.400000	     -1.116	       0.00	     0.0000	    0.00634	    0.00000	    1.36615
20030211	 866.200000	     -1.197	       0.00	     0.0000	   -0.00711	   -0.00000	    1.36602
20030212	 853.200000	     -1.472	      -1.00	     0.0000	   -0.01501	    0.01501	    1.37953
20030213	 855.400000	     -1.335	      -1.00	     0.0000	    0.00258	   -0.00258	    1.37615
20030214	 873.400000	     -0.670	       0.00	     0.0000	    0.02104	    0.00000	    1.37602
20030218	 888.000000	      0.001	       0.00	     0.0000	    0.01672	    0.00000	    1.37589
20030219	 883.200000	     -0.111	       0.00	     0.0000	   -0.00541	   -0.00000	    1.37576
20030220	 875.200000	     -0.466	       0.00	     0.0000	   -0.00906	   -0.00000	    1.37563
20030221	 883.600000	      0.141	       0.00	     0.0000	    0.00960	    0.00000	    1.37549
20030224	 869.000000	     -0.809	       0.00	     0.0000	   -0.01652	   -0.00000	    1.37536
20030225	 876.100000	     -0.170	       0.00	     0.0000	    0.00817	    0.00000	    1.37523
20030226	 864.200000	     -1.073	       0.00	     0.0000	   -0.01358	   -0.00000	    1.37510
20030227	 874.600000	     -0.154	       0.00	     0.0000	    0.01203	    0.00000	    1.37497
20030228	 877.300000	      0.172	       0.00	     0.0000	    0.00309	    0.00000	    1.37484
20030303	 871.800000	     -0.321	       0.00	     0.0000	   -0.00627	   -0.00000	    1.37471
20030304	 858.700000	     -1.407	      -1.00	     0.0000	   -0.01503	    0.01503	    1.38815
20030305	 865.900000	     -0.668	       0.00	     0.0000	    0.00838	    0.00000	    1.38802
20030306	 858.200000	     -1.340	      -1.00	     0.0000	   -0.00889	    0.00889	    1.39699
20030307	 865.000000	     -0.561	       0.00	     0.0000	    0.00792	    0.00000	    1.39685
20030310	 844.200000	     -2.267	      -1.00	     0.0000	   -0.02405	    0.02405	    1.41387
20030311	 836.600000	     -2.380	      -1.00	     0.0000	   -0.00900	    0.00900	    1.42283
20030312	 842.100000	     -1.702	      -1.00	     0.0000	    0.00657	   -0.00657	    1.41400
20030313	 869.700000	      0.267	       0.00	     0.0000	    0.03278	    0.00000	    1.41387
20030314	 870.600000	      0.278	       0.00	     0.0000	    0.00103	    0.00000	    1.41373
20030317	 898.400000	      1.966	       1.00	     0.0000	    0.03193	    0.03193	    1.43110
20030318	 903.600000	      1.980	       1.00	     0.0000	    0.00579	    0.00579	    1.43708
20030319	 910.100000	      2.085	       1.00	     0.0000	    0.00719	    0.00719	    1.44435
20030320	 912.200000	      1.927	       1.00	     0.0000	    0.00231	    0.00231	    1.44681
20030321	 930.600000	      2.294	       1.00	     0.0000	    0.02017	    0.02017	    1.46216
20030324	 900.900000	      1.002	       0.00	     0.0000	   -0.03191	   -0.00000	    1.46202
20030325	 909.600000	      1.228	       0.00	     0.0000	    0.00966	    0.00000	    1.46188
20030326	 905.400000	      0.984	       0.00	     0.0000	   -0.00462	   -0.00000	    1.46174
20030327	 904.800000	      0.877	       0.00	     0.0000	   -0.00066	   -0.00000	    1.46160
20030328	 900.300000	      0.656	       0.00	     0.0000	   -0.00497	   -0.00000	    1.46146
20030331	 884.400000	      0.052	       0.00	     0.0000	   -0.01766	   -0.00000	    1.46133
20030401	 894.100000	      0.374	       0.00	     0.0000	    0.01097	    0.00000	    1.46119
20030402	 914.600000	      1.034	       0.00	     0.0000	    0.02293	    0.00000	    1.46105
20030403	 910.700000	      0.809	       0.00	     0.0000	   -0.00426	   -0.00000	    1.46091
20030404	 915.900000	      0.911	       0.00	     0.0000	    0.00571	    0.00000	    1.46077
20030407	 914.300000	      0.771	       0.00	     0.0000	   -0.00175	   -0.00000	    1.46063
20030408	 915.700000	      0.759	       0.00	     0.0000	    0.00153	    0.00000	    1.46049
20030409	 904.200000	      0.183	       0.00	     0.0000	   -0.01256	   -0.00000	    1.46035
20030410	 909.100000	      0.366	       0.00	     0.0000	    0.00542	    0.00000	    1.46021
20030411	 905.600000	      0.010	       0.00	     0.0000	   -0.00385	   -0.00000	    1.46007
20030414	 923.400000	      1.543	       1.00	     0.0000	    0.01966	    0.01966	    1.47509
20030415	 931.100000	      1.973	       1.00	     0.0000	    0.00834	    0.00834	    1.48322
20030416	 916.200000	      0.554	       0.00	     0.0000	   -0.01600	   -0.00000	    1.48307
20030417	 928.600000	      1.509	       1.00	     0.0000	    0.01353	    0.01353	    1.49492
20030421	 930.400000	      1.494	       1.00	     0.0000	    0.00194	    0.00194	    1.49694
20030422	 946.900000	      2.441	       1.00	     0.0000	    0.01773	    0.01773	    1.51092
20030423	 954.900000	      2.405	       1.00	     0.0000	    0.00845	    0.00845	    1.51905
20030424	 947.200000	      1.692	       1.00	     0.0000	   -0.00806	   -0.00806	    1.50836
20030425	 936.000000	      0.968	       0.00	     0.0000	   -0.01182	   -0.00000	    1.50822
20030428	 951.000000	      1.586	       1.00	     0.0000	    0.01603	    0.01603	    1.52131
20030429	 953.500000	      1.530	       1.00	     0.0000	    0.00263	    0.00263	    1.52403
20030430	 953.500000	      1.441	       1.00	     0.0000	    0.00000	    0.00000	    1.52388
20030501	 952.400000	      1.285	       1.00	     0.0000	   -0.00115	   -0.00115	    1.52239
20030502	 964.800000	      1.722	       1.00	     0.0000	    0.01302	    0.01302	    1.53372
20030505	 963.700000	      1.489	       1.00	     0.0000	   -0.00114	   -0.00114	    1.53225
20030506	 972.100000	      1.679	       1.00	     0.0000	    0.00872	    0.00872	    1.54051
20030507	 966.900000	      1.293	       1.00	     0.0000	   -0.00535	   -0.00535	    1.53371
20030508	 957.800000	      0.784	       0.00	     0.0000	   -0.00941	   -0.00000	    1.53356
20030509	 969.600000	      1.258	       1.00	     0.0000	    0.01232	    0.01232	    1.54439
20030512	 981.600000	      1.700	       1.00	     0.0000	    0.01238	    0.01238	    1.55522
20030513	 980.200000	      1.555	       1.00	     0.0000	   -0.00143	   -0.00143	    1.55341
20030514	 977.700000	      1.303	       1.00	     0.0000	   -0.00255	   -0.00255	    1.55024
20030515	 983.700000	      1.472	       1.00	     0.0000	    0.00614	    0.00614	    1.55629
20030516	 981.700000	      1.317	       1.00	     0.0000	   -0.00203	   -0.00203	    1.55376
20030519	 959.900000	     -0.087	       0.00	     0.0000	   -0.02221	   -0.00000	    1.55361
20030520	 956.700000	     -0.430	       0.00	     0.0000	   -0.00333	   -0.00000	    1.55347
20030521	 959.500000	     -0.276	       0.00	     0.0000	    0.00293	    0.00000	    1.55332
20030522	 968.100000	      0.343	       0.00	     0.0000	    0.00896	    0.00000	    1.55317
20030523	 969.600000	      0.392	       0.00	     0.0000	    0.00155	    0.00000	    1.55303
20030527	 986.900000	      1.736	       1.00	     0.0000	    0.01784	    0.01784	    1.56666
20030528	 989.400000	      1.741	       1.00	     0.0000	    0.00253	    0.00253	    1.56924
20030529	 986.600000	      1.363	       1.00	     0.0000	   -0.00283	   -0.00283	    1.56574
20030530	 1000.700000	      2.180	       1.00	     0.0000	    0.01429	    0.01429	    1.57759
20030602	 1005.600000	      2.197	       1.00	     0.0000	    0.00490	    0.00490	    1.58246
20030603	 1009.600000	      2.082	       1.00	     0.0000	    0.00398	    0.00398	    1.58646
20030604	 1023.600000	      2.396	       1.00	     0.0000	    0.01387	    0.01387	    1.59800
20030605	 1028.100000	      2.177	       1.00	     0.0000	    0.00440	    0.00440	    1.60238
20030606	 1025.200000	      1.768	       1.00	     0.0000	   -0.00282	   -0.00282	    1.59891
20030609	 1014.500000	      1.173	       0.00	     0.0000	   -0.01044	   -0.00000	    1.59876
20030610	 1024.100000	      1.434	       1.00	     0.0000	    0.00946	    0.00946	    1.60739
20030611	 1034.600000	      1.655	       1.00	     0.0000	    0.01025	    0.01025	    1.61658
20030612	 1038.000000	      1.580	       1.00	     0.0000	    0.00329	    0.00329	    1.61988
20030613	 1027.100000	      1.059	       0.00	     0.0000	   -0.01050	   -0.00000	    1.61972
20030616	 1047.800000	      1.609	       1.00	     0.0000	    0.02015	    0.02015	    1.63377
20030617	 1048.200000	      1.446	       1.00	     0.0000	    0.00038	    0.00038	    1.63404
20030618	 1046.800000	      1.284	       1.00	     0.0000	   -0.00134	   -0.00134	    1.63236
20030619	 1032.300000	      0.722	       0.00	     0.0000	   -0.01385	   -0.00000	    1.63221
20030620	 1030.100000	      0.573	       0.00	     0.0000	   -0.00213	   -0.00000	    1.63205
20030623	 1019.500000	      0.046	       0.00	     0.0000	   -0.01029	   -0.00000	    1.63190
20030624	 1020.100000	     -0.042	       0.00	     0.0000	    0.00059	    0.00000	    1.63175
20030625	 1010.500000	     -0.664	       0.00	     0.0000	   -0.00941	   -0.00000	    1.63159
20030626	 1022.100000	     -0.094	       0.00	     0.0000	    0.01148	    0.00000	    1.63144
20030627	 1011.900000	     -0.954	       0.00	     0.0000	   -0.00998	   -0.00000	    1.63128
20030630	 1011.900000	     -1.056	       0.00	     0.0000	    0.00000	    0.00000	    1.63113
20030701	 1018.200000	     -0.643	       0.00	     0.0000	    0.00623	    0.00000	    1.63098
20030702	 1031.500000	      0.397	       0.00	     0.0000	    0.01306	    0.00000	    1.63082
20030703	 1021.100000	     -0.499	       0.00	     0.0000	   -0.01008	   -0.00000	    1.63067
20030707	 1041.000000	      1.137	       0.00	     0.0000	    0.01949	    0.00000	    1.63051
20030708	 1040.000000	      0.970	       0.00	     0.0000	   -0.00096	   -0.00000	    1.63036
20030709	 1039.400000	      0.836	       0.00	     0.0000	   -0.00058	   -0.00000	    1.63021
20030710	 1026.900000	     -0.215	       0.00	     0.0000	   -0.01203	   -0.00000	    1.63005
20030711	 1038.900000	      0.762	       0.00	     0.0000	    0.01169	    0.00000	    1.62990
20030714	 1048.900000	      1.473	       1.00	     0.0000	    0.00963	    0.00963	    1.63854
20030715	 1039.100000	      0.650	       0.00	     0.0000	   -0.00934	   -0.00000	    1.63839
20030716	 1033.200000	      0.255	       0.00	     0.0000	   -0.00568	   -0.00000	    1.63823
20030717	 1018.800000	     -0.842	       0.00	     0.0000	   -0.01394	   -0.00000	    1.63808
20030718	 1028.600000	      0.072	       0.00	     0.0000	    0.00962	    0.00000	    1.63793
20030721	 1016.100000	     -0.976	       0.00	     0.0000	   -0.01215	   -0.00000	    1.63777
20030722	 1024.900000	     -0.169	       0.00	     0.0000	    0.00866	    0.00000	    1.63762
20030723	 1025.600000	     -0.134	       0.00	     0.0000	    0.00068	    0.00000	    1.63746
