20050203	   2.749300	     -0.969	       0.00	     0.0000	   -0.00740	   -0.00000	    0.00000
20050204	   2.747000	     -1.203	       0.00	     0.0000	   -0.00084	   -0.00000	       -nan
20050207	   2.703400	     -1.982	      -1.00	     0.0000	   -0.01587	    0.01587	    0.20000
20050208	   2.718800	     -1.581	      -1.00	     0.0000	    0.00570	   -0.00570	    0.12067
20050209	   2.737000	     -1.192	       0.00	     0.0000	    0.00669	    0.00000	    0.12066
20050210	   2.794100	     -0.069	       0.00	     0.0000	    0.02086	    0.00000	    0.12065
20050211	   2.778600	     -0.397	       0.00	     0.0000	   -0.00555	   -0.00000	    0.12064
20050214	   2.769700	     -0.540	       0.00	     0.0000	   -0.00320	   -0.00000	    0.12063
20050215	   2.769700	     -0.494	       0.00	     0.0000	    0.00000	    0.00000	    0.12062
20050216	   2.816200	      0.449	       0.00	     0.0000	    0.01679	    0.00000	    0.12061
20050217	   2.788600	     -0.094	       0.00	     0.0000	   -0.00980	   -0.00000	    0.12060
20050218	   2.817100	      0.469	       0.00	     0.0000	    0.01022	    0.00000	    0.12059
20050222	   2.901700	      1.952	       1.00	     0.0000	    0.03003	    0.03003	    0.23330
20050223	   2.928800	      2.158	       1.00	     0.0000	    0.00934	    0.00934	    0.27747
20050224	   2.922300	      1.909	       1.00	     0.0000	   -0.00222	   -0.00222	    0.26450
20050225	   2.921300	      1.743	       1.00	     0.0000	   -0.00034	   -0.00034	    0.26256
20050228	   2.946900	      1.892	       1.00	     0.0000	    0.00876	    0.00876	    0.30256
20050301	   2.957900	      1.773	       1.00	     0.0000	    0.00373	    0.00373	    0.32116
20050302	   3.001200	      1.971	       1.00	     0.0000	    0.01464	    0.01464	    0.37213
20050303	   2.983500	      1.565	       1.00	     0.0000	   -0.00590	   -0.00590	    0.33878
20050304	   2.976100	      1.334	       1.00	     0.0000	   -0.00248	   -0.00248	    0.32581
20050307	   2.977700	      1.220	       0.00	     0.0000	    0.00054	    0.00000	    0.32579
20050308	   3.016500	      1.441	       1.00	     0.0000	    0.01303	    0.01303	    0.37143
20050309	   3.025200	      1.401	       1.00	     0.0000	    0.00288	    0.00288	    0.38411
20050310	   3.001800	      1.082	       0.00	     0.0000	   -0.00774	   -0.00000	    0.38408
20050311	   3.035400	      1.319	       1.00	     0.0000	    0.01119	    0.01119	    0.42230
20050314	   3.028700	      1.137	       0.00	     0.0000	   -0.00221	   -0.00000	    0.42226
20050315	   3.045300	      1.210	       0.00	     0.0000	    0.00548	    0.00000	    0.42223
20050316	   3.084200	      1.516	       1.00	     0.0000	    0.01277	    0.01277	    0.46120
20050317	   3.089300	      1.489	       1.00	     0.0000	    0.00165	    0.00165	    0.46808
20050318	   3.077900	      1.262	       1.00	     0.0000	   -0.00369	   -0.00369	    0.45047
20050321	   3.085000	      1.332	       1.00	     0.0000	    0.00231	    0.00231	    0.45989
20050322	   3.059700	      0.958	       0.00	     0.0000	   -0.00820	   -0.00000	    0.45986
20050323	   3.044700	      0.633	       0.00	     0.0000	   -0.00490	   -0.00000	    0.45982
20050324	   3.058100	      0.800	       0.00	     0.0000	    0.00440	    0.00000	    0.45979
20050328	   3.034500	      0.272	       0.00	     0.0000	   -0.00772	   -0.00000	    0.45975
20050329	   3.048300	      0.491	       0.00	     0.0000	    0.00455	    0.00000	    0.45971
20050330	   3.094700	      1.484	       1.00	     0.0000	    0.01522	    0.01522	    0.49914
20050331	   3.146600	      2.369	       1.00	     0.0000	    0.01677	    0.01677	    0.53695
20050401	   3.194300	      2.652	       1.00	     0.0000	    0.01516	    0.01516	    0.57150
20050404	   3.172700	      1.948	       1.00	     0.0000	   -0.00676	   -0.00676	    0.54185
20050405	   3.151600	      1.439	       1.00	     0.0000	   -0.00665	   -0.00665	    0.51325
20050406	   3.117200	      0.758	       0.00	     0.0000	   -0.01092	   -0.00000	    0.51321
20050407	   3.058800	     -0.386	       0.00	     0.0000	   -0.01873	   -0.00000	    0.51317
20050408	   3.027700	     -0.992	       0.00	     0.0000	   -0.01017	   -0.00000	    0.51313
20050411	   3.017600	     -1.228	       0.00	     0.0000	   -0.00334	   -0.00000	    0.51309
20050412	   2.995800	     -1.548	      -1.00	     0.0000	   -0.00722	    0.00722	    0.53490
20050413	   2.972500	     -1.805	      -1.00	     0.0000	   -0.00778	    0.00778	    0.55762
20050414	   3.012800	     -1.045	       0.00	     0.0000	    0.01356	    0.00000	    0.55758
20050415	   2.988500	     -1.321	      -1.00	     0.0000	   -0.00807	    0.00807	    0.58050
20050418	   2.972200	     -1.420	      -1.00	     0.0000	   -0.00545	    0.00545	    0.59710
20050419	   3.021700	     -0.602	       0.00	     0.0000	    0.01665	    0.00000	    0.59706
20050420	   3.037600	     -0.322	       0.00	     0.0000	    0.00526	    0.00000	    0.59701
20050421	   3.062700	      0.063	       0.00	     0.0000	    0.00826	    0.00000	    0.59697
20050422	   3.075300	      0.236	       0.00	     0.0000	    0.00411	    0.00000	    0.59692
20050425	   3.051300	     -0.130	       0.00	     0.0000	   -0.00780	   -0.00000	    0.59687
20050426	   3.040600	     -0.300	       0.00	     0.0000	   -0.00351	   -0.00000	    0.59683
20050427	   2.999800	     -0.878	       0.00	     0.0000	   -0.01342	   -0.00000	    0.59678
20050428	   3.013000	     -0.618	       0.00	     0.0000	    0.00440	    0.00000	    0.59674
20050429	   2.950600	     -1.420	      -1.00	     0.0000	   -0.02071	    0.02071	    0.62882
20050502	   2.987900	     -0.813	       0.00	     0.0000	    0.01264	    0.00000	    0.62878
20050503	   2.960700	     -1.271	      -1.00	     0.0000	   -0.00910	    0.00910	    0.65158
20050504	   2.979200	     -0.888	       0.00	     0.0000	    0.00625	    0.00000	    0.65153
20050505	   2.968400	     -1.132	       0.00	     0.0000	   -0.00363	   -0.00000	    0.65148
20050506	   2.955800	     -1.348	      -1.00	     0.0000	   -0.00424	    0.00424	    0.66378
20050509	   2.964900	     -0.997	       0.00	     0.0000	    0.00308	    0.00000	    0.66373
20050510	   2.974300	     -0.679	       0.00	     0.0000	    0.00317	    0.00000	    0.66368
20050511	   2.927800	     -1.705	      -1.00	     0.0000	   -0.01563	    0.01563	    0.69239
20050512	   2.904300	     -1.987	      -1.00	     0.0000	   -0.00803	    0.00803	    0.71206
20050513	   2.892300	     -1.921	      -1.00	     0.0000	   -0.00413	    0.00413	    0.72351
20050516	   2.871900	     -1.980	      -1.00	     0.0000	   -0.00705	    0.00705	    0.74109
20050517	   2.893800	     -1.434	      -1.00	     0.0000	    0.00763	   -0.00763	    0.71206
20050518	   2.879400	     -1.492	      -1.00	     0.0000	   -0.00498	    0.00498	    0.72530
20050519	   2.899000	     -1.066	       0.00	     0.0000	    0.00681	    0.00000	    0.72524
20050520	   2.886100	     -1.179	       0.00	     0.0000	   -0.00445	   -0.00000	    0.72519
20050523	   2.887100	     -1.103	       0.00	     0.0000	    0.00035	    0.00000	    0.72513
20050524	   2.906900	     -0.673	       0.00	     0.0000	    0.00686	    0.00000	    0.72508
20050525	   2.946800	      0.253	       0.00	     0.0000	    0.01373	    0.00000	    0.72502
20050526	   2.958900	      0.603	       0.00	     0.0000	    0.00411	    0.00000	    0.72496
20050527	   2.956900	      0.679	       0.00	     0.0000	   -0.00068	   -0.00000	    0.72491
20050531	   2.960000	      0.743	       0.00	     0.0000	    0.00105	    0.00000	    0.72485
20050601	   3.050500	      2.590	       1.00	     0.0000	    0.03057	    0.03057	    0.74009
20050602	   3.052700	      2.211	       1.00	     0.0000	    0.00072	    0.00072	    0.74201
20050603	   3.110000	      2.610	       1.00	     0.0000	    0.01877	    0.01877	    0.76822
20050606	   3.127000	      2.338	       1.00	     0.0000	    0.00547	    0.00547	    0.78081
20050607	   3.111300	      1.839	       1.00	     0.0000	   -0.00502	   -0.00502	    0.76543
20050608	   3.063300	      1.156	       0.00	     0.0000	   -0.01543	   -0.00000	    0.76537
20050609	   3.136100	      1.758	       1.00	     0.0000	    0.02377	    0.02377	    0.78954
20050610	   3.117900	      1.396	       1.00	     0.0000	   -0.00580	   -0.00580	    0.77245
20050613	   3.173600	      1.716	       1.00	     0.0000	    0.01786	    0.01786	    0.79736
20050614	   3.149100	      1.333	       1.00	     0.0000	   -0.00772	   -0.00772	    0.77446
20050615	   3.134000	      1.087	       0.00	     0.0000	   -0.00480	   -0.00000	    0.77440
20050616	   3.137400	      1.020	       0.00	     0.0000	    0.00108	    0.00000	    0.77435
20050617	   3.162500	      1.156	       0.00	     0.0000	    0.00800	    0.00000	    0.77429
20050620	   3.173500	      1.158	       0.00	     0.0000	    0.00348	    0.00000	    0.77423
20050621	   3.142100	      0.774	       0.00	     0.0000	   -0.00989	   -0.00000	    0.77417
20050622	   3.134600	      0.628	       0.00	     0.0000	   -0.00239	   -0.00000	    0.77411
20050623	   3.186600	      1.181	       0.00	     0.0000	    0.01659	    0.00000	    0.77405
20050624	   3.164500	      0.833	       0.00	     0.0000	   -0.00694	   -0.00000	    0.77399
20050627	   3.192900	      1.171	       0.00	     0.0000	    0.00897	    0.00000	    0.77393
20050628	   3.135300	      0.197	       0.00	     0.0000	   -0.01804	   -0.00000	    0.77387
20050629	   3.121300	     -0.275	       0.00	     0.0000	   -0.00447	   -0.00000	    0.77382
20050630	   3.135000	     -0.035	       0.00	     0.0000	    0.00439	    0.00000	    0.77376
20050701	   3.210000	      2.009	       1.00	     0.0000	    0.02392	    0.02392	    0.79829
20050705	   3.231300	      2.202	       1.00	     0.0000	    0.00664	    0.00664	    0.81144
20050706	   3.293700	      2.824	       1.00	     0.0000	    0.01931	    0.01931	    0.83532
20050707	   3.273800	      2.040	       1.00	     0.0000	   -0.00604	   -0.00604	    0.81931
20050708	   3.217000	      0.909	       0.00	     0.0000	   -0.01735	   -0.00000	    0.81925
20050711	   3.180700	      0.126	       0.00	     0.0000	   -0.01128	   -0.00000	    0.81918
20050712	   3.250400	      1.414	       1.00	     0.0000	    0.02191	    0.02191	    0.84288
20050713	   3.216800	      0.681	       0.00	     0.0000	   -0.01034	   -0.00000	    0.84281
20050714	   3.155800	     -0.556	       0.00	     0.0000	   -0.01896	   -0.00000	    0.84275
20050715	   3.161000	     -0.486	       0.00	     0.0000	    0.00165	    0.00000	    0.84269
20050718	   3.134700	     -1.023	       0.00	     0.0000	   -0.00832	   -0.00000	    0.84262
20050719	   3.132400	     -1.018	       0.00	     0.0000	   -0.00073	   -0.00000	    0.84256
20050720	   3.105200	     -1.419	      -1.00	     0.0000	   -0.00868	    0.00868	    0.85780
20050721	   3.083800	     -1.663	      -1.00	     0.0000	   -0.00689	    0.00689	    0.87046
20050722	   3.099300	     -1.313	      -1.00	     0.0000	    0.00503	   -0.00503	    0.85793
20050725	   3.118300	     -0.909	       0.00	     0.0000	    0.00613	    0.00000	    0.85787
20050726	   3.116700	     -0.880	       0.00	     0.0000	   -0.00051	   -0.00000	    0.85780
20050727	   3.125200	     -0.680	       0.00	     0.0000	    0.00273	    0.00000	    0.85774
20050728	   3.148100	     -0.315	       0.00	     0.0000	    0.00733	    0.00000	    0.85767
20050729	   3.147200	     -0.354	       0.00	     0.0000	   -0.00029	   -0.00000	    0.85761
20050801	   3.187900	      0.285	       0.00	     0.0000	    0.01293	    0.00000	    0.85754
20050802	   3.196100	      0.437	       0.00	     0.0000	    0.00257	    0.00000	    0.85748
20050803	   3.159900	     -0.121	       0.00	     0.0000	   -0.01133	   -0.00000	    0.85741
20050804	   3.178800	      0.350	       0.00	     0.0000	    0.00598	    0.00000	    0.85735
20050805	   3.202200	      1.011	       0.00	     0.0000	    0.00736	    0.00000	    0.85728
20050808	   3.260400	      2.112	       1.00	     0.0000	    0.01818	    0.01818	    0.87958
20050809	   3.247600	      1.652	       1.00	     0.0000	   -0.00393	   -0.00393	    0.87022
20050810	   3.309800	      2.504	       1.00	     0.0000	    0.01915	    0.01915	    0.89238
20050811	   3.369500	      2.725	       1.00	     0.0000	    0.01804	    0.01804	    0.91377
20050812	   3.376500	      2.284	       1.00	     0.0000	    0.00208	    0.00208	    0.91780
20050815	   3.346000	      1.681	       1.00	     0.0000	   -0.00903	   -0.00903	    0.89496
20050816	   3.341300	      1.451	       1.00	     0.0000	   -0.00140	   -0.00140	    0.89189
20050817	   3.257300	      0.514	       0.00	     0.0000	   -0.02514	   -0.00000	    0.89183
20050818	   3.263600	      0.514	       0.00	     0.0000	    0.00193	    0.00000	    0.89176
20050819	   3.296500	      0.791	       0.00	     0.0000	    0.01008	    0.00000	    0.89169
20050822	   3.289300	      0.637	       0.00	     0.0000	   -0.00218	   -0.00000	    0.89162
20050823	   3.291000	      0.585	       0.00	     0.0000	    0.00052	    0.00000	    0.89156
20050824	   3.343800	      1.136	       0.00	     0.0000	    0.01604	    0.00000	    0.89149
20050825	   3.348200	      1.104	       0.00	     0.0000	    0.00132	    0.00000	    0.89142
20050826	   3.311600	      0.548	       0.00	     0.0000	   -0.01093	   -0.00000	    0.89135
20050829	   3.374500	      1.331	       1.00	     0.0000	    0.01899	    0.01899	    0.91286
20050830	   3.525400	      2.723	       1.00	     0.0000	    0.04472	    0.04472	    0.91267
20050831	   3.516900	      2.197	       1.00	     0.0000	   -0.00241	   -0.00241	    0.90793
20050901	   3.638900	      2.754	       1.00	     0.0000	    0.03469	    0.03469	    0.92494
20050902	   3.531500	      1.597	       1.00	     0.0000	   -0.02951	   -0.02951	    0.84473
20050906	   3.494700	      1.158	       0.00	     0.0000	   -0.01042	   -0.00000	    0.84466
20050907	   3.402700	      0.259	       0.00	     0.0000	   -0.02633	   -0.00000	    0.84460
20050908	   3.370000	     -0.106	       0.00	     0.0000	   -0.00961	   -0.00000	    0.84454
20050909	   3.336900	     -0.445	       0.00	     0.0000	   -0.00982	   -0.00000	    0.84447
20050912	   3.254700	     -1.157	       0.00	     0.0000	   -0.02463	   -0.00000	    0.84441
20050913	   3.280600	     -0.852	       0.00	     0.0000	    0.00796	    0.00000	    0.84435
20050914	   3.365300	     -0.072	       0.00	     0.0000	    0.02582	    0.00000	    0.84428
20050915	   3.353800	     -0.185	       0.00	     0.0000	   -0.00342	   -0.00000	    0.84422
20050916	   3.279300	     -0.899	       0.00	     0.0000	   -0.02221	   -0.00000	    0.84416
20050919	   3.469600	      0.811	       0.00	     0.0000	    0.05803	    0.00000	    0.84409
20050920	   3.443100	      0.498	       0.00	     0.0000	   -0.00764	   -0.00000	    0.84403
20050921	   3.462800	      0.618	       0.00	     0.0000	    0.00572	    0.00000	    0.84396
20050922	   3.464700	      0.568	       0.00	     0.0000	    0.00055	    0.00000	    0.84390
20050923	   3.384000	     -0.263	       0.00	     0.0000	   -0.02329	   -0.00000	    0.84384
20050926	   3.490100	      0.740	       0.00	     0.0000	    0.03135	    0.00000	    0.84377
20050927	   3.495300	      0.716	       0.00	     0.0000	    0.00149	    0.00000	    0.84371
20050928	   3.569900	      1.329	       1.00	     0.0000	    0.02134	    0.02134	    0.86551
20050929	   3.555800	      1.159	       0.00	     0.0000	   -0.00395	   -0.00000	    0.86545
20050930	   3.530900	      0.906	       0.00	     0.0000	   -0.00700	   -0.00000	    0.86538
20051003	   3.482200	      0.563	       0.00	     0.0000	   -0.01379	   -0.00000	    0.86532
20051004	   3.451000	      0.279	       0.00	     0.0000	   -0.00896	   -0.00000	    0.86525
20051005	   3.416100	     -0.064	       0.00	     0.0000	   -0.01011	   -0.00000	    0.86519
20051006	   3.352000	     -0.743	       0.00	     0.0000	   -0.01876	   -0.00000	    0.86512
20051007	   3.361400	     -0.633	       0.00	     0.0000	    0.00280	    0.00000	    0.86506
20051010	   3.373100	     -0.531	       0.00	     0.0000	    0.00348	    0.00000	    0.86499
20051011	   3.419200	     -0.115	       0.00	     0.0000	    0.01367	    0.00000	    0.86493
20051012	   3.417000	     -0.244	       0.00	     0.0000	   -0.00064	   -0.00000	    0.86486
20051013	   3.398200	     -0.528	       0.00	     0.0000	   -0.00550	   -0.00000	    0.86480
20051014	   3.354400	     -1.131	       0.00	     0.0000	   -0.01289	   -0.00000	    0.86473
20051017	   3.387600	     -0.843	       0.00	     0.0000	    0.00990	    0.00000	    0.86467
20051018	   3.330900	     -1.526	      -1.00	     0.0000	   -0.01674	    0.01674	    0.88376
20051019	   3.309100	     -1.626	      -1.00	     0.0000	   -0.00654	    0.00654	    0.89317
20051020	   3.260600	     -1.940	      -1.00	     0.0000	   -0.01466	    0.01466	    0.91051
20051021	   3.263700	     -1.664	      -1.00	     0.0000	    0.00095	   -0.00095	    0.90886
20051024	   3.211100	     -1.946	      -1.00	     0.0000	   -0.01612	    0.01612	    0.92697
20051025	   3.296600	     -0.974	       0.00	     0.0000	    0.02663	    0.00000	    0.92690
20051026	   3.262600	     -1.197	       0.00	     0.0000	   -0.01031	   -0.00000	    0.92683
20051027	   3.265300	     -1.101	       0.00	     0.0000	    0.00083	    0.00000	    0.92676
20051028	   3.260900	     -1.093	       0.00	     0.0000	   -0.00135	   -0.00000	    0.92669
20051031	   3.187900	     -1.837	      -1.00	     0.0000	   -0.02239	    0.02239	    0.94711
20051101	   3.169000	     -1.872	      -1.00	     0.0000	   -0.00593	    0.00593	    0.95541
20051102	   3.146900	     -1.901	      -1.00	     0.0000	   -0.00697	    0.00697	    0.96493
20051103	   3.197600	     -1.184	       0.00	     0.0000	    0.01611	    0.00000	    0.96486
20051104	   3.160200	     -1.453	      -1.00	     0.0000	   -0.01170	    0.01170	    0.97907
20051107	   3.150100	     -1.403	      -1.00	     0.0000	   -0.00320	    0.00320	    0.98374
20051108	   3.142500	     -1.340	      -1.00	     0.0000	   -0.00241	    0.00241	    0.98730
20051109	   3.153600	     -1.130	       0.00	     0.0000	    0.00353	    0.00000	    0.98723
20051110	   3.111300	     -1.497	      -1.00	     0.0000	   -0.01341	    0.01341	    1.00263
20051111	   3.100300	     -1.514	      -1.00	     0.0000	   -0.00354	    0.00354	    1.00772
20051114	   3.110000	     -1.285	      -1.00	     0.0000	    0.00313	   -0.00313	    1.00241
20051115	   3.062200	     -1.777	      -1.00	     0.0000	   -0.01537	    0.01537	    1.01893
20051116	   3.104700	     -1.136	       0.00	     0.0000	    0.01388	    0.00000	    1.01886
20051117	   3.075700	     -1.418	      -1.00	     0.0000	   -0.00934	    0.00934	    1.03057
20051118	   3.073500	     -1.313	      -1.00	     0.0000	   -0.00072	    0.00072	    1.03159
20051121	   3.083200	     -1.077	       0.00	     0.0000	    0.00316	    0.00000	    1.03151
20051122	   3.105600	     -0.686	       0.00	     0.0000	    0.00727	    0.00000	    1.03143
20051123	   3.058600	     -1.297	      -1.00	     0.0000	   -0.01513	    0.01513	    1.04751
20051128	   3.002400	     -1.958	      -1.00	     0.0000	   -0.01837	    0.01837	    1.06491
20051129	   2.981800	     -2.073	      -1.00	     0.0000	   -0.00686	    0.00686	    1.07382
20051130	   2.999500	     -1.720	      -1.00	     0.0000	    0.00594	   -0.00594	    1.06355
20051201	   3.048500	     -0.830	       0.00	     0.0000	    0.01634	    0.00000	    1.06347
20051202	   3.081800	     -0.197	       0.00	     0.0000	    0.01092	    0.00000	    1.06339
20051205	   3.099400	      0.161	       0.00	     0.0000	    0.00571	    0.00000	    1.06331
20051206	   3.081800	     -0.067	       0.00	     0.0000	   -0.00568	   -0.00000	    1.06323
20051207	   3.046400	     -0.715	       0.00	     0.0000	   -0.01149	   -0.00000	    1.06315
20051208	   3.093000	      0.367	       0.00	     0.0000	    0.01530	    0.00000	    1.06307
20051209	   3.041600	     -0.732	       0.00	     0.0000	   -0.01662	   -0.00000	    1.06299
20051212	   3.082300	      0.362	       0.00	     0.0000	    0.01338	    0.00000	    1.06291
20051213	   3.146300	      1.892	       1.00	     0.0000	    0.02076	    0.02076	    1.08072
20051214	   3.147500	      1.737	       1.00	     0.0000	    0.00038	    0.00038	    1.08121
20051215	   3.089800	      0.427	       0.00	     0.0000	   -0.01833	   -0.00000	    1.08113
20051216	   3.029800	     -0.930	       0.00	     0.0000	   -0.01942	   -0.00000	    1.08105
20051219	   3.002500	     -1.395	      -1.00	     0.0000	   -0.00901	    0.00901	    1.09197
20051220	   3.016500	     -0.996	       0.00	     0.0000	    0.00466	    0.00000	    1.09189
20051221	   3.046300	     -0.322	       0.00	     0.0000	    0.00988	    0.00000	    1.09181
20051222	   3.024200	     -0.733	       0.00	     0.0000	   -0.00725	   -0.00000	    1.09172
20051223	   2.992600	     -1.274	      -1.00	     0.0000	   -0.01045	    0.01045	    1.10386
20051227	   2.933400	     -2.102	      -1.00	     0.0000	   -0.01978	    0.01978	    1.12088
20051228	   2.977800	     -1.230	       0.00	     0.0000	    0.01514	    0.00000	    1.12080
20051229	   3.000900	     -0.843	       0.00	     0.0000	    0.00776	    0.00000	    1.12071
20051230	   3.037600	     -0.206	       0.00	     0.0000	    0.01223	    0.00000	    1.12063
20060103	   3.064200	      0.278	       0.00	     0.0000	    0.00876	    0.00000	    1.12054
20060104	   3.085500	      0.672	       0.00	     0.0000	    0.00695	    0.00000	    1.12046
20060105	   3.055900	      0.162	       0.00	     0.0000	   -0.00959	   -0.00000	    1.12038
20060106	   3.068400	      0.416	       0.00	     0.0000	    0.00409	    0.00000	    1.12029
20060109	   3.035500	     -0.207	       0.00	     0.0000	   -0.01072	   -0.00000	    1.12021
20060110	   3.005700	     -0.705	       0.00	     0.0000	   -0.00982	   -0.00000	    1.12013
20060111	   2.994900	     -0.854	       0.00	     0.0000	   -0.00359	   -0.00000	    1.12004
20060112	   2.979100	     -1.048	       0.00	     0.0000	   -0.00528	   -0.00000	    1.11996
20060113	   2.983400	     -0.915	       0.00	     0.0000	    0.00144	    0.00000	    1.11988
20060117	   3.058800	      0.895	       0.00	     0.0000	    0.02527	    0.00000	    1.11979
20060118	   3.026600	      0.179	       0.00	     0.0000	   -0.01053	   -0.00000	    1.11971
20060119	   3.070900	      1.269	       1.00	     0.0000	    0.01464	    0.01464	    1.13448
20060120	   3.134500	      2.341	       1.00	     0.0000	    0.02071	    0.02071	    1.15123
20060123	   3.109000	      1.572	       1.00	     0.0000	   -0.00814	   -0.00814	    1.13727
20060124	   3.080700	      0.936	       0.00	     0.0000	   -0.00910	   -0.00000	    1.13718
20060125	   3.050000	      0.292	       0.00	     0.0000	   -0.00997	   -0.00000	    1.13710
20060126	   3.041900	      0.083	       0.00	     0.0000	   -0.00266	   -0.00000	    1.13701
20060127	   3.074300	      0.692	       0.00	     0.0000	    0.01065	    0.00000	    1.13693
20060130	   3.103500	      1.262	       1.00	     0.0000	    0.00950	    0.00950	    1.14783
20060131	   3.084700	      0.736	       0.00	     0.0000	   -0.00606	   -0.00000	    1.14775
20060201	   3.060800	      0.127	       0.00	     0.0000	   -0.00775	   -0.00000	    1.14766
20060202	   3.007600	     -1.078	       0.00	     0.0000	   -0.01738	   -0.00000	    1.14758
20060203	   3.018400	     -0.746	       0.00	     0.0000	    0.00359	    0.00000	    1.14749
20060206	   2.999600	     -1.094	       0.00	     0.0000	   -0.00623	   -0.00000	    1.14741
20060207	   2.928600	     -2.230	      -1.00	     0.0000	   -0.02367	    0.02367	    1.16415
20060208	   2.902400	     -2.251	      -1.00	     0.0000	   -0.00895	    0.00895	    1.17437
20060209	   2.901500	     -1.961	      -1.00	     0.0000	   -0.00031	    0.00031	    1.17472
20060210	   2.879400	     -1.987	      -1.00	     0.0000	   -0.00762	    0.00762	    1.18369
20060213	   2.875400	     -1.814	      -1.00	     0.0000	   -0.00139	    0.00139	    1.18551
20060214	   2.845100	     -1.911	      -1.00	     0.0000	   -0.01054	    0.01054	    1.19696
20060215	   2.835300	     -1.754	      -1.00	     0.0000	   -0.00344	    0.00344	    1.20138
20060216	   2.852000	     -1.412	      -1.00	     0.0000	    0.00589	   -0.00589	    1.19188
20060217	   2.881700	     -1.013	       0.00	     0.0000	    0.01041	    0.00000	    1.19179
20060221	   2.892900	     -0.824	       0.00	     0.0000	    0.00389	    0.00000	    1.19171
20060222	   2.869600	     -0.975	       0.00	     0.0000	   -0.00805	   -0.00000	    1.19162
20060223	   2.876200	     -0.822	       0.00	     0.0000	    0.00230	    0.00000	    1.19153
20060224	   2.941100	     -0.058	       0.00	     0.0000	    0.02256	    0.00000	    1.19144
20060227	   2.894900	     -0.513	       0.00	     0.0000	   -0.01571	   -0.00000	    1.19135
20060228	   2.920900	     -0.137	       0.00	     0.0000	    0.00898	    0.00000	    1.19126
20060301	   2.945100	      0.292	       0.00	     0.0000	    0.00829	    0.00000	    1.19117
20060302	   3.003400	      1.305	       1.00	     0.0000	    0.01980	    0.01980	    1.20697
20060303	   3.011300	      1.584	       1.00	     0.0000	    0.00263	    0.00263	    1.21035
20060306	   2.956200	      0.724	       0.00	     0.0000	   -0.01830	   -0.00000	    1.21026
20060307	   2.920700	      0.189	       0.00	     0.0000	   -0.01201	   -0.00000	    1.21017
20060308	   2.892600	     -0.288	       0.00	     0.0000	   -0.00962	   -0.00000	    1.21008
20060309	   2.918500	      0.280	       0.00	     0.0000	    0.00895	    0.00000	    1.20999
20060310	   2.883100	     -0.461	       0.00	     0.0000	   -0.01213	   -0.00000	    1.20990
20060313	   2.936300	      0.637	       0.00	     0.0000	    0.01845	    0.00000	    1.20981
20060314	   3.008200	      1.855	       1.00	     0.0000	    0.02449	    0.02449	    1.22558
20060315	   2.968100	      0.981	       0.00	     0.0000	   -0.01333	   -0.00000	    1.22549
20060316	   2.999000	      1.426	       1.00	     0.0000	    0.01041	    0.01041	    1.23648
20060317	   2.969600	      0.794	       0.00	     0.0000	   -0.00980	   -0.00000	    1.23639
20060320	   2.923600	     -0.226	       0.00	     0.0000	   -0.01549	   -0.00000	    1.23630
20060321	   2.952000	      0.331	       0.00	     0.0000	    0.00971	    0.00000	    1.23621
20060322	   2.924400	     -0.332	       0.00	     0.0000	   -0.00935	   -0.00000	    1.23611
20060323	   2.966300	      0.563	       0.00	     0.0000	    0.01433	    0.00000	    1.23602
20060324	   2.972900	      0.654	       0.00	     0.0000	    0.00222	    0.00000	    1.23593
20060327	   2.963800	      0.385	       0.00	     0.0000	   -0.00306	   -0.00000	    1.23584
20060328	   3.007600	      1.394	       1.00	     0.0000	    0.01478	    0.01478	    1.24943
20060329	   3.028400	      1.698	       1.00	     0.0000	    0.00692	    0.00692	    1.25735
20060330	   3.058300	      2.042	       1.00	     0.0000	    0.00987	    0.00987	    1.26778
20060331	   3.042300	      1.570	       1.00	     0.0000	   -0.00523	   -0.00523	    1.25972
20060403	   3.041200	      1.463	       1.00	     0.0000	   -0.00036	   -0.00036	    1.25913
20060404	   3.034800	      1.212	       0.00	     0.0000	   -0.00210	   -0.00000	    1.25904
20060405	   3.047800	      1.318	       1.00	     0.0000	    0.00428	    0.00428	    1.26423
20060406	   3.069700	      1.577	       1.00	     0.0000	    0.00719	    0.00719	    1.27235
20060407	   3.061600	      1.294	       1.00	     0.0000	   -0.00264	   -0.00264	    1.26845
20060410	   3.124400	      2.221	       1.00	     0.0000	    0.02051	    0.02051	    1.28343
20060411	   3.134500	      2.059	       1.00	     0.0000	    0.00323	    0.00323	    1.28737
20060412	   3.153600	      2.012	       1.00	     0.0000	    0.00609	    0.00609	    1.29435
20060413	   3.162100	      1.845	       1.00	     0.0000	    0.00270	    0.00270	    1.29766
20060417	   3.203000	      2.030	       1.00	     0.0000	    0.01293	    0.01293	    1.30986
20060418	   3.236500	      2.060	       1.00	     0.0000	    0.01046	    0.01046	    1.32043
20060419	   3.249000	      1.928	       1.00	     0.0000	    0.00386	    0.00386	    1.32504
20060420	   3.234200	      1.581	       1.00	     0.0000	   -0.00456	   -0.00456	    1.31822
20060421	   3.258600	      1.664	       1.00	     0.0000	    0.00754	    0.00754	    1.32646
20060424	   3.213100	      1.092	       0.00	     0.0000	   -0.01396	   -0.00000	    1.32636
20060425	   3.236500	      1.226	       0.00	     0.0000	    0.00728	    0.00000	    1.32627
20060426	   3.199300	      0.756	       0.00	     0.0000	   -0.01149	   -0.00000	    1.32617
20060427	   3.161100	      0.249	       0.00	     0.0000	   -0.01194	   -0.00000	    1.32607
20060428	   3.180400	      0.414	       0.00	     0.0000	    0.00611	    0.00000	    1.32597
20060501	   3.226300	      0.906	       0.00	     0.0000	    0.01443	    0.00000	    1.32587
20060502	   3.246300	      1.067	       0.00	     0.0000	    0.00620	    0.00000	    1.32578
20060503	   3.170700	     -0.013	       0.00	     0.0000	   -0.02329	   -0.00000	    1.32568
20060504	   3.105200	     -1.075	       0.00	     0.0000	   -0.02066	   -0.00000	    1.32558
20060505	   3.123600	     -0.927	       0.00	     0.0000	    0.00593	    0.00000	    1.32548
20060508	   3.122000	     -1.064	       0.00	     0.0000	   -0.00051	   -0.00000	    1.32538
20060509	   3.162600	     -0.479	       0.00	     0.0000	    0.01300	    0.00000	    1.32529
20060510	   3.232200	      0.869	       0.00	     0.0000	    0.02201	    0.00000	    1.32519
20060511	   3.263900	      1.387	       1.00	     0.0000	    0.00981	    0.00981	    1.33521
20060512	   3.212000	      0.256	       0.00	     0.0000	   -0.01590	   -0.00000	    1.33511
20060515	   3.114000	     -1.668	      -1.00	     0.0000	   -0.03051	    0.03051	    1.34721
20060516	   3.123800	     -1.331	      -1.00	     0.0000	    0.00315	   -0.00315	    1.34272
20060517	   3.092800	     -1.681	      -1.00	     0.0000	   -0.00992	    0.00992	    1.35262
20060518	   3.120000	     -1.087	       0.00	     0.0000	    0.00879	    0.00000	    1.35252
20060519	   3.094200	     -1.388	      -1.00	     0.0000	   -0.00827	    0.00827	    1.36113
20060522	   3.105200	     -1.100	       0.00	     0.0000	    0.00356	    0.00000	    1.36103
20060523	   3.170200	      0.097	       0.00	     0.0000	    0.02093	    0.00000	    1.36093
20060524	   3.108400	     -0.935	       0.00	     0.0000	   -0.01949	   -0.00000	    1.36083
20060525	   3.160200	      0.062	       0.00	     0.0000	    0.01666	    0.00000	    1.36073
20060526	   3.138700	     -0.322	       0.00	     0.0000	   -0.00680	   -0.00000	    1.36063
20060530	   3.171400	      0.301	       0.00	     0.0000	    0.01042	    0.00000	    1.36053
20060531	   3.141800	     -0.190	       0.00	     0.0000	   -0.00933	   -0.00000	    1.36043
20060601	   3.117200	     -0.609	       0.00	     0.0000	   -0.00783	   -0.00000	    1.36033
20060602	   3.161000	      0.354	       0.00	     0.0000	    0.01405	    0.00000	    1.36023
20060605	   3.189200	      0.881	       0.00	     0.0000	    0.00892	    0.00000	    1.36013
20060606	   3.189100	      0.803	       0.00	     0.0000	   -0.00003	   -0.00000	    1.36003
20060607	   3.141900	     -0.239	       0.00	     0.0000	   -0.01480	   -0.00000	    1.35993
20060608	   3.132100	     -0.419	       0.00	     0.0000	   -0.00312	   -0.00000	    1.35983
20060609	   3.192400	      0.992	       0.00	     0.0000	    0.01925	    0.00000	    1.35973
20060612	   3.137800	     -0.165	       0.00	     0.0000	   -0.01710	   -0.00000	    1.35963
20060613	   3.078100	     -1.762	      -1.00	     0.0000	   -0.01903	    0.01903	    1.37340
20060614	   3.082400	     -1.509	      -1.00	     0.0000	    0.00140	   -0.00140	    1.37145
20060615	   3.081700	     -1.399	      -1.00	     0.0000	   -0.00023	    0.00023	    1.37164
20060616	   3.076300	     -1.481	      -1.00	     0.0000	   -0.00175	    0.00175	    1.37370
20060619	   3.042800	     -2.013	      -1.00	     0.0000	   -0.01089	    0.01089	    1.38408
20060620	   3.056700	     -1.565	      -1.00	     0.0000	    0.00457	   -0.00457	    1.37751
20060621	   3.088900	     -0.825	       0.00	     0.0000	    0.01053	    0.00000	    1.37741
20060622	   3.123700	     -0.015	       0.00	     0.0000	    0.01127	    0.00000	    1.37731
20060623	   3.112800	     -0.265	       0.00	     0.0000	   -0.00349	   -0.00000	    1.37721
20060626	   3.131600	      0.191	       0.00	     0.0000	    0.00604	    0.00000	    1.37710
20060627	   3.116000	     -0.141	       0.00	     0.0000	   -0.00498	   -0.00000	    1.37700
20060628	   3.104300	     -0.346	       0.00	     0.0000	   -0.00375	   -0.00000	    1.37690
20060629	   3.156300	      0.856	       0.00	     0.0000	    0.01675	    0.00000	    1.37680
20060630	   3.134500	      0.327	       0.00	     0.0000	   -0.00691	   -0.00000	    1.37670
20060705	   3.168500	      1.100	       0.00	     0.0000	    0.01085	    0.00000	    1.37660
20060706	   3.167500	      1.140	       0.00	     0.0000	   -0.00032	   -0.00000	    1.37650
20060707	   3.116300	     -0.000	       0.00	     0.0000	   -0.01616	   -0.00000	    1.37640
20060710	   3.070400	     -1.076	       0.00	     0.0000	   -0.01473	   -0.00000	    1.37629
20060711	   3.116500	      0.110	       0.00	     0.0000	    0.01501	    0.00000	    1.37619
20060712	   3.124300	      0.441	       0.00	     0.0000	    0.00250	    0.00000	    1.37609
20060713	   3.185800	      1.949	       1.00	     0.0000	    0.01968	    0.01968	    1.38977
20060714	   3.183700	      1.663	       1.00	     0.0000	   -0.00066	   -0.00066	    1.38881
20060717	   3.132500	      0.347	       0.00	     0.0000	   -0.01608	   -0.00000	    1.38871
20060718	   3.103000	     -0.424	       0.00	     0.0000	   -0.00942	   -0.00000	    1.38861
20060719	   3.077700	     -1.073	       0.00	     0.0000	   -0.00815	   -0.00000	    1.38851
20060720	   3.045100	     -1.919	      -1.00	     0.0000	   -0.01059	    0.01059	    1.39857
20060721	   3.052800	     -1.703	      -1.00	     0.0000	    0.00253	   -0.00253	    1.39508
20060724	   3.069800	     -1.217	       0.00	     0.0000	    0.00557	    0.00000	    1.39497
20060725	   3.035500	     -1.792	      -1.00	     0.0000	   -0.01117	    0.01117	    1.40537
20060726	   3.056800	     -1.201	       0.00	     0.0000	    0.00702	    0.00000	    1.40526
20060727	   3.081600	     -0.605	       0.00	     0.0000	    0.00811	    0.00000	    1.40516
20060728	   3.046600	     -1.240	       0.00	     0.0000	   -0.01136	   -0.00000	    1.40506
20060731	   3.066900	     -0.768	       0.00	     0.0000	    0.00666	    0.00000	    1.40495
20060801	   3.109700	      0.159	       0.00	     0.0000	    0.01396	    0.00000	    1.40485
20060802	   3.158700	      1.143	       0.00	     0.0000	    0.01576	    0.00000	    1.40475
20060803	   3.142800	      0.866	       0.00	     0.0000	   -0.00503	   -0.00000	    1.40464
20060804	   3.118900	      0.427	       0.00	     0.0000	   -0.00760	   -0.00000	    1.40454
