19960126	 947.750000	      1.219	       0.00	     0.0000	    0.00546	    0.00000	    0.00000
19960129	 949.800000	      1.368	       1.00	     0.0000	    0.00216	    0.00216	    0.27322
19960130	 955.550000	      1.829	       1.00	     0.0000	    0.00605	    0.00605	    0.34920
19960131	 961.550000	      2.179	       1.00	     0.0000	    0.00628	    0.00628	    0.44070
19960201	 963.250000	      2.077	       1.00	     0.0000	    0.00177	    0.00177	    0.48512
19960202	 961.950000	      1.726	       1.00	     0.0000	   -0.00135	   -0.00135	    0.44002
19960205	 965.500000	      1.770	       1.00	     0.0000	    0.00369	    0.00369	    0.50987
19960206	 971.800000	      1.941	       1.00	     0.0000	    0.00653	    0.00653	    0.57617
19960207	 975.350000	      1.879	       1.00	     0.0000	    0.00365	    0.00365	    0.63092
19960208	 981.950000	      1.993	       1.00	     0.0000	    0.00677	    0.00677	    0.68477
19960209	 982.850000	      1.792	       1.00	     0.0000	    0.00092	    0.00092	    0.70089
19960212	 987.850000	      1.821	       1.00	     0.0000	    0.00509	    0.00509	    0.75192
19960213	 985.400000	      1.531	       1.00	     0.0000	   -0.00248	   -0.00248	    0.69748
19960214	 979.500000	      1.106	       0.00	     0.0000	   -0.00599	   -0.00000	    0.69738
19960215	 975.000000	      0.786	       0.00	     0.0000	   -0.00459	   -0.00000	    0.69728
19960216	 974.000000	      0.656	       0.00	     0.0000	   -0.00103	   -0.00000	    0.69718
19960220	 967.100000	      0.174	       0.00	     0.0000	   -0.00708	   -0.00000	    0.69708
19960221	 975.300000	      0.621	       0.00	     0.0000	    0.00848	    0.00000	    0.69698
19960222	 983.550000	      1.104	       0.00	     0.0000	    0.00846	    0.00000	    0.69688
19960223	 982.850000	      0.973	       0.00	     0.0000	   -0.00071	   -0.00000	    0.69678
19960226	 972.450000	      0.087	       0.00	     0.0000	   -0.01058	   -0.00000	    0.69668
19960227	 971.200000	     -0.133	       0.00	     0.0000	   -0.00129	   -0.00000	    0.69658
19960228	 967.100000	     -0.703	       0.00	     0.0000	   -0.00422	   -0.00000	    0.69648
19960229	 961.850000	     -1.409	      -1.00	     0.0000	   -0.00543	    0.00543	    0.74755
19960301	 970.850000	     -0.411	       0.00	     0.0000	    0.00936	    0.00000	    0.74744
19960304	 974.300000	     -0.047	       0.00	     0.0000	    0.00355	    0.00000	    0.74734
19960305	 981.050000	      0.774	       0.00	     0.0000	    0.00693	    0.00000	    0.74723
19960306	 974.800000	     -0.179	       0.00	     0.0000	   -0.00637	   -0.00000	    0.74712
19960307	 977.750000	      0.220	       0.00	     0.0000	    0.00303	    0.00000	    0.74702
19960308	 955.650000	     -2.451	      -1.00	     0.0000	   -0.02260	    0.02260	    0.65672
19960311	 962.450000	     -1.433	      -1.00	     0.0000	    0.00712	   -0.00712	    0.56858
19960312	 958.300000	     -1.695	      -1.00	     0.0000	   -0.00431	    0.00431	    0.60265
19960313	 961.150000	     -1.269	      -1.00	     0.0000	    0.00297	   -0.00297	    0.57167
19960314	 964.900000	     -0.755	       0.00	     0.0000	    0.00390	    0.00000	    0.57159
19960315	 964.400000	     -0.740	       0.00	     0.0000	   -0.00052	   -0.00000	    0.57151
19960318	 976.900000	      0.813	       0.00	     0.0000	    0.01296	    0.00000	    0.57143
19960319	 974.700000	      0.533	       0.00	     0.0000	   -0.00225	   -0.00000	    0.57134
19960320	 973.550000	      0.353	       0.00	     0.0000	   -0.00118	   -0.00000	    0.57126
19960321	 972.050000	      0.187	       0.00	     0.0000	   -0.00154	   -0.00000	    0.57118
19960322	 973.750000	      0.491	       0.00	     0.0000	    0.00175	    0.00000	    0.57110
19960325	 973.300000	      0.531	       0.00	     0.0000	   -0.00046	   -0.00000	    0.57102
19960326	 976.200000	      0.909	       0.00	     0.0000	    0.00298	    0.00000	    0.57094
19960327	 968.700000	     -0.143	       0.00	     0.0000	   -0.00768	   -0.00000	    0.57086
19960328	 972.150000	      0.315	       0.00	     0.0000	    0.00356	    0.00000	    0.57078
19960329	 968.650000	     -0.238	       0.00	     0.0000	   -0.00360	   -0.00000	    0.57070
19960401	 974.800000	      0.636	       0.00	     0.0000	    0.00635	    0.00000	    0.57061
19960402	 976.000000	      0.792	       0.00	     0.0000	    0.00123	    0.00000	    0.57053
19960403	 976.500000	      0.934	       0.00	     0.0000	    0.00051	    0.00000	    0.57045
19960404	 977.000000	      0.981	       0.00	     0.0000	    0.00051	    0.00000	    0.57037
19960408	 964.400000	     -0.815	       0.00	     0.0000	   -0.01290	   -0.00000	    0.57029
19960409	 962.400000	     -1.279	      -1.00	     0.0000	   -0.00207	    0.00207	    0.58803
19960410	 950.650000	     -2.620	      -1.00	     0.0000	   -0.01221	    0.01221	    0.64722
19960411	 951.000000	     -2.297	      -1.00	     0.0000	    0.00037	   -0.00037	    0.64393
19960412	 958.000000	     -1.362	      -1.00	     0.0000	    0.00736	   -0.00736	    0.56571
19960415	 963.200000	     -0.707	       0.00	     0.0000	    0.00543	    0.00000	    0.56563
19960416	 964.700000	     -0.525	       0.00	     0.0000	    0.00156	    0.00000	    0.56555
19960417	 962.250000	     -0.748	       0.00	     0.0000	   -0.00254	   -0.00000	    0.56547
19960418	 963.350000	     -0.549	       0.00	     0.0000	    0.00114	    0.00000	    0.56539
19960419	 964.450000	     -0.361	       0.00	     0.0000	    0.00114	    0.00000	    0.56531
19960422	 969.450000	      0.288	       0.00	     0.0000	    0.00518	    0.00000	    0.56523
19960423	 972.400000	      0.676	       0.00	     0.0000	    0.00304	    0.00000	    0.56515
19960424	 969.100000	      0.283	       0.00	     0.0000	   -0.00339	   -0.00000	    0.56507
19960425	 972.450000	      0.760	       0.00	     0.0000	    0.00346	    0.00000	    0.56499
19960426	 973.850000	      0.896	       0.00	     0.0000	    0.00144	    0.00000	    0.56491
19960429	 972.550000	      0.723	       0.00	     0.0000	   -0.00133	   -0.00000	    0.56483
19960430	 972.250000	      0.655	       0.00	     0.0000	   -0.00031	   -0.00000	    0.56475
19960501	 973.850000	      0.872	       0.00	     0.0000	    0.00165	    0.00000	    0.56467
19960502	 963.250000	     -0.439	       0.00	     0.0000	   -0.01088	   -0.00000	    0.56459
19960503	 960.900000	     -0.678	       0.00	     0.0000	   -0.00244	   -0.00000	    0.56451
19960506	 960.300000	     -0.689	       0.00	     0.0000	   -0.00062	   -0.00000	    0.56443
19960507	 956.450000	     -1.156	       0.00	     0.0000	   -0.00401	   -0.00000	    0.56435
19960508	 964.900000	      0.024	       0.00	     0.0000	    0.00883	    0.00000	    0.56427
19960509	 964.750000	     -0.104	       0.00	     0.0000	   -0.00016	   -0.00000	    0.56419
19960510	 972.300000	      1.072	       0.00	     0.0000	    0.00783	    0.00000	    0.56411
19960513	 981.150000	      2.267	       1.00	     0.0000	    0.00910	    0.00910	    0.61612
19960514	 984.700000	      2.311	       1.00	     0.0000	    0.00362	    0.00362	    0.64136
19960515	 984.750000	      1.964	       1.00	     0.0000	    0.00005	    0.00005	    0.64167
19960516	 984.450000	      1.689	       1.00	     0.0000	   -0.00030	   -0.00030	    0.63913
19960517	 988.900000	      1.910	       1.00	     0.0000	    0.00452	    0.00452	    0.66915
19960520	 993.650000	      2.053	       1.00	     0.0000	    0.00480	    0.00480	    0.70015
19960521	 993.200000	      1.743	       1.00	     0.0000	   -0.00045	   -0.00045	    0.69645
19960522	 998.300000	      1.893	       1.00	     0.0000	    0.00513	    0.00513	    0.72854
19960523	 995.850000	      1.499	       1.00	     0.0000	   -0.00245	   -0.00245	    0.70771
19960524	 998.000000	      1.483	       1.00	     0.0000	    0.00216	    0.00216	    0.72290
19960528	 991.200000	      0.900	       0.00	     0.0000	   -0.00681	   -0.00000	    0.72280
19960529	 986.500000	      0.509	       0.00	     0.0000	   -0.00474	   -0.00000	    0.72270
19960530	 990.800000	      0.751	       0.00	     0.0000	    0.00436	    0.00000	    0.72259
19960531	 984.350000	      0.251	       0.00	     0.0000	   -0.00651	   -0.00000	    0.72249
19960603	 986.850000	      0.365	       0.00	     0.0000	    0.00254	    0.00000	    0.72239
19960604	 990.600000	      0.577	       0.00	     0.0000	    0.00380	    0.00000	    0.72229
19960605	 996.150000	      0.955	       0.00	     0.0000	    0.00560	    0.00000	    0.72219
19960606	 990.650000	      0.408	       0.00	     0.0000	   -0.00552	   -0.00000	    0.72209
19960607	 991.200000	      0.392	       0.00	     0.0000	    0.00056	    0.00000	    0.72199
19960610	 988.700000	     -0.074	       0.00	     0.0000	   -0.00252	   -0.00000	    0.72189
19960611	 988.850000	     -0.229	       0.00	     0.0000	    0.00015	    0.00000	    0.72178
19960612	 987.100000	     -0.713	       0.00	     0.0000	   -0.00177	   -0.00000	    0.72168
19960613	 986.150000	     -0.963	       0.00	     0.0000	   -0.00096	   -0.00000	    0.72158
19960614	 982.150000	     -1.780	      -1.00	     0.0000	   -0.00406	    0.00406	    0.74769
19960617	 983.100000	     -1.523	      -1.00	     0.0000	    0.00097	   -0.00097	    0.73993
19960618	 979.100000	     -2.031	      -1.00	     0.0000	   -0.00407	    0.00407	    0.76583
19960619	 980.300000	     -1.588	      -1.00	     0.0000	    0.00123	   -0.00123	    0.75598
19960620	 978.450000	     -1.684	      -1.00	     0.0000	   -0.00189	    0.00189	    0.76910
19960621	 985.050000	     -0.484	       0.00	     0.0000	    0.00675	    0.00000	    0.76899
19960624	 986.750000	     -0.096	       0.00	     0.0000	    0.00173	    0.00000	    0.76888
19960625	 985.750000	     -0.203	       0.00	     0.0000	   -0.00101	   -0.00000	    0.76877
19960626	 980.250000	     -1.298	      -1.00	     0.0000	   -0.00558	    0.00558	    0.80113
19960627	 984.650000	     -0.307	       0.00	     0.0000	    0.00449	    0.00000	    0.80102
19960628	 988.400000	      0.555	       0.00	     0.0000	    0.00381	    0.00000	    0.80090
19960701	 992.400000	      1.310	       1.00	     0.0000	    0.00405	    0.00405	    0.82586
19960702	 990.400000	      0.828	       0.00	     0.0000	   -0.00202	   -0.00000	    0.82574
19960703	 987.700000	      0.292	       0.00	     0.0000	   -0.00273	   -0.00000	    0.82563
19960705	 972.700000	     -2.517	      -1.00	     0.0000	   -0.01519	    0.01519	    0.86566
19960708	 967.900000	     -2.668	      -1.00	     0.0000	   -0.00493	    0.00493	    0.89237
19960709	 970.750000	     -1.904	      -1.00	     0.0000	    0.00294	   -0.00294	    0.86983
19960710	 973.300000	     -1.357	      -1.00	     0.0000	    0.00263	   -0.00263	    0.85006
19960711	 959.950000	     -2.587	      -1.00	     0.0000	   -0.01372	    0.01372	    0.89141
19960712	 959.650000	     -2.169	      -1.00	     0.0000	   -0.00031	    0.00031	    0.89326
19960715	 941.850000	     -2.913	      -1.00	     0.0000	   -0.01855	    0.01855	    0.92606
19960716	 943.700000	     -2.248	      -1.00	     0.0000	    0.00196	   -0.00196	    0.91360
19960717	 949.400000	     -1.623	      -1.00	     0.0000	    0.00604	   -0.00604	    0.87070
19960718	 959.050000	     -0.911	       0.00	     0.0000	    0.01016	    0.00000	    0.87058
19960719	 953.600000	     -1.144	       0.00	     0.0000	   -0.00568	   -0.00000	    0.87046
19960722	 949.150000	     -1.281	      -1.00	     0.0000	   -0.00467	    0.00467	    0.89290
19960723	 939.750000	     -1.623	      -1.00	     0.0000	   -0.00990	    0.00990	    0.92923
19960724	 942.300000	     -1.332	      -1.00	     0.0000	    0.00271	   -0.00271	    0.91232
19960725	 946.800000	     -0.985	       0.00	     0.0000	    0.00478	    0.00000	    0.91219
19960726	 950.950000	     -0.681	       0.00	     0.0000	    0.00438	    0.00000	    0.91207
19960729	 942.600000	     -1.049	       0.00	     0.0000	   -0.00878	   -0.00000	    0.91194
19960730	 949.300000	     -0.597	       0.00	     0.0000	    0.00711	    0.00000	    0.91181
19960731	 954.000000	     -0.228	       0.00	     0.0000	    0.00495	    0.00000	    0.91169
19960801	 964.650000	      0.663	       0.00	     0.0000	    0.01116	    0.00000	    0.91156
19960802	 977.950000	      1.893	       1.00	     0.0000	    0.01379	    0.01379	    0.95031
19960805	 973.300000	      1.490	       1.00	     0.0000	   -0.00475	   -0.00475	    0.92027
19960806	 975.850000	      1.602	       1.00	     0.0000	    0.00262	    0.00262	    0.93297
19960807	 977.800000	      1.665	       1.00	     0.0000	    0.00200	    0.00200	    0.94283
19960808	 977.800000	      1.607	       1.00	     0.0000	    0.00000	    0.00000	    0.94270
19960809	 974.050000	      1.222	       0.00	     0.0000	   -0.00384	   -0.00000	    0.94257
19960812	 979.350000	      1.454	       1.00	     0.0000	    0.00544	    0.00544	    0.96597
19960813	 973.400000	      0.950	       0.00	     0.0000	   -0.00608	   -0.00000	    0.96583
19960814	 975.200000	      0.979	       0.00	     0.0000	    0.00185	    0.00000	    0.96570
19960815	 975.200000	      0.890	       0.00	     0.0000	    0.00000	    0.00000	    0.96557
19960816	 979.700000	      1.101	       0.00	     0.0000	    0.00461	    0.00000	    0.96543
19960819	 979.800000	      1.008	       0.00	     0.0000	    0.00010	    0.00000	    0.96530
19960820	 979.550000	      0.901	       0.00	     0.0000	   -0.00026	   -0.00000	    0.96517
19960821	 977.600000	      0.701	       0.00	     0.0000	   -0.00199	   -0.00000	    0.96503
19960822	 983.450000	      1.056	       0.00	     0.0000	    0.00598	    0.00000	    0.96490
19960823	 980.400000	      0.750	       0.00	     0.0000	   -0.00310	   -0.00000	    0.96477
19960826	 975.800000	      0.284	       0.00	     0.0000	   -0.00469	   -0.00000	    0.96463
19960827	 978.300000	      0.460	       0.00	     0.0000	    0.00256	    0.00000	    0.96450
19960828	 977.300000	      0.251	       0.00	     0.0000	   -0.00102	   -0.00000	    0.96437
19960829	 968.750000	     -1.856	      -1.00	     0.0000	   -0.00875	    0.00875	    0.99596
19960830	 962.950000	     -3.052	      -1.00	     0.0000	   -0.00599	    0.00599	    1.02030
19960903	 967.450000	     -1.758	      -1.00	     0.0000	    0.00467	   -0.00467	    0.99170
19960904	 968.200000	     -1.471	      -1.00	     0.0000	    0.00078	   -0.00078	    0.98742
19960905	 960.600000	     -2.377	      -1.00	     0.0000	   -0.00785	    0.00785	    1.01640
19960906	 969.850000	     -0.768	       0.00	     0.0000	    0.00963	    0.00000	    1.01626
19960909	 976.650000	      0.363	       0.00	     0.0000	    0.00701	    0.00000	    1.01612
19960910	 976.700000	      0.350	       0.00	     0.0000	    0.00005	    0.00000	    1.01597
19960911	 978.600000	      0.672	       0.00	     0.0000	    0.00195	    0.00000	    1.01583
19960912	 983.750000	      1.372	       1.00	     0.0000	    0.00526	    0.00526	    1.03746
19960913	 994.450000	      2.423	       1.00	     0.0000	    0.01088	    0.01088	    1.07017
19960916	 996.350000	      2.195	       1.00	     0.0000	    0.00191	    0.00191	    1.07890
19960917	 995.550000	      1.837	       1.00	     0.0000	   -0.00080	   -0.00080	    1.07461
19960918	 992.800000	      1.411	       1.00	     0.0000	   -0.00276	   -0.00276	    1.05926
19960919	 995.450000	      1.499	       1.00	     0.0000	    0.00267	    0.00267	    1.07111
19960920	 997.500000	      1.503	       1.00	     0.0000	    0.00206	    0.00206	    1.08044
19960923	 998.000000	      1.410	       1.00	     0.0000	    0.00050	    0.00050	    1.08274
19960924	 997.650000	      1.259	       1.00	     0.0000	   -0.00035	   -0.00035	    1.08082
19960925	 996.650000	      1.075	       0.00	     0.0000	   -0.00100	   -0.00000	    1.08067
19960926	 997.550000	      1.045	       0.00	     0.0000	    0.00090	    0.00000	    1.08052
19960927	 997.000000	      0.919	       0.00	     0.0000	   -0.00055	   -0.00000	    1.08037
19960930	 997.000000	      0.834	       0.00	     0.0000	    0.00000	    0.00000	    1.08022
19961001	 1000.700000	      1.028	       0.00	     0.0000	    0.00371	    0.00000	    1.08008
19961002	 1004.950000	      1.254	       1.00	     0.0000	    0.00425	    0.00425	    1.09765
19961003	 1003.300000	      1.040	       0.00	     0.0000	   -0.00164	   -0.00000	    1.09750
19961004	 1012.800000	      1.835	       1.00	     0.0000	    0.00947	    0.00947	    1.12712
19961007	 1013.800000	      1.832	       1.00	     0.0000	    0.00099	    0.00099	    1.13160
19961008	 1010.350000	      1.394	       1.00	     0.0000	   -0.00340	   -0.00340	    1.11269
19961009	 1006.100000	      0.897	       0.00	     0.0000	   -0.00421	   -0.00000	    1.11254
19961010	 1004.000000	      0.594	       0.00	     0.0000	   -0.00209	   -0.00000	    1.11238
19961011	 1011.500000	      1.598	       1.00	     0.0000	    0.00747	    0.00747	    1.13816
19961014	 1013.100000	      1.630	       1.00	     0.0000	    0.00158	    0.00158	    1.14518
19961015	 1012.250000	      1.350	       1.00	     0.0000	   -0.00084	   -0.00084	    1.14084
19961016	 1014.200000	      1.456	       1.00	     0.0000	    0.00193	    0.00193	    1.14928
19961017	 1016.600000	      1.613	       1.00	     0.0000	    0.00237	    0.00237	    1.15949
19961018	 1021.450000	      1.966	       1.00	     0.0000	    0.00477	    0.00477	    1.17798
19961021	 1020.000000	      1.583	       1.00	     0.0000	   -0.00142	   -0.00142	    1.17062
19961022	 1014.700000	      0.848	       0.00	     0.0000	   -0.00520	   -0.00000	    1.17046
19961023	 1016.650000	      0.995	       0.00	     0.0000	    0.00192	    0.00000	    1.17030
19961024	 1009.350000	     -0.006	       0.00	     0.0000	   -0.00718	   -0.00000	    1.17014
19961025	 1010.950000	      0.133	       0.00	     0.0000	    0.00159	    0.00000	    1.16998
19961028	 1005.950000	     -0.719	       0.00	     0.0000	   -0.00495	   -0.00000	    1.16982
19961029	 1011.850000	      0.124	       0.00	     0.0000	    0.00587	    0.00000	    1.16966
19961030	 1008.400000	     -0.631	       0.00	     0.0000	   -0.00341	   -0.00000	    1.16950
19961031	 1015.250000	      0.673	       0.00	     0.0000	    0.00679	    0.00000	    1.16934
19961101	 1012.100000	     -0.079	       0.00	     0.0000	   -0.00310	   -0.00000	    1.16918
19961104	 1016.850000	      0.944	       0.00	     0.0000	    0.00469	    0.00000	    1.16902
19961105	 1021.000000	      1.665	       1.00	     0.0000	    0.00408	    0.00408	    1.18525
19961106	 1035.000000	      3.085	       1.00	     0.0000	    0.01371	    0.01371	    1.21463
19961107	 1036.550000	      2.593	       1.00	     0.0000	    0.00150	    0.00150	    1.22101
19961108	 1039.850000	      2.447	       1.00	     0.0000	    0.00318	    0.00318	    1.23373
19961111	 1039.700000	      2.041	       1.00	     0.0000	   -0.00014	   -0.00014	    1.23289
19961112	 1037.600000	      1.614	       1.00	     0.0000	   -0.00202	   -0.00202	    1.22261
19961113	 1039.750000	      1.594	       1.00	     0.0000	    0.00207	    0.00207	    1.23125
19961114	 1044.850000	      1.760	       1.00	     0.0000	    0.00491	    0.00491	    1.24928
19961115	 1046.450000	      1.652	       1.00	     0.0000	    0.00153	    0.00153	    1.25573
19961118	 1045.950000	      1.444	       1.00	     0.0000	   -0.00048	   -0.00048	    1.25331
19961119	 1051.900000	      1.631	       1.00	     0.0000	    0.00569	    0.00569	    1.27324
19961120	 1051.750000	      1.445	       1.00	     0.0000	   -0.00014	   -0.00014	    1.27241
19961121	 1051.050000	      1.262	       1.00	     0.0000	   -0.00067	   -0.00067	    1.26910
19961122	 1056.800000	      1.450	       1.00	     0.0000	    0.00547	    0.00547	    1.28834
19961125	 1065.550000	      1.740	       1.00	     0.0000	    0.00828	    0.00828	    1.31288
19961126	 1062.950000	      1.463	       1.00	     0.0000	   -0.00244	   -0.00244	    1.30056
19961127	 1061.550000	      1.268	       1.00	     0.0000	   -0.00132	   -0.00132	    1.29411
19961129	 1063.850000	      1.316	       1.00	     0.0000	    0.00217	    0.00217	    1.30284
19961202	 1063.600000	      1.208	       0.00	     0.0000	   -0.00023	   -0.00000	    1.30267
19961203	 1051.100000	      0.316	       0.00	     0.0000	   -0.01175	   -0.00000	    1.30249
19961204	 1053.250000	      0.401	       0.00	     0.0000	    0.00205	    0.00000	    1.30231
19961205	 1050.950000	      0.097	       0.00	     0.0000	   -0.00218	   -0.00000	    1.30213
19961206	 1046.100000	     -0.480	       0.00	     0.0000	   -0.00461	   -0.00000	    1.30196
19961209	 1057.100000	      0.640	       0.00	     0.0000	    0.01052	    0.00000	    1.30178
19961210	 1053.600000	      0.173	       0.00	     0.0000	   -0.00331	   -0.00000	    1.30160
19961211	 1045.150000	     -0.909	       0.00	     0.0000	   -0.00802	   -0.00000	    1.30143
19961212	 1033.150000	     -2.254	      -1.00	     0.0000	   -0.01148	    0.01148	    1.32821
19961213	 1035.050000	     -1.912	      -1.00	     0.0000	    0.00184	   -0.00184	    1.31928
19961216	 1026.450000	     -2.376	      -1.00	     0.0000	   -0.00831	    0.00831	    1.34315
19961217	 1031.950000	     -1.656	      -1.00	     0.0000	    0.00536	   -0.00536	    1.31440
19961218	 1036.850000	     -1.141	       0.00	     0.0000	    0.00475	    0.00000	    1.31423
19961219	 1052.200000	      0.191	       0.00	     0.0000	    0.01480	    0.00000	    1.31405
19961220	 1055.950000	      0.497	       0.00	     0.0000	    0.00356	    0.00000	    1.31387
19961223	 1052.800000	      0.217	       0.00	     0.0000	   -0.00298	   -0.00000	    1.31369
19961224	 1057.750000	      0.639	       0.00	     0.0000	    0.00470	    0.00000	    1.31351
19961226	 1063.300000	      1.139	       0.00	     0.0000	    0.00525	    0.00000	    1.31333
19961227	 1063.300000	      1.136	       0.00	     0.0000	    0.00000	    0.00000	    1.31316
19961230	 1057.800000	      0.682	       0.00	     0.0000	   -0.00517	   -0.00000	    1.31298
19961231	 1043.200000	     -0.535	       0.00	     0.0000	   -0.01380	   -0.00000	    1.31280
19970102	 1043.400000	     -0.448	       0.00	     0.0000	    0.00019	    0.00000	    1.31262
19970103	 1055.900000	      0.710	       0.00	     0.0000	    0.01198	    0.00000	    1.31245
19970106	 1049.400000	      0.117	       0.00	     0.0000	   -0.00616	   -0.00000	    1.31227
19970107	 1058.350000	      0.911	       0.00	     0.0000	    0.00853	    0.00000	    1.31209
19970108	 1054.200000	      0.488	       0.00	     0.0000	   -0.00392	   -0.00000	    1.31191
19970109	 1057.600000	      0.798	       0.00	     0.0000	    0.00323	    0.00000	    1.31174
19970110	 1065.300000	      1.386	       1.00	     0.0000	    0.00728	    0.00728	    1.33382
19970113	 1063.000000	      1.080	       0.00	     0.0000	   -0.00216	   -0.00000	    1.33364
19970114	 1071.900000	      1.652	       1.00	     0.0000	    0.00837	    0.00837	    1.35715
19970115	 1070.350000	      1.386	       1.00	     0.0000	   -0.00145	   -0.00145	    1.35040
19970116	 1073.950000	      1.636	       1.00	     0.0000	    0.00336	    0.00336	    1.36263
19970117	 1079.450000	      1.996	       1.00	     0.0000	    0.00512	    0.00512	    1.37968
19970120	 1078.850000	      1.802	       1.00	     0.0000	   -0.00056	   -0.00056	    1.37707
19970121	 1085.650000	      2.069	       1.00	     0.0000	    0.00630	    0.00630	    1.39665
19970122	 1090.300000	      2.069	       1.00	     0.0000	    0.00428	    0.00428	    1.41134
19970123	 1078.950000	      1.079	       0.00	     0.0000	   -0.01041	   -0.00000	    1.41115
19970124	 1068.450000	      0.238	       0.00	     0.0000	   -0.00973	   -0.00000	    1.41096
19970127	 1067.650000	      0.160	       0.00	     0.0000	   -0.00075	   -0.00000	    1.41077
19970128	 1070.200000	      0.331	       0.00	     0.0000	    0.00239	    0.00000	    1.41058
19970129	 1077.000000	      0.778	       0.00	     0.0000	    0.00635	    0.00000	    1.41039
19970130	 1086.650000	      1.411	       1.00	     0.0000	    0.00896	    0.00896	    1.43359
19970131	 1086.200000	      1.306	       1.00	     0.0000	   -0.00041	   -0.00041	    1.43164
19970203	 1088.450000	      1.359	       1.00	     0.0000	    0.00207	    0.00207	    1.43935
19970204	 1092.400000	      1.585	       1.00	     0.0000	    0.00363	    0.00363	    1.45198
19970205	 1079.200000	      0.345	       0.00	     0.0000	   -0.01208	   -0.00000	    1.45178
19970206	 1081.350000	      0.475	       0.00	     0.0000	    0.00199	    0.00000	    1.45159
19970207	 1093.050000	      1.596	       1.00	     0.0000	    0.01082	    0.01082	    1.47539
19970210	 1086.750000	      0.826	       0.00	     0.0000	   -0.00576	   -0.00000	    1.47519
19970211	 1093.550000	      1.495	       1.00	     0.0000	    0.00626	    0.00626	    1.49376
19970212	 1105.950000	      2.394	       1.00	     0.0000	    0.01134	    0.01134	    1.51700
19970213	 1112.850000	      2.484	       1.00	     0.0000	    0.00624	    0.00624	    1.53511
19970214	 1110.900000	      1.971	       1.00	     0.0000	   -0.00175	   -0.00175	    1.52732
19970218	 1117.050000	      2.063	       1.00	     0.0000	    0.00554	    0.00554	    1.54397
19970219	 1113.000000	      1.565	       1.00	     0.0000	   -0.00363	   -0.00363	    1.52694
19970220	 1103.050000	      0.825	       0.00	     0.0000	   -0.00894	   -0.00000	    1.52674
19970221	 1103.150000	      0.778	       0.00	     0.0000	    0.00009	    0.00000	    1.52653
19970224	 1111.250000	      1.182	       0.00	     0.0000	    0.00734	    0.00000	    1.52633
19970225	 1112.850000	      1.184	       0.00	     0.0000	    0.00144	    0.00000	    1.52612
19970226	 1102.450000	      0.425	       0.00	     0.0000	   -0.00935	   -0.00000	    1.52592
19970227	 1091.200000	     -0.503	       0.00	     0.0000	   -0.01020	   -0.00000	    1.52571
19970228	 1089.100000	     -0.759	       0.00	     0.0000	   -0.00192	   -0.00000	    1.52551
19970303	 1093.950000	     -0.388	       0.00	     0.0000	    0.00445	    0.00000	    1.52530
19970304	 1090.750000	     -0.693	       0.00	     0.0000	   -0.00293	   -0.00000	    1.52510
19970305	 1102.950000	      0.319	       0.00	     0.0000	    0.01118	    0.00000	    1.52490
19970306	 1099.300000	     -0.036	       0.00	     0.0000	   -0.00331	   -0.00000	    1.52469
19970307	 1105.900000	      0.487	       0.00	     0.0000	    0.00600	    0.00000	    1.52449
19970310	 1113.700000	      1.186	       0.00	     0.0000	    0.00705	    0.00000	    1.52428
19970311	 1110.000000	      0.718	       0.00	     0.0000	   -0.00332	   -0.00000	    1.52408
19970312	 1102.400000	     -0.195	       0.00	     0.0000	   -0.00685	   -0.00000	    1.52387
19970313	 1089.100000	     -1.670	      -1.00	     0.0000	   -0.01206	    0.01206	    1.54651
19970314	 1094.150000	     -1.008	       0.00	     0.0000	    0.00464	    0.00000	    1.54630
19970317	 1095.600000	     -0.769	       0.00	     0.0000	    0.00133	    0.00000	    1.54610
19970318	 1086.200000	     -1.608	      -1.00	     0.0000	   -0.00858	    0.00858	    1.56698
19970319	 1083.450000	     -1.723	      -1.00	     0.0000	   -0.00253	    0.00253	    1.57555
19970320	 1079.600000	     -1.874	      -1.00	     0.0000	   -0.00355	    0.00355	    1.58702
19970321	 1082.950000	     -1.373	      -1.00	     0.0000	    0.00310	   -0.00310	    1.57310
19970324	 1092.450000	     -0.407	       0.00	     0.0000	    0.00877	    0.00000	    1.57289
19970325	 1086.400000	     -0.910	       0.00	     0.0000	   -0.00554	   -0.00000	    1.57268
19970326	 1089.400000	     -0.537	       0.00	     0.0000	    0.00276	    0.00000	    1.57247
19970327	 1066.700000	     -2.406	      -1.00	     0.0000	   -0.02084	    0.02084	    1.58100
19970331	 1049.200000	     -2.886	      -1.00	     0.0000	   -0.01641	    0.01641	    1.59990
19970401	 1056.200000	     -2.028	      -1.00	     0.0000	    0.00667	   -0.00667	    1.56900
19970402	 1042.500000	     -2.313	      -1.00	     0.0000	   -0.01297	    0.01297	    1.59093
19970403	 1045.050000	     -1.869	      -1.00	     0.0000	    0.00245	   -0.00245	    1.58118
19970404	 1053.800000	     -1.308	      -1.00	     0.0000	    0.00837	   -0.00837	    1.54157
19970407	 1058.500000	     -0.991	       0.00	     0.0000	    0.00446	    0.00000	    1.54137
19970408	 1063.250000	     -0.698	       0.00	     0.0000	    0.00449	    0.00000	    1.54116
19970409	 1056.800000	     -0.924	       0.00	     0.0000	   -0.00607	   -0.00000	    1.54096
19970410	 1054.550000	     -0.960	       0.00	     0.0000	   -0.00213	   -0.00000	    1.54075
19970411	 1029.700000	     -1.989	      -1.00	     0.0000	   -0.02356	    0.02356	    1.54899
19970414	 1038.500000	     -1.388	      -1.00	     0.0000	    0.00855	   -0.00855	    1.51116
19970415	 1050.900000	     -0.706	       0.00	     0.0000	    0.01194	    0.00000	    1.51096
19970416	 1059.500000	     -0.196	       0.00	     0.0000	    0.00818	    0.00000	    1.51076
19970417	 1057.300000	     -0.251	       0.00	     0.0000	   -0.00208	   -0.00000	    1.51056
19970418	 1061.450000	      0.044	       0.00	     0.0000	    0.00393	    0.00000	    1.51036
19970421	 1055.350000	     -0.255	       0.00	     0.0000	   -0.00575	   -0.00000	    1.51016
19970422	 1071.950000	      0.815	       0.00	     0.0000	    0.01573	    0.00000	    1.50996
19970423	 1071.400000	      0.941	       0.00	     0.0000	   -0.00051	   -0.00000	    1.50976
19970424	 1067.550000	      0.810	       0.00	     0.0000	   -0.00359	   -0.00000	    1.50955
19970425	 1060.100000	      0.414	       0.00	     0.0000	   -0.00698	   -0.00000	    1.50935
19970428	 1066.400000	      1.012	       0.00	     0.0000	    0.00594	    0.00000	    1.50915
19970429	 1091.000000	      2.573	       1.00	     0.0000	    0.02307	    0.02307	    1.52248
19970430	 1094.000000	      2.275	       1.00	     0.0000	    0.00275	    0.00275	    1.53024
19970501	 1093.250000	      1.920	       1.00	     0.0000	   -0.00069	   -0.00069	    1.52779
19970502	 1107.750000	      2.298	       1.00	     0.0000	    0.01326	    0.01326	    1.55010
19970505	 1127.800000	      2.588	       1.00	     0.0000	    0.01810	    0.01810	    1.57061
19970506	 1126.050000	      2.092	       1.00	     0.0000	   -0.00155	   -0.00155	    1.56535
19970507	 1108.850000	      1.290	       1.00	     0.0000	   -0.01527	   -0.01527	    1.49425
19970508	 1113.750000	      1.320	       1.00	     0.0000	    0.00442	    0.00442	    1.50553
19970509	 1120.850000	      1.405	       1.00	     0.0000	    0.00637	    0.00637	    1.52059
19970512	 1132.550000	      1.647	       1.00	     0.0000	    0.01044	    0.01044	    1.54095
19970513	 1129.050000	      1.401	       1.00	     0.0000	   -0.00309	   -0.00309	    1.53051
19970514	 1131.150000	      1.340	       1.00	     0.0000	    0.00186	    0.00186	    1.53555
19970515	 1135.950000	      1.360	       1.00	     0.0000	    0.00424	    0.00424	    1.54628
19970516	 1123.250000	      0.841	       0.00	     0.0000	   -0.01118	   -0.00000	    1.54608
19970519	 1127.250000	      0.897	       0.00	     0.0000	    0.00356	    0.00000	    1.54587
19970520	 1135.750000	      1.123	       0.00	     0.0000	    0.00754	    0.00000	    1.54567
19970521	 1134.100000	      0.968	       0.00	     0.0000	   -0.00145	   -0.00000	    1.54546
19970522	 1131.450000	      0.787	       0.00	     0.0000	   -0.00234	   -0.00000	    1.54526
19970523	 1138.950000	      1.024	       0.00	     0.0000	    0.00663	    0.00000	    1.54506
19970527	 1142.550000	      1.174	       0.00	     0.0000	    0.00316	    0.00000	    1.54485
19970528	 1141.750000	      1.170	       0.00	     0.0000	   -0.00070	   -0.00000	    1.54465
19970529	 1136.700000	      0.794	       0.00	     0.0000	   -0.00442	   -0.00000	    1.54444
19970530	 1141.800000	      1.110	       0.00	     0.0000	    0.00449	    0.00000	    1.54424
19970602	 1137.400000	      0.752	       0.00	     0.0000	   -0.00385	   -0.00000	    1.54404
19970603	 1134.350000	      0.376	       0.00	     0.0000	   -0.00268	   -0.00000	    1.54383
19970604	 1133.300000	      0.228	       0.00	     0.0000	   -0.00093	   -0.00000	    1.54363
19970605	 1137.200000	      0.608	       0.00	     0.0000	    0.00344	    0.00000	    1.54342
19970606	 1153.700000	      2.338	       1.00	     0.0000	    0.01451	    0.01451	    1.56546
19970609	 1157.050000	      2.459	       1.00	     0.0000	    0.00290	    0.00290	    1.57300
19970610	 1159.900000	      2.367	       1.00	     0.0000	    0.00246	    0.00246	    1.57946
19970611	 1161.750000	      2.128	       1.00	     0.0000	    0.00159	    0.00159	    1.58371
19970612	 1177.300000	      2.715	       1.00	     0.0000	    0.01338	    0.01338	    1.60501
19970613	 1185.450000	      2.575	       1.00	     0.0000	    0.00692	    0.00692	    1.62024
19970616	 1186.050000	      2.157	       1.00	     0.0000	    0.00051	    0.00051	    1.62147
19970617	 1184.550000	      1.820	       1.00	     0.0000	   -0.00126	   -0.00126	    1.61742
19970618	 1181.100000	      1.472	       1.00	     0.0000	   -0.00291	   -0.00291	    1.60789
19970619	 1189.300000	      1.656	       1.00	     0.0000	    0.00694	    0.00694	    1.62310
19970620	 1186.650000	      1.373	       1.00	     0.0000	   -0.00223	   -0.00223	    1.61593
19970623	 1163.550000	      0.239	       0.00	     0.0000	   -0.01947	   -0.00000	    1.61572
19970624	 1186.800000	      1.228	       0.00	     0.0000	    0.01998	    0.00000	    1.61551
19970625	 1178.050000	      0.738	       0.00	     0.0000	   -0.00737	   -0.00000	    1.61530
19970626	 1176.050000	      0.575	       0.00	     0.0000	   -0.00170	   -0.00000	    1.61508
19970627	 1178.700000	      0.630	       0.00	     0.0000	    0.00225	    0.00000	    1.61487
19970630	 1172.050000	      0.232	       0.00	     0.0000	   -0.00564	   -0.00000	    1.61466
19970701	 1183.050000	      0.734	       0.00	     0.0000	    0.00939	    0.00000	    1.61445
19970702	 1197.300000	      1.437	       1.00	     0.0000	    0.01205	    0.01205	    1.63477
19970703	 1209.550000	      2.029	       1.00	     0.0000	    0.01023	    0.01023	    1.65362
19970707	 1200.150000	      1.436	       1.00	     0.0000	   -0.00777	   -0.00777	    1.62545
19970708	 1209.600000	      1.884	       1.00	     0.0000	    0.00787	    0.00787	    1.64166
19970709	 1199.800000	      1.128	       0.00	     0.0000	   -0.00810	   -0.00000	    1.64145
19970710	 1203.300000	      1.283	       1.00	     0.0000	    0.00292	    0.00292	    1.64868
19970711	 1206.200000	      1.401	       1.00	     0.0000	    0.00241	    0.00241	    1.65473
19970714	 1208.650000	      1.423	       1.00	     0.0000	    0.00203	    0.00203	    1.65986
19970715	 1213.550000	      1.582	       1.00	     0.0000	    0.00405	    0.00405	    1.66952
19970716	 1224.100000	      1.969	       1.00	     0.0000	    0.00869	    0.00869	    1.68651
19970717	 1219.750000	      1.502	       1.00	     0.0000	   -0.00355	   -0.00355	    1.67507
19970718	 1198.800000	      0.202	       0.00	     0.0000	   -0.01718	   -0.00000	    1.67485
19970721	 1199.550000	      0.219	       0.00	     0.0000	    0.00063	    0.00000	    1.67463
19970722	 1224.050000	      1.516	       1.00	     0.0000	    0.02042	    0.02042	    1.69180
19970723	 1223.050000	      1.377	       1.00	     0.0000	   -0.00082	   -0.00082	    1.68927
