20110527	 970.200000	     -0.041	       0.00	     0.0000	    0.00362	    0.00000	    0.00000
20110531	 980.500000	      0.915	       0.00	     0.0000	    0.01062	    0.00000	       -nan
20110601	 955.400000	     -1.184	       0.00	     0.0000	   -0.02560	   -0.00000	       -nan
20110602	 954.000000	     -1.186	       0.00	     0.0000	   -0.00147	   -0.00000	       -nan
20110603	 941.100000	     -1.981	      -1.00	     0.0000	   -0.01352	    0.01352	    0.33227
20110606	 928.500000	     -2.378	      -1.00	     0.0000	   -0.01339	    0.01339	    0.46990
20110607	 931.100000	     -1.889	      -1.00	     0.0000	    0.00280	   -0.00280	    0.41639
20110608	 920.500000	     -2.115	      -1.00	     0.0000	   -0.01138	    0.01138	    0.52751
20110609	 925.100000	     -1.682	      -1.00	     0.0000	    0.00500	   -0.00500	    0.44216
20110610	 912.800000	     -1.997	      -1.00	     0.0000	   -0.01330	    0.01330	    0.54909
20110613	 911.100000	     -1.844	      -1.00	     0.0000	   -0.00186	    0.00186	    0.57094
20110614	 930.000000	     -0.865	       0.00	     0.0000	    0.02074	    0.00000	    0.57082
20110615	 911.800000	     -1.531	      -1.00	     0.0000	   -0.01957	    0.01957	    0.65641
20110616	 913.700000	     -1.300	      -1.00	     0.0000	    0.00208	   -0.00208	    0.63401
20110617	 913.600000	     -1.188	       0.00	     0.0000	   -0.00011	   -0.00000	    0.63387
20110620	 922.800000	     -0.713	       0.00	     0.0000	    0.01007	    0.00000	    0.63374
20110621	 936.700000	     -0.018	       0.00	     0.0000	    0.01506	    0.00000	    0.63361
20110622	 932.400000	     -0.181	       0.00	     0.0000	   -0.00459	   -0.00000	    0.63347
20110623	 932.900000	     -0.123	       0.00	     0.0000	    0.00054	    0.00000	    0.63334
20110624	 926.500000	     -0.377	       0.00	     0.0000	   -0.00686	   -0.00000	    0.63320
20110627	 931.700000	     -0.042	       0.00	     0.0000	    0.00561	    0.00000	    0.63307
20110628	 948.200000	      0.972	       0.00	     0.0000	    0.01771	    0.00000	    0.63294
20110629	 954.300000	      1.698	       1.00	     0.0000	    0.00643	    0.00643	    0.68452
20110630	 959.700000	      2.007	       1.00	     0.0000	    0.00566	    0.00566	    0.72989
20110701	 975.100000	      2.592	       1.00	     0.0000	    0.01605	    0.01605	    0.80145
20110705	 979.000000	      2.321	       1.00	     0.0000	    0.00400	    0.00400	    0.83181
20110706	 983.900000	      2.129	       1.00	     0.0000	    0.00501	    0.00501	    0.86790
20110707	 994.200000	      2.140	       1.00	     0.0000	    0.01047	    0.01047	    0.92450
20110708	 987.800000	      1.658	       1.00	     0.0000	   -0.00644	   -0.00644	    0.85915
20110711	 966.700000	      0.815	       0.00	     0.0000	   -0.02136	   -0.00000	    0.85897
20110712	 961.600000	      0.562	       0.00	     0.0000	   -0.00528	   -0.00000	    0.85879
20110713	 963.900000	      0.576	       0.00	     0.0000	    0.00239	    0.00000	    0.85861
20110714	 951.900000	      0.077	       0.00	     0.0000	   -0.01245	   -0.00000	    0.85843
20110715	 960.500000	      0.340	       0.00	     0.0000	    0.00903	    0.00000	    0.85825
20110718	 945.000000	     -0.385	       0.00	     0.0000	   -0.01614	   -0.00000	    0.85807
20110719	 960.800000	      0.232	       0.00	     0.0000	    0.01672	    0.00000	    0.85789
20110720	 961.700000	      0.200	       0.00	     0.0000	    0.00094	    0.00000	    0.85771
20110721	 972.200000	      0.668	       0.00	     0.0000	    0.01092	    0.00000	    0.85753
20110722	 971.900000	      0.580	       0.00	     0.0000	   -0.00031	   -0.00000	    0.85735
20110725	 966.500000	      0.207	       0.00	     0.0000	   -0.00556	   -0.00000	    0.85717
20110726	 958.200000	     -0.429	       0.00	     0.0000	   -0.00859	   -0.00000	    0.85699
20110727	 930.700000	     -2.275	      -1.00	     0.0000	   -0.02870	    0.02870	    0.88919
20110728	 926.900000	     -2.198	      -1.00	     0.0000	   -0.00408	    0.00408	    0.91326
20110729	 924.900000	     -2.001	      -1.00	     0.0000	   -0.00216	    0.00216	    0.92660
20110801	 917.500000	     -2.030	      -1.00	     0.0000	   -0.00800	    0.00800	    0.96727
20110802	 890.100000	     -2.574	      -1.00	     0.0000	   -0.02986	    0.02986	    1.00001
20110803	 891.500000	     -2.108	      -1.00	     0.0000	    0.00157	   -0.00157	    0.99053
20110804	 841.300000	     -2.845	      -1.00	     0.0000	   -0.05631	    0.05631	    0.94193
20110805	 826.500000	     -2.574	      -1.00	     0.0000	   -0.01759	    0.01759	    0.99038
20110808	 754.300000	     -3.008	      -1.00	     0.0000	   -0.08736	    0.08736	    0.92098
20110809	 808.600000	     -1.781	      -1.00	     0.0000	    0.07199	   -0.07199	    0.62102
20110810	 782.800000	     -1.884	      -1.00	     0.0000	   -0.03191	    0.03191	    0.67850
20110811	 818.000000	     -1.229	       0.00	     0.0000	    0.04497	    0.00000	    0.67836
20110812	 827.900000	     -0.987	       0.00	     0.0000	    0.01210	    0.00000	    0.67822
20110815	 844.600000	     -0.677	       0.00	     0.0000	    0.02017	    0.00000	    0.67808
20110816	 839.100000	     -0.686	       0.00	     0.0000	   -0.00651	   -0.00000	    0.67794
20110817	 831.800000	     -0.715	       0.00	     0.0000	   -0.00870	   -0.00000	    0.67779
20110818	 789.900000	     -1.211	       0.00	     0.0000	   -0.05037	   -0.00000	    0.67765
20110819	 775.200000	     -1.307	      -1.00	     0.0000	   -0.01861	    0.01861	    0.71413
20110822	 770.700000	     -1.269	      -1.00	     0.0000	   -0.00580	    0.00580	    0.72657
20110823	 801.900000	     -0.719	       0.00	     0.0000	    0.04048	    0.00000	    0.72642
20110824	 812.600000	     -0.470	       0.00	     0.0000	    0.01334	    0.00000	    0.72627
20110825	 797.300000	     -0.678	       0.00	     0.0000	   -0.01883	   -0.00000	    0.72612
20110826	 818.000000	     -0.191	       0.00	     0.0000	    0.02596	    0.00000	    0.72597
20110829	 849.900000	      0.645	       0.00	     0.0000	    0.03900	    0.00000	    0.72582
20110830	 849.700000	      0.829	       0.00	     0.0000	   -0.00024	   -0.00000	    0.72567
20110831	 857.600000	      1.178	       0.00	     0.0000	    0.00930	    0.00000	    0.72552
20110901	 843.000000	      0.914	       0.00	     0.0000	   -0.01702	   -0.00000	    0.72537
20110902	 813.200000	     -0.059	       0.00	     0.0000	   -0.03535	   -0.00000	    0.72522
20110906	 809.200000	     -0.170	       0.00	     0.0000	   -0.00492	   -0.00000	    0.72507
20110907	 840.400000	      0.867	       0.00	     0.0000	    0.03856	    0.00000	    0.72492
20110908	 831.800000	      0.487	       0.00	     0.0000	   -0.01023	   -0.00000	    0.72477
20110909	 810.100000	     -0.428	       0.00	     0.0000	   -0.02609	   -0.00000	    0.72462
20110912	 812.900000	     -0.303	       0.00	     0.0000	    0.00346	    0.00000	    0.72447
20110913	 821.000000	      0.041	       0.00	     0.0000	    0.00996	    0.00000	    0.72432
20110914	 836.800000	      0.713	       0.00	     0.0000	    0.01924	    0.00000	    0.72417
20110915	 850.200000	      1.218	       0.00	     0.0000	    0.01601	    0.00000	    0.72402
20110916	 850.200000	      1.148	       0.00	     0.0000	    0.00000	    0.00000	    0.72387
20110919	 837.500000	      0.577	       0.00	     0.0000	   -0.01494	   -0.00000	    0.72372
20110920	 826.400000	      0.030	       0.00	     0.0000	   -0.01325	   -0.00000	    0.72357
20110921	 794.400000	     -1.664	      -1.00	     0.0000	   -0.03872	    0.03872	    0.78345
20110922	 767.400000	     -2.528	      -1.00	     0.0000	   -0.03399	    0.03399	    0.83631
20110923	 776.200000	     -1.881	      -1.00	     0.0000	    0.01147	   -0.01147	    0.80948
20110926	 792.600000	     -1.207	       0.00	     0.0000	    0.02113	    0.00000	    0.80932
20110927	 809.300000	     -0.530	       0.00	     0.0000	    0.02107	    0.00000	    0.80915
20110928	 782.100000	     -1.429	      -1.00	     0.0000	   -0.03361	    0.03361	    0.86014
20110929	 787.100000	     -1.126	       0.00	     0.0000	    0.00639	    0.00000	    0.85996
20110930	 765.100000	     -1.761	      -1.00	     0.0000	   -0.02795	    0.02795	    0.90369
20111003	 726.300000	     -2.535	      -1.00	     0.0000	   -0.05071	    0.05071	    0.96021
20111004	 753.200000	     -1.501	      -1.00	     0.0000	    0.03704	   -0.03704	    0.86714
20111005	 771.100000	     -0.897	       0.00	     0.0000	    0.02377	    0.00000	    0.86696
20111006	 795.300000	     -0.137	       0.00	     0.0000	    0.03138	    0.00000	    0.86678
20111007	 787.600000	     -0.312	       0.00	     0.0000	   -0.00968	   -0.00000	    0.86660
20111010	 811.200000	      0.411	       0.00	     0.0000	    0.02996	    0.00000	    0.86642
20111011	 810.400000	      0.391	       0.00	     0.0000	   -0.00099	   -0.00000	    0.86625
20111012	 818.400000	      0.642	       0.00	     0.0000	    0.00987	    0.00000	    0.86607
20111013	 822.000000	      0.792	       0.00	     0.0000	    0.00440	    0.00000	    0.86589
20111014	 838.100000	      1.357	       1.00	     0.0000	    0.01959	    0.01959	    0.89710
20111017	 814.700000	      0.703	       0.00	     0.0000	   -0.02792	   -0.00000	    0.89691
20111018	 837.800000	      1.509	       1.00	     0.0000	    0.02835	    0.02835	    0.93772
20111019	 825.600000	      1.086	       0.00	     0.0000	   -0.01456	   -0.00000	    0.93753
20111020	 824.500000	      0.972	       0.00	     0.0000	   -0.00133	   -0.00000	    0.93734
20111021	 845.400000	      1.502	       1.00	     0.0000	    0.02535	    0.02535	    0.97420
20111024	 866.300000	      1.878	       1.00	     0.0000	    0.02472	    0.02472	    1.00978
20111025	 849.900000	      1.251	       1.00	     0.0000	   -0.01893	   -0.01893	    0.96964
20111026	 857.400000	      1.335	       1.00	     0.0000	    0.00882	    0.00882	    0.98426
20111027	 897.700000	      2.054	       1.00	     0.0000	    0.04700	    0.04700	    1.03460
20111028	 895.100000	      1.731	       1.00	     0.0000	   -0.00290	   -0.00290	    1.02919
20111031	 872.300000	      1.102	       0.00	     0.0000	   -0.02547	   -0.00000	    1.02898
20111101	 849.700000	      0.515	       0.00	     0.0000	   -0.02591	   -0.00000	    1.02877
20111102	 859.900000	      0.733	       0.00	     0.0000	    0.01200	    0.00000	    1.02856
20111103	 879.200000	      1.247	       0.00	     0.0000	    0.02244	    0.00000	    1.02835
20111104	 885.200000	      1.321	       1.00	     0.0000	    0.00682	    0.00682	    1.03939
20111107	 882.900000	      1.172	       0.00	     0.0000	   -0.00260	   -0.00000	    1.03918
20111108	 892.300000	      1.366	       1.00	     0.0000	    0.01065	    0.01065	    1.05587
20111109	 851.600000	     -0.148	       0.00	     0.0000	   -0.04561	   -0.00000	    1.05566
20111110	 854.800000	     -0.098	       0.00	     0.0000	    0.00376	    0.00000	    1.05544
20111111	 875.700000	      0.658	       0.00	     0.0000	    0.02445	    0.00000	    1.05523
20111114	 870.700000	      0.394	       0.00	     0.0000	   -0.00571	   -0.00000	    1.05501
20111115	 874.200000	      0.470	       0.00	     0.0000	    0.00402	    0.00000	    1.05480
20111116	 860.900000	     -0.215	       0.00	     0.0000	   -0.01521	   -0.00000	    1.05459
20111117	 846.100000	     -1.069	       0.00	     0.0000	   -0.01719	   -0.00000	    1.05437
20111118	 846.100000	     -1.248	       0.00	     0.0000	    0.00000	    0.00000	    1.05416
20111121	 829.100000	     -2.039	      -1.00	     0.0000	   -0.02009	    0.02009	    1.08273
20111122	 821.800000	     -2.050	      -1.00	     0.0000	   -0.00880	    0.00880	    1.09657
20111123	 801.100000	     -2.456	      -1.00	     0.0000	   -0.02519	    0.02519	    1.12987
20111125	 796.000000	     -2.199	      -1.00	     0.0000	   -0.00637	    0.00637	    1.13993
20111128	 827.400000	     -1.012	       0.00	     0.0000	    0.03945	    0.00000	    1.13970
20111129	 829.600000	     -0.851	       0.00	     0.0000	    0.00266	    0.00000	    1.13947
20111130	 869.300000	      0.620	       0.00	     0.0000	    0.04785	    0.00000	    1.13924
20111201	 865.200000	      0.438	       0.00	     0.0000	   -0.00472	   -0.00000	    1.13901
20111202	 865.800000	      0.449	       0.00	     0.0000	    0.00069	    0.00000	    1.13878
20111205	 876.800000	      0.860	       0.00	     0.0000	    0.01271	    0.00000	    1.13855
20111206	 871.500000	      0.705	       0.00	     0.0000	   -0.00604	   -0.00000	    1.13832
20111207	 876.800000	      0.927	       0.00	     0.0000	    0.00608	    0.00000	    1.13809
20111208	 852.300000	      0.069	       0.00	     0.0000	   -0.02794	   -0.00000	    1.13786
20111209	 873.300000	      0.864	       0.00	     0.0000	    0.02464	    0.00000	    1.13763
20111212	 857.500000	      0.228	       0.00	     0.0000	   -0.01809	   -0.00000	    1.13740
20111213	 840.000000	     -0.410	       0.00	     0.0000	   -0.02041	   -0.00000	    1.13717
20111214	 825.600000	     -0.905	       0.00	     0.0000	   -0.01714	   -0.00000	    1.13694
20111215	 833.200000	     -0.530	       0.00	     0.0000	    0.00921	    0.00000	    1.13671
20111216	 840.400000	     -0.193	       0.00	     0.0000	    0.00864	    0.00000	    1.13648
20111219	 825.600000	     -0.760	       0.00	     0.0000	   -0.01761	   -0.00000	    1.13625
20111220	 855.100000	      0.437	       0.00	     0.0000	    0.03573	    0.00000	    1.13602
20111221	 857.700000	      0.490	       0.00	     0.0000	    0.00304	    0.00000	    1.13580
20111222	 865.800000	      0.746	       0.00	     0.0000	    0.00944	    0.00000	    1.13557
20111223	 869.900000	      0.856	       0.00	     0.0000	    0.00474	    0.00000	    1.13534
20111227	 872.600000	      0.971	       0.00	     0.0000	    0.00310	    0.00000	    1.13511
20111228	 858.500000	      0.127	       0.00	     0.0000	   -0.01616	   -0.00000	    1.13488
20111229	 869.900000	      0.716	       0.00	     0.0000	    0.01328	    0.00000	    1.13465
20111230	 866.500000	      0.519	       0.00	     0.0000	   -0.00391	   -0.00000	    1.13443
20120103	 874.200000	      0.949	       0.00	     0.0000	    0.00889	    0.00000	    1.13420
20120104	 873.300000	      0.860	       0.00	     0.0000	   -0.00103	   -0.00000	    1.13397
20120105	 874.800000	      0.961	       0.00	     0.0000	    0.00172	    0.00000	    1.13374
20120106	 878.500000	      1.140	       0.00	     0.0000	    0.00423	    0.00000	    1.13352
20120109	 881.800000	      1.298	       1.00	     0.0000	    0.00376	    0.00376	    1.13947
20120110	 893.800000	      1.731	       1.00	     0.0000	    0.01361	    0.01361	    1.15948
20120111	 897.800000	      1.744	       1.00	     0.0000	    0.00448	    0.00448	    1.16654
20120112	 899.000000	      1.591	       1.00	     0.0000	    0.00134	    0.00134	    1.16855
20120113	 895.900000	      1.309	       1.00	     0.0000	   -0.00345	   -0.00345	    1.16226
20120117	 896.400000	      1.252	       1.00	     0.0000	    0.00056	    0.00056	    1.16297
20120118	 909.500000	      1.725	       1.00	     0.0000	    0.01461	    0.01461	    1.18409
20120119	 918.300000	      1.915	       1.00	     0.0000	    0.00968	    0.00968	    1.19871
20120120	 918.100000	      1.863	       1.00	     0.0000	   -0.00022	   -0.00022	    1.19810
20120123	 918.100000	      1.667	       1.00	     0.0000	    0.00000	    0.00000	    1.19786
20120124	 922.200000	      1.676	       1.00	     0.0000	    0.00447	    0.00447	    1.20485
20120125	 931.200000	      1.844	       1.00	     0.0000	    0.00976	    0.00976	    1.21952
20120126	 925.100000	      1.400	       1.00	     0.0000	   -0.00655	   -0.00655	    1.20751
20120127	 929.500000	      1.431	       1.00	     0.0000	    0.00476	    0.00476	    1.21492
20120130	 924.200000	      1.112	       0.00	     0.0000	   -0.00570	   -0.00000	    1.21467
20120131	 924.100000	      1.014	       0.00	     0.0000	   -0.00011	   -0.00000	    1.21443
20120201	 941.000000	      1.647	       1.00	     0.0000	    0.01829	    0.01829	    1.23939
20120202	 942.900000	      1.572	       1.00	     0.0000	    0.00202	    0.00202	    1.24246
20120203	 956.800000	      1.970	       1.00	     0.0000	    0.01474	    0.01474	    1.26325
20120206	 955.900000	      1.753	       1.00	     0.0000	   -0.00094	   -0.00094	    1.26141
20120207	 961.000000	      1.796	       1.00	     0.0000	    0.00534	    0.00534	    1.26960
20120208	 962.500000	      1.702	       1.00	     0.0000	    0.00156	    0.00156	    1.27191
20120209	 963.100000	      1.559	       1.00	     0.0000	    0.00062	    0.00062	    1.27270
20120210	 953.000000	      1.014	       0.00	     0.0000	   -0.01049	   -0.00000	    1.27244
20120213	 961.500000	      1.284	       1.00	     0.0000	    0.00892	    0.00892	    1.28573
20120214	 962.400000	      1.236	       0.00	     0.0000	    0.00094	    0.00000	    1.28547
20120215	 959.700000	      1.043	       0.00	     0.0000	   -0.00281	   -0.00000	    1.28521
20120216	 973.300000	      1.604	       1.00	     0.0000	    0.01417	    0.01417	    1.30510
20120217	 973.700000	      1.466	       1.00	     0.0000	    0.00041	    0.00041	    1.30553
20120221	 969.700000	      1.153	       0.00	     0.0000	   -0.00411	   -0.00000	    1.30527
20120222	 964.000000	      0.774	       0.00	     0.0000	   -0.00588	   -0.00000	    1.30501
20120223	 973.700000	      1.221	       0.00	     0.0000	    0.01006	    0.00000	    1.30475
20120224	 973.100000	      1.083	       0.00	     0.0000	   -0.00062	   -0.00000	    1.30449
20120227	 974.600000	      1.091	       0.00	     0.0000	    0.00154	    0.00000	    1.30423
20120228	 972.000000	      0.856	       0.00	     0.0000	   -0.00267	   -0.00000	    1.30397
20120229	 965.800000	      0.367	       0.00	     0.0000	   -0.00638	   -0.00000	    1.30372
20120301	 975.900000	      1.243	       0.00	     0.0000	    0.01046	    0.00000	    1.30346
20120302	 964.700000	     -0.003	       0.00	     0.0000	   -0.01148	   -0.00000	    1.30320
20120305	 964.200000	     -0.227	       0.00	     0.0000	   -0.00052	   -0.00000	    1.30294
20120306	 943.700000	     -2.633	      -1.00	     0.0000	   -0.02126	    0.02126	    1.33001
20120307	 953.300000	     -1.409	      -1.00	     0.0000	    0.01017	   -0.01017	    1.31117
20120308	 964.600000	     -0.069	       0.00	     0.0000	    0.01185	    0.00000	    1.31091
20120309	 974.900000	      1.077	       0.00	     0.0000	    0.01068	    0.00000	    1.31065
20120312	 971.800000	      0.657	       0.00	     0.0000	   -0.00318	   -0.00000	    1.31039
20120313	 988.100000	      2.187	       1.00	     0.0000	    0.01677	    0.01677	    1.33285
20120314	 980.700000	      1.251	       1.00	     0.0000	   -0.00749	   -0.00749	    1.31933
20120315	 989.300000	      1.849	       1.00	     0.0000	    0.00877	    0.00877	    1.33211
20120316	 988.900000	      1.602	       1.00	     0.0000	   -0.00040	   -0.00040	    1.33119
20120319	 991.900000	      1.662	       1.00	     0.0000	    0.00303	    0.00303	    1.33573
20120320	 985.400000	      1.033	       0.00	     0.0000	   -0.00655	   -0.00000	    1.33547
20120321	 983.900000	      0.839	       0.00	     0.0000	   -0.00152	   -0.00000	    1.33521
20120322	 974.300000	      0.022	       0.00	     0.0000	   -0.00976	   -0.00000	    1.33494
20120323	 982.800000	      0.678	       0.00	     0.0000	    0.00872	    0.00000	    1.33468
20120326	 996.400000	      1.580	       1.00	     0.0000	    0.01384	    0.01384	    1.35370
20120327	 990.500000	      1.044	       0.00	     0.0000	   -0.00592	   -0.00000	    1.35343
20120328	 984.600000	      0.561	       0.00	     0.0000	   -0.00596	   -0.00000	    1.35316
20120329	 985.500000	      0.564	       0.00	     0.0000	    0.00091	    0.00000	    1.35290
20120330	 984.400000	      0.450	       0.00	     0.0000	   -0.00112	   -0.00000	    1.35263
20120402	 988.700000	      0.693	       0.00	     0.0000	    0.00437	    0.00000	    1.35237
20120403	 991.700000	      0.833	       0.00	     0.0000	    0.00303	    0.00000	    1.35210
20120404	 977.200000	     -0.506	       0.00	     0.0000	   -0.01462	   -0.00000	    1.35184
20120405	 971.900000	     -1.399	      -1.00	     0.0000	   -0.00542	    0.00542	    1.35989
20120409	 959.900000	     -2.663	      -1.00	     0.0000	   -0.01235	    0.01235	    1.37703
20120410	 940.800000	     -3.226	      -1.00	     0.0000	   -0.01990	    0.01990	    1.40199
20120411	 948.300000	     -2.221	      -1.00	     0.0000	    0.00797	   -0.00797	    1.38770
20120412	 969.700000	     -0.670	       0.00	     0.0000	    0.02257	    0.00000	    1.38742
20120413	 954.000000	     -1.559	      -1.00	     0.0000	   -0.01619	    0.01619	    1.40863
20120416	 955.000000	     -1.340	      -1.00	     0.0000	    0.00105	   -0.00105	    1.40664
20120417	 968.700000	     -0.430	       0.00	     0.0000	    0.01435	    0.00000	    1.40637
20120418	 965.300000	     -0.576	       0.00	     0.0000	   -0.00351	   -0.00000	    1.40609
20120419	 962.700000	     -0.675	       0.00	     0.0000	   -0.00269	   -0.00000	    1.40582
20120420	 966.000000	     -0.410	       0.00	     0.0000	    0.00343	    0.00000	    1.40554
20120423	 955.000000	     -1.036	       0.00	     0.0000	   -0.01139	   -0.00000	    1.40527
20120424	 959.000000	     -0.712	       0.00	     0.0000	    0.00419	    0.00000	    1.40499
20120425	 975.300000	      0.412	       0.00	     0.0000	    0.01700	    0.00000	    1.40472
20120426	 984.700000	      1.098	       0.00	     0.0000	    0.00964	    0.00000	    1.40445
20120427	 989.500000	      1.387	       1.00	     0.0000	    0.00487	    0.00487	    1.41159
20120430	 981.700000	      0.878	       0.00	     0.0000	   -0.00788	   -0.00000	    1.41131
20120501	 983.100000	      0.984	       0.00	     0.0000	    0.00143	    0.00000	    1.41103
20120502	 986.300000	      1.228	       0.00	     0.0000	    0.00326	    0.00000	    1.41076
20120503	 970.000000	      0.165	       0.00	     0.0000	   -0.01653	   -0.00000	    1.41049
20120504	 952.600000	     -1.045	       0.00	     0.0000	   -0.01794	   -0.00000	    1.41021
20120507	 959.900000	     -0.458	       0.00	     0.0000	    0.00766	    0.00000	    1.40994
20120508	 957.000000	     -0.660	       0.00	     0.0000	   -0.00302	   -0.00000	    1.40966
20120509	 952.500000	     -1.104	       0.00	     0.0000	   -0.00470	   -0.00000	    1.40939
20120510	 956.400000	     -0.858	       0.00	     0.0000	    0.00409	    0.00000	    1.40911
20120511	 955.300000	     -0.875	       0.00	     0.0000	   -0.00115	   -0.00000	    1.40884
20120514	 941.500000	     -1.809	      -1.00	     0.0000	   -0.01445	    0.01445	    1.42798
20120515	 939.000000	     -1.797	      -1.00	     0.0000	   -0.00266	    0.00266	    1.43182
20120516	 930.800000	     -1.998	      -1.00	     0.0000	   -0.00873	    0.00873	    1.44413
20120517	 905.500000	     -2.678	      -1.00	     0.0000	   -0.02718	    0.02718	    1.47370
20120518	 893.400000	     -2.533	      -1.00	     0.0000	   -0.01336	    0.01336	    1.49130
20120521	 916.300000	     -1.444	      -1.00	     0.0000	    0.02563	   -0.02563	    1.43895
20120522	 917.200000	     -1.283	      -1.00	     0.0000	    0.00098	   -0.00098	    1.43711
20120523	 923.400000	     -0.974	       0.00	     0.0000	    0.00676	    0.00000	    1.43683
20120524	 930.000000	     -0.670	       0.00	     0.0000	    0.00715	    0.00000	    1.43655
20120525	 924.400000	     -0.789	       0.00	     0.0000	   -0.00602	   -0.00000	    1.43628
20120529	 938.800000	     -0.187	       0.00	     0.0000	    0.01558	    0.00000	    1.43600
20120530	 916.800000	     -0.963	       0.00	     0.0000	   -0.02343	   -0.00000	    1.43572
20120531	 916.900000	     -0.887	       0.00	     0.0000	    0.00011	    0.00000	    1.43544
20120601	 887.100000	     -2.008	      -1.00	     0.0000	   -0.03250	    0.03250	    1.46742
20120604	 879.100000	     -2.065	      -1.00	     0.0000	   -0.00902	    0.00902	    1.47966
20120605	 895.300000	     -1.251	      -1.00	     0.0000	    0.01843	   -0.01843	    1.44516
20120606	 914.400000	     -0.392	       0.00	     0.0000	    0.02133	    0.00000	    1.44488
20120607	 912.300000	     -0.412	       0.00	     0.0000	   -0.00230	   -0.00000	    1.44460
20120608	 919.100000	     -0.028	       0.00	     0.0000	    0.00745	    0.00000	    1.44433
20120611	 898.000000	     -0.984	       0.00	     0.0000	   -0.02296	   -0.00000	    1.44405
20120612	 911.700000	     -0.182	       0.00	     0.0000	    0.01526	    0.00000	    1.44377
20120613	 896.500000	     -0.988	       0.00	     0.0000	   -0.01667	   -0.00000	    1.44349
20120614	 904.800000	     -0.408	       0.00	     0.0000	    0.00926	    0.00000	    1.44321
20120615	 912.100000	      0.134	       0.00	     0.0000	    0.00807	    0.00000	    1.44293
20120618	 921.200000	      0.699	       0.00	     0.0000	    0.00998	    0.00000	    1.44266
20120619	 928.700000	      1.100	       0.00	     0.0000	    0.00814	    0.00000	    1.44238
20120620	 929.100000	      1.055	       0.00	     0.0000	    0.00043	    0.00000	    1.44210
20120621	 902.100000	     -0.680	       0.00	     0.0000	   -0.02906	   -0.00000	    1.44182
20120622	 905.800000	     -0.386	       0.00	     0.0000	    0.00410	    0.00000	    1.44155
20120625	 891.000000	     -1.241	       0.00	     0.0000	   -0.01634	   -0.00000	    1.44127
20120626	 899.000000	     -0.641	       0.00	     0.0000	    0.00898	    0.00000	    1.44099
20120627	 906.300000	     -0.054	       0.00	     0.0000	    0.00812	    0.00000	    1.44072
20120628	 908.200000	      0.123	       0.00	     0.0000	    0.00210	    0.00000	    1.44044
20120629	 935.000000	      1.929	       1.00	     0.0000	    0.02951	    0.02951	    1.47051
20120702	 938.900000	      1.927	       1.00	     0.0000	    0.00417	    0.00417	    1.47626
20120703	 953.300000	      2.474	       1.00	     0.0000	    0.01534	    0.01534	    1.49523
20120705	 951.800000	      2.029	       1.00	     0.0000	   -0.00157	   -0.00157	    1.49252
20120706	 941.400000	      1.302	       1.00	     0.0000	   -0.01093	   -0.01093	    1.47371
20120709	 939.500000	      1.094	       0.00	     0.0000	   -0.00202	   -0.00000	    1.47343
20120710	 927.000000	      0.414	       0.00	     0.0000	   -0.01330	   -0.00000	    1.47314
20120711	 923.500000	      0.172	       0.00	     0.0000	   -0.00378	   -0.00000	    1.47286
20120712	 921.900000	      0.059	       0.00	     0.0000	   -0.00173	   -0.00000	    1.47258
20120713	 935.800000	      0.740	       0.00	     0.0000	    0.01508	    0.00000	    1.47230
20120716	 930.000000	      0.353	       0.00	     0.0000	   -0.00620	   -0.00000	    1.47202
20120717	 936.500000	      0.662	       0.00	     0.0000	    0.00699	    0.00000	    1.47174
20120718	 942.000000	      0.904	       0.00	     0.0000	    0.00587	    0.00000	    1.47145
20120719	 942.500000	      0.877	       0.00	     0.0000	    0.00053	    0.00000	    1.47117
20120720	 933.400000	      0.360	       0.00	     0.0000	   -0.00966	   -0.00000	    1.47089
20120723	 920.800000	     -0.406	       0.00	     0.0000	   -0.01350	   -0.00000	    1.47061
20120724	 905.000000	     -1.317	      -1.00	     0.0000	   -0.01716	    0.01716	    1.49121
20120725	 909.100000	     -1.240	       0.00	     0.0000	    0.00453	    0.00000	    1.49093
20120726	 922.800000	     -0.486	       0.00	     0.0000	    0.01507	    0.00000	    1.49064
20120727	 945.400000	      1.013	       0.00	     0.0000	    0.02449	    0.00000	    1.49036
20120730	 939.100000	      0.478	       0.00	     0.0000	   -0.00666	   -0.00000	    1.49007
20120731	 934.100000	      0.084	       0.00	     0.0000	   -0.00532	   -0.00000	    1.48979
20120801	 924.700000	     -0.607	       0.00	     0.0000	   -0.01006	   -0.00000	    1.48951
20120802	 921.000000	     -0.826	       0.00	     0.0000	   -0.00400	   -0.00000	    1.48922
20120803	 938.300000	      0.735	       0.00	     0.0000	    0.01878	    0.00000	    1.48894
20120806	 943.500000	      1.185	       0.00	     0.0000	    0.00554	    0.00000	    1.48866
20120807	 951.700000	      1.744	       1.00	     0.0000	    0.00869	    0.00869	    1.50013
20120808	 952.000000	      1.563	       1.00	     0.0000	    0.00032	    0.00032	    1.50031
20120809	 955.300000	      1.603	       1.00	     0.0000	    0.00347	    0.00347	    1.50502
20120810	 955.700000	      1.456	       1.00	     0.0000	    0.00042	    0.00042	    1.50535
20120813	 954.700000	      1.264	       1.00	     0.0000	   -0.00105	   -0.00105	    1.50348
20120814	 953.400000	      1.072	       0.00	     0.0000	   -0.00136	   -0.00000	    1.50320
20120815	 959.100000	      1.313	       1.00	     0.0000	    0.00598	    0.00598	    1.51125
20120816	 966.700000	      1.601	       1.00	     0.0000	    0.00792	    0.00792	    1.52174
20120817	 971.200000	      1.653	       1.00	     0.0000	    0.00466	    0.00466	    1.52804
20120820	 968.800000	      1.365	       1.00	     0.0000	   -0.00247	   -0.00247	    1.52395
20120821	 971.100000	      1.340	       1.00	     0.0000	    0.00237	    0.00237	    1.52711
20120822	 968.900000	      1.168	       0.00	     0.0000	   -0.00227	   -0.00000	    1.52683
20120823	 962.200000	      0.742	       0.00	     0.0000	   -0.00692	   -0.00000	    1.52654
20120824	 964.500000	      0.817	       0.00	     0.0000	    0.00239	    0.00000	    1.52625
20120827	 964.300000	      0.736	       0.00	     0.0000	   -0.00021	   -0.00000	    1.52596
20120828	 967.900000	      0.889	       0.00	     0.0000	    0.00373	    0.00000	    1.52567
20120829	 967.300000	      0.770	       0.00	     0.0000	   -0.00062	   -0.00000	    1.52538
20120830	 960.900000	      0.233	       0.00	     0.0000	   -0.00662	   -0.00000	    1.52509
20120831	 966.300000	      0.676	       0.00	     0.0000	    0.00562	    0.00000	    1.52481
20120904	 979.600000	      2.046	       1.00	     0.0000	    0.01376	    0.01376	    1.54177
20120905	 976.000000	      1.557	       1.00	     0.0000	   -0.00367	   -0.00367	    1.53578
20120906	 994.700000	      2.911	       1.00	     0.0000	    0.01916	    0.01916	    1.55761
20120907	 1000.000000	      2.677	       1.00	     0.0000	    0.00533	    0.00533	    1.56472
20120910	 993.500000	      1.849	       1.00	     0.0000	   -0.00650	   -0.00650	    1.55407
20120911	 993.800000	      1.656	       1.00	     0.0000	    0.00030	    0.00030	    1.55423
20120912	 1002.800000	      2.003	       1.00	     0.0000	    0.00906	    0.00906	    1.56591
20120913	 1010.500000	      2.160	       1.00	     0.0000	    0.00768	    0.00768	    1.57594
20120914	 1023.000000	      2.392	       1.00	     0.0000	    0.01237	    0.01237	    1.59124
20120917	 1011.500000	      1.553	       1.00	     0.0000	   -0.01124	   -0.01124	    1.57218
20120918	 1006.200000	      1.155	       0.00	     0.0000	   -0.00524	   -0.00000	    1.57188
20120919	 1007.900000	      1.125	       0.00	     0.0000	    0.00169	    0.00000	    1.57159
20120920	 1002.500000	      0.778	       0.00	     0.0000	   -0.00536	   -0.00000	    1.57129
20120921	 1001.400000	      0.653	       0.00	     0.0000	   -0.00110	   -0.00000	    1.57100
20120924	 1000.500000	      0.537	       0.00	     0.0000	   -0.00090	   -0.00000	    1.57070
20120925	 986.300000	     -0.274	       0.00	     0.0000	   -0.01419	   -0.00000	    1.57040
20120926	 976.000000	     -0.906	       0.00	     0.0000	   -0.01044	   -0.00000	    1.57011
20120927	 987.600000	     -0.311	       0.00	     0.0000	    0.01189	    0.00000	    1.56982
20120928	 984.900000	     -0.554	       0.00	     0.0000	   -0.00273	   -0.00000	    1.56952
20121001	 978.500000	     -1.116	       0.00	     0.0000	   -0.00650	   -0.00000	    1.56923
20121002	 984.600000	     -0.825	       0.00	     0.0000	    0.00623	    0.00000	    1.56893
20121003	 983.100000	     -0.968	       0.00	     0.0000	   -0.00152	   -0.00000	    1.56864
20121004	 992.100000	     -0.345	       0.00	     0.0000	    0.00915	    0.00000	    1.56834
20121005	 991.200000	     -0.405	       0.00	     0.0000	   -0.00091	   -0.00000	    1.56805
20121008	 988.600000	     -0.572	       0.00	     0.0000	   -0.00262	   -0.00000	    1.56776
20121009	 979.300000	     -1.230	       0.00	     0.0000	   -0.00941	   -0.00000	    1.56746
20121010	 973.800000	     -1.494	      -1.00	     0.0000	   -0.00562	    0.00562	    1.57487
20121011	 978.500000	     -1.040	       0.00	     0.0000	    0.00483	    0.00000	    1.57457
20121012	 971.000000	     -1.434	      -1.00	     0.0000	   -0.00766	    0.00766	    1.58450
20121015	 980.100000	     -0.733	       0.00	     0.0000	    0.00937	    0.00000	    1.58421
20121016	 990.100000	      0.212	       0.00	     0.0000	    0.01020	    0.00000	    1.58391
20121017	 999.600000	      1.179	       0.00	     0.0000	    0.00959	    0.00000	    1.58362
20121018	 996.200000	      0.987	       0.00	     0.0000	   -0.00340	   -0.00000	    1.58332
20121019	 980.800000	     -0.584	       0.00	     0.0000	   -0.01546	   -0.00000	    1.58302
20121022	 983.000000	     -0.254	       0.00	     0.0000	    0.00224	    0.00000	    1.58273
20121023	 974.900000	     -1.194	       0.00	     0.0000	   -0.00824	   -0.00000	    1.58243
20121024	 972.500000	     -1.360	      -1.00	     0.0000	   -0.00246	    0.00246	    1.58564
20121025	 974.900000	     -1.040	       0.00	     0.0000	    0.00247	    0.00000	    1.58534
20121026	 971.400000	     -1.331	      -1.00	     0.0000	   -0.00359	    0.00359	    1.59008
20121031	 976.500000	     -0.656	       0.00	     0.0000	    0.00525	    0.00000	    1.58978
20121101	 998.600000	      1.744	       1.00	     0.0000	    0.02263	    0.02263	    1.61357
20121102	 981.900000	     -0.096	       0.00	     0.0000	   -0.01672	   -0.00000	    1.61327
20121105	 990.200000	      0.776	       0.00	     0.0000	    0.00845	    0.00000	    1.61297
20121106	 999.100000	      1.631	       1.00	     0.0000	    0.00899	    0.00899	    1.62433
20121107	 974.900000	     -0.808	       0.00	     0.0000	   -0.02422	   -0.00000	    1.62403
20121108	 964.000000	     -1.695	      -1.00	     0.0000	   -0.01118	    0.01118	    1.63776
20121109	 966.900000	     -1.297	      -1.00	     0.0000	    0.00301	   -0.00301	    1.63293
20121112	 966.400000	     -1.269	      -1.00	     0.0000	   -0.00052	    0.00052	    1.63337
20121113	 961.600000	     -1.526	      -1.00	     0.0000	   -0.00497	    0.00497	    1.63984
20121114	 945.700000	     -2.358	      -1.00	     0.0000	   -0.01653	    0.01653	    1.65863
20121115	 942.800000	     -2.129	      -1.00	     0.0000	   -0.00307	    0.00307	    1.66259
20121116	 950.500000	     -1.467	      -1.00	     0.0000	    0.00817	   -0.00817	    1.64930
20121119	 966.900000	     -0.409	       0.00	     0.0000	    0.01725	    0.00000	    1.64899
20121120	 973.700000	      0.098	       0.00	     0.0000	    0.00703	    0.00000	    1.64869
20121121	 975.800000	      0.258	       0.00	     0.0000	    0.00216	    0.00000	    1.64838
20121123	 987.000000	      0.995	       0.00	     0.0000	    0.01148	    0.00000	    1.64808
20121126	 985.700000	      0.857	       0.00	     0.0000	   -0.00132	   -0.00000	    1.64777
