20060724	 1263.500000	      0.227	       0.00	     0.0000	    0.01838	    0.00000	    0.00000
20060725	 1267.500000	      0.436	       0.00	     0.0000	    0.00317	    0.00000	       -nan
20060726	 1269.200000	      0.503	       0.00	     0.0000	    0.00134	    0.00000	       -nan
20060727	 1268.300000	      0.385	       0.00	     0.0000	   -0.00071	   -0.00000	       -nan
20060728	 1280.300000	      1.065	       0.00	     0.0000	    0.00946	    0.00000	       -nan
20060731	 1277.800000	      0.909	       0.00	     0.0000	   -0.00195	   -0.00000	       -nan
20060801	 1272.700000	      0.593	       0.00	     0.0000	   -0.00399	   -0.00000	       -nan
20060802	 1280.200000	      1.108	       0.00	     0.0000	    0.00589	    0.00000	       -nan
20060803	 1283.200000	      1.250	       0.00	     0.0000	    0.00234	    0.00000	       -nan
20060804	 1282.000000	      1.151	       0.00	     0.0000	   -0.00094	   -0.00000	       -nan
20060807	 1278.200000	      0.875	       0.00	     0.0000	   -0.00296	   -0.00000	       -nan
20060808	 1272.800000	      0.539	       0.00	     0.0000	   -0.00422	   -0.00000	       -nan
20060809	 1267.400000	      0.239	       0.00	     0.0000	   -0.00424	   -0.00000	       -nan
20060810	 1271.500000	      0.475	       0.00	     0.0000	    0.00323	    0.00000	       -nan
20060811	 1268.300000	      0.207	       0.00	     0.0000	   -0.00252	   -0.00000	       -nan
20060814	 1269.200000	      0.185	       0.00	     0.0000	    0.00071	    0.00000	       -nan
20060815	 1283.700000	      1.192	       0.00	     0.0000	    0.01142	    0.00000	       -nan
20060816	 1294.900000	      1.954	       1.00	     0.0000	    0.00872	    0.00872	    0.20581
20060817	 1297.000000	      1.848	       1.00	     0.0000	    0.00162	    0.00162	    0.23995
20060818	 1303.100000	      2.058	       1.00	     0.0000	    0.00470	    0.00470	    0.30838
20060821	 1298.300000	      1.720	       1.00	     0.0000	   -0.00368	   -0.00368	    0.21862
20060822	 1298.000000	      1.524	       1.00	     0.0000	   -0.00023	   -0.00023	    0.21411
20060823	 1293.800000	      1.059	       0.00	     0.0000	   -0.00324	   -0.00000	    0.21409
20060824	 1292.100000	      0.830	       0.00	     0.0000	   -0.00131	   -0.00000	    0.21408
20060825	 1293.600000	      0.873	       0.00	     0.0000	    0.00116	    0.00000	    0.21406
20060828	 1299.700000	      1.276	       1.00	     0.0000	    0.00472	    0.00472	    0.27883
20060829	 1301.100000	      1.256	       1.00	     0.0000	    0.00108	    0.00108	    0.29650
20060830	 1301.100000	      1.141	       0.00	     0.0000	    0.00000	    0.00000	    0.29648
20060831	 1301.600000	      1.073	       0.00	     0.0000	    0.00038	    0.00000	    0.29645
20060901	 1308.600000	      1.453	       1.00	     0.0000	    0.00538	    0.00538	    0.35516
20060905	 1310.600000	      1.430	       1.00	     0.0000	    0.00153	    0.00153	    0.37684
20060906	 1298.700000	      0.512	       0.00	     0.0000	   -0.00908	   -0.00000	    0.37681
20060907	 1292.200000	     -0.030	       0.00	     0.0000	   -0.00501	   -0.00000	    0.37678
20060908	 1295.300000	      0.118	       0.00	     0.0000	    0.00240	    0.00000	    0.37675
20060911	 1296.400000	      0.123	       0.00	     0.0000	    0.00085	    0.00000	    0.37672
20060912	 1309.900000	      1.425	       1.00	     0.0000	    0.01041	    0.01041	    0.42255
20060913	 1313.900000	      2.049	       1.00	     0.0000	    0.00305	    0.00305	    0.45267
20060914	 1314.200000	      1.947	       1.00	     0.0000	    0.00023	    0.00023	    0.45537
20060915	 1317.000000	      1.992	       1.00	     0.0000	    0.00213	    0.00213	    0.47744
20060918	 1319.000000	      1.920	       1.00	     0.0000	    0.00152	    0.00152	    0.49375
20060919	 1315.300000	      1.345	       1.00	     0.0000	   -0.00281	   -0.00281	    0.45400
20060920	 1321.300000	      1.752	       1.00	     0.0000	    0.00456	    0.00456	    0.49130
20060921	 1315.100000	      1.007	       0.00	     0.0000	   -0.00469	   -0.00000	    0.49126
20060922	 1310.700000	      0.489	       0.00	     0.0000	   -0.00335	   -0.00000	    0.49122
20060925	 1320.500000	      1.391	       1.00	     0.0000	    0.00748	    0.00748	    0.53246
20060926	 1331.500000	      2.180	       1.00	     0.0000	    0.00833	    0.00833	    0.57035
20060927	 1332.500000	      1.947	       1.00	     0.0000	    0.00075	    0.00075	    0.57724
20060928	 1332.100000	      1.676	       1.00	     0.0000	   -0.00030	   -0.00030	    0.57422
20060929	 1330.200000	      1.361	       1.00	     0.0000	   -0.00143	   -0.00143	    0.55905
20061002	 1325.200000	      0.863	       0.00	     0.0000	   -0.00376	   -0.00000	    0.55900
20061003	 1328.000000	      0.998	       0.00	     0.0000	    0.00211	    0.00000	    0.55896
20061004	 1343.100000	      1.897	       1.00	     0.0000	    0.01137	    0.01137	    0.58968
20061005	 1345.600000	      1.831	       1.00	     0.0000	    0.00186	    0.00186	    0.60373
20061006	 1343.600000	      1.576	       1.00	     0.0000	   -0.00149	   -0.00149	    0.58990
20061009	 1344.000000	      1.505	       1.00	     0.0000	    0.00030	    0.00030	    0.59234
20061010	 1345.500000	      1.542	       1.00	     0.0000	    0.00112	    0.00112	    0.60114
20061011	 1343.900000	      1.287	       1.00	     0.0000	   -0.00119	   -0.00119	    0.59028
20061012	 1355.500000	      1.932	       1.00	     0.0000	    0.00863	    0.00863	    0.62494
20061013	 1358.400000	      1.874	       1.00	     0.0000	    0.00214	    0.00214	    0.63977
20061016	 1360.900000	      1.793	       1.00	     0.0000	    0.00184	    0.00184	    0.65271
20061017	 1356.500000	      1.347	       1.00	     0.0000	   -0.00323	   -0.00323	    0.62216
20061018	 1357.300000	      1.277	       1.00	     0.0000	    0.00059	    0.00059	    0.62659
20061019	 1359.100000	      1.265	       1.00	     0.0000	    0.00133	    0.00133	    0.63616
20061020	 1359.700000	      1.208	       0.00	     0.0000	    0.00044	    0.00000	    0.63611
20061023	 1365.500000	      1.535	       1.00	     0.0000	    0.00427	    0.00427	    0.66084
20061024	 1369.600000	      1.684	       1.00	     0.0000	    0.00300	    0.00300	    0.67972
20061025	 1374.000000	      1.765	       1.00	     0.0000	    0.00321	    0.00321	    0.69937
20061026	 1377.700000	      1.778	       1.00	     0.0000	    0.00269	    0.00269	    0.71633
20061027	 1369.600000	      1.126	       0.00	     0.0000	   -0.00588	   -0.00000	    0.71627
20061030	 1368.000000	      0.935	       0.00	     0.0000	   -0.00117	   -0.00000	    0.71622
20061031	 1368.000000	      0.883	       0.00	     0.0000	    0.00000	    0.00000	    0.71616
20061101	 1357.700000	     -0.051	       0.00	     0.0000	   -0.00753	   -0.00000	    0.71610
20061102	 1356.100000	     -0.271	       0.00	     0.0000	   -0.00118	   -0.00000	    0.71604
20061103	 1353.300000	     -0.602	       0.00	     0.0000	   -0.00206	   -0.00000	    0.71598
20061106	 1368.600000	      0.872	       0.00	     0.0000	    0.01131	    0.00000	    0.71593
20061107	 1373.800000	      1.327	       1.00	     0.0000	    0.00380	    0.00380	    0.73751
20061108	 1376.400000	      1.499	       1.00	     0.0000	    0.00189	    0.00189	    0.74991
20061109	 1368.800000	      0.568	       0.00	     0.0000	   -0.00552	   -0.00000	    0.74985
20061110	 1369.600000	      0.602	       0.00	     0.0000	    0.00058	    0.00000	    0.74979
20061113	 1372.800000	      0.943	       0.00	     0.0000	    0.00234	    0.00000	    0.74973
20061114	 1382.500000	      1.926	       1.00	     0.0000	    0.00707	    0.00707	    0.77717
20061115	 1386.300000	      2.050	       1.00	     0.0000	    0.00275	    0.00275	    0.79336
20061116	 1389.900000	      2.092	       1.00	     0.0000	    0.00260	    0.00260	    0.80873
20061117	 1389.600000	      1.799	       1.00	     0.0000	   -0.00022	   -0.00022	    0.80708
20061120	 1390.100000	      1.639	       1.00	     0.0000	    0.00036	    0.00036	    0.80955
20061121	 1391.000000	      1.526	       1.00	     0.0000	    0.00065	    0.00065	    0.81394
20061122	 1393.200000	      1.526	       1.00	     0.0000	    0.00158	    0.00158	    0.82402
20061124	 1387.700000	      0.982	       0.00	     0.0000	   -0.00395	   -0.00000	    0.82395
20061127	 1368.400000	     -0.563	       0.00	     0.0000	   -0.01391	   -0.00000	    0.82388
20061128	 1373.400000	     -0.171	       0.00	     0.0000	    0.00365	    0.00000	    0.82382
20061129	 1387.000000	      0.861	       0.00	     0.0000	    0.00990	    0.00000	    0.82375
20061130	 1387.700000	      0.836	       0.00	     0.0000	    0.00050	    0.00000	    0.82368
20061201	 1385.200000	      0.563	       0.00	     0.0000	   -0.00180	   -0.00000	    0.82362
20061204	 1395.500000	      1.362	       1.00	     0.0000	    0.00744	    0.00744	    0.84865
20061205	 1401.500000	      1.865	       1.00	     0.0000	    0.00430	    0.00430	    0.86931
20061206	 1399.500000	      1.507	       1.00	     0.0000	   -0.00143	   -0.00143	    0.85842
20061207	 1393.500000	      0.829	       0.00	     0.0000	   -0.00429	   -0.00000	    0.85835
20061208	 1394.900000	      0.881	       0.00	     0.0000	    0.00100	    0.00000	    0.85828
20061211	 1399.500000	      1.247	       0.00	     0.0000	    0.00330	    0.00000	    0.85821
20061212	 1397.700000	      0.992	       0.00	     0.0000	   -0.00129	   -0.00000	    0.85814
20061213	 1399.300000	      1.096	       0.00	     0.0000	    0.00114	    0.00000	    0.85807
20061214	 1410.900000	      2.088	       1.00	     0.0000	    0.00829	    0.00829	    0.88155
20061215	 1410.900000	      1.802	       1.00	     0.0000	    0.00000	    0.00000	    0.88147
20061218	 1407.500000	      1.321	       1.00	     0.0000	   -0.00241	   -0.00241	    0.86280
20061219	 1408.900000	      1.308	       1.00	     0.0000	    0.00099	    0.00099	    0.86886
20061220	 1408.000000	      1.116	       0.00	     0.0000	   -0.00064	   -0.00000	    0.86879
20061221	 1402.500000	      0.582	       0.00	     0.0000	   -0.00391	   -0.00000	    0.86872
20061222	 1393.000000	     -0.247	       0.00	     0.0000	   -0.00677	   -0.00000	    0.86865
20061226	 1401.500000	      0.441	       0.00	     0.0000	    0.00610	    0.00000	    0.86858
20061227	 1409.800000	      1.168	       0.00	     0.0000	    0.00592	    0.00000	    0.86851
20061228	 1406.500000	      0.811	       0.00	     0.0000	   -0.00234	   -0.00000	    0.86844
20061229	 1401.100000	      0.053	       0.00	     0.0000	   -0.00384	   -0.00000	    0.86837
20070103	 1397.500000	     -0.540	       0.00	     0.0000	   -0.00257	   -0.00000	    0.86830
20070104	 1400.200000	     -0.294	       0.00	     0.0000	    0.00193	    0.00000	    0.86823
20070105	 1389.100000	     -1.995	      -1.00	     0.0000	   -0.00793	    0.00793	    0.89184
20070108	 1395.200000	     -0.949	       0.00	     0.0000	    0.00439	    0.00000	    0.89177
20070109	 1393.200000	     -1.172	       0.00	     0.0000	   -0.00143	   -0.00000	    0.89169
20070110	 1397.100000	     -0.626	       0.00	     0.0000	    0.00280	    0.00000	    0.89162
20070111	 1403.600000	      0.320	       0.00	     0.0000	    0.00465	    0.00000	    0.89155
20070112	 1413.500000	      1.649	       1.00	     0.0000	    0.00705	    0.00705	    0.91465
20070116	 1411.400000	      1.211	       0.00	     0.0000	   -0.00149	   -0.00000	    0.91458
20070117	 1411.500000	      1.113	       0.00	     0.0000	    0.00007	    0.00000	    0.91451
20070118	 1405.900000	      0.379	       0.00	     0.0000	   -0.00397	   -0.00000	    0.91443
20070119	 1409.400000	      0.896	       0.00	     0.0000	    0.00249	    0.00000	    0.91436
20070122	 1403.600000	      0.090	       0.00	     0.0000	   -0.00412	   -0.00000	    0.91429
20070123	 1408.100000	      0.752	       0.00	     0.0000	    0.00321	    0.00000	    0.91421
20070124	 1418.900000	      2.023	       1.00	     0.0000	    0.00767	    0.00767	    0.93673
20070125	 1402.000000	     -0.188	       0.00	     0.0000	   -0.01191	   -0.00000	    0.93665
20070126	 1400.200000	     -0.490	       0.00	     0.0000	   -0.00128	   -0.00000	    0.93658
20070129	 1398.900000	     -0.646	       0.00	     0.0000	   -0.00093	   -0.00000	    0.93650
20070130	 1406.700000	      0.440	       0.00	     0.0000	    0.00558	    0.00000	    0.93643
20070131	 1415.700000	      1.524	       1.00	     0.0000	    0.00640	    0.00640	    0.95809
20070201	 1423.500000	      2.106	       1.00	     0.0000	    0.00551	    0.00551	    0.97836
20070202	 1425.800000	      2.006	       1.00	     0.0000	    0.00162	    0.00162	    0.98674
20070205	 1426.400000	      1.788	       1.00	     0.0000	    0.00042	    0.00042	    0.98907
20070206	 1426.000000	      1.608	       1.00	     0.0000	   -0.00028	   -0.00028	    0.98730
20070207	 1428.400000	      1.646	       1.00	     0.0000	    0.00168	    0.00168	    0.99597
20070208	 1426.600000	      1.364	       1.00	     0.0000	   -0.00126	   -0.00126	    0.98783
20070209	 1415.600000	      0.225	       0.00	     0.0000	   -0.00771	   -0.00000	    0.98775
20070212	 1410.600000	     -0.333	       0.00	     0.0000	   -0.00353	   -0.00000	    0.98767
20070213	 1422.100000	      0.824	       0.00	     0.0000	    0.00815	    0.00000	    0.98759
20070214	 1431.300000	      1.571	       1.00	     0.0000	    0.00647	    0.00647	    1.00826
20070215	 1432.300000	      1.483	       1.00	     0.0000	    0.00070	    0.00070	    1.01202
20070216	 1431.600000	      1.279	       1.00	     0.0000	   -0.00049	   -0.00049	    1.00902
20070220	 1434.500000	      1.377	       1.00	     0.0000	    0.00203	    0.00203	    1.01898
20070221	 1433.100000	      1.146	       0.00	     0.0000	   -0.00098	   -0.00000	    1.01890
20070222	 1431.900000	      0.948	       0.00	     0.0000	   -0.00084	   -0.00000	    1.01881
20070223	 1426.500000	      0.442	       0.00	     0.0000	   -0.00377	   -0.00000	    1.01873
20070226	 1425.300000	      0.261	       0.00	     0.0000	   -0.00084	   -0.00000	    1.01865
20070227	 1368.000000	     -3.464	      -1.00	     0.0000	   -0.04020	    0.04020	    0.82671
20070228	 1381.600000	     -2.279	      -1.00	     0.0000	    0.00994	   -0.00994	    0.77553
20070301	 1377.600000	     -2.153	      -1.00	     0.0000	   -0.00290	    0.00290	    0.78520
20070302	 1358.500000	     -2.478	      -1.00	     0.0000	   -0.01386	    0.01386	    0.81122
20070305	 1344.900000	     -2.421	      -1.00	     0.0000	   -0.01001	    0.01001	    0.83435
20070306	 1368.100000	     -1.417	      -1.00	     0.0000	    0.01725	   -0.01725	    0.73980
20070307	 1365.900000	     -1.339	      -1.00	     0.0000	   -0.00161	    0.00161	    0.74496
20070308	 1377.500000	     -0.874	       0.00	     0.0000	    0.00849	    0.00000	    0.74490
20070309	 1377.600000	     -0.791	       0.00	     0.0000	    0.00007	    0.00000	    0.74484
20070312	 1379.700000	     -0.654	       0.00	     0.0000	    0.00152	    0.00000	    0.74478
20070313	 1352.100000	     -1.391	      -1.00	     0.0000	   -0.02000	    0.02000	    0.77093
20070314	 1361.900000	     -0.992	       0.00	     0.0000	    0.00725	    0.00000	    0.77086
20070315	 1363.600000	     -0.854	       0.00	     0.0000	    0.00125	    0.00000	    0.77080
20070316	 1359.200000	     -0.900	       0.00	     0.0000	   -0.00323	   -0.00000	    0.77074
20070319	 1376.000000	     -0.310	       0.00	     0.0000	    0.01236	    0.00000	    0.77068
20070320	 1383.600000	      0.014	       0.00	     0.0000	    0.00552	    0.00000	    0.77062
20070321	 1405.200000	      0.874	       0.00	     0.0000	    0.01561	    0.00000	    0.77056
20070322	 1405.200000	      1.001	       0.00	     0.0000	    0.00000	    0.00000	    0.77050
20070323	 1407.200000	      1.233	       0.00	     0.0000	    0.00142	    0.00000	    0.77043
20070326	 1405.500000	      1.305	       1.00	     0.0000	   -0.00121	   -0.00121	    0.76632
20070327	 1400.800000	      1.269	       1.00	     0.0000	   -0.00334	   -0.00334	    0.75439
20070328	 1389.800000	      0.621	       0.00	     0.0000	   -0.00785	   -0.00000	    0.75433
20070329	 1391.700000	      0.689	       0.00	     0.0000	    0.00137	    0.00000	    0.75427
20070330	 1391.400000	      0.632	       0.00	     0.0000	   -0.00022	   -0.00000	    0.75421
20070402	 1393.500000	      0.668	       0.00	     0.0000	    0.00151	    0.00000	    0.75415
20070403	 1407.400000	      1.327	       1.00	     0.0000	    0.00997	    0.00997	    0.77664
20070404	 1408.700000	      1.263	       1.00	     0.0000	    0.00092	    0.00092	    0.77944
20070405	 1412.900000	      1.348	       1.00	     0.0000	    0.00298	    0.00298	    0.78803
20070409	 1414.700000	      1.300	       1.00	     0.0000	    0.00127	    0.00127	    0.79187
20070410	 1416.200000	      1.243	       0.00	     0.0000	    0.00106	    0.00000	    0.79180
20070411	 1408.800000	      0.791	       0.00	     0.0000	   -0.00523	   -0.00000	    0.79174
20070412	 1415.700000	      1.085	       0.00	     0.0000	    0.00490	    0.00000	    0.79168
20070413	 1421.500000	      1.322	       1.00	     0.0000	    0.00410	    0.00410	    0.80301
20070416	 1435.600000	      1.976	       1.00	     0.0000	    0.00992	    0.00992	    0.82464
20070417	 1439.200000	      2.124	       1.00	     0.0000	    0.00251	    0.00251	    0.83183
20070418	 1440.500000	      1.996	       1.00	     0.0000	    0.00090	    0.00090	    0.83451
20070419	 1440.500000	      1.794	       1.00	     0.0000	    0.00000	    0.00000	    0.83445
20070420	 1453.300000	      2.148	       1.00	     0.0000	    0.00889	    0.00889	    0.85428
20070423	 1448.500000	      1.650	       1.00	     0.0000	   -0.00330	   -0.00330	    0.84288
20070424	 1448.700000	      1.475	       1.00	     0.0000	    0.00014	    0.00014	    0.84324
20070425	 1461.000000	      1.791	       1.00	     0.0000	    0.00849	    0.00849	    0.86233
20070426	 1463.000000	      1.654	       1.00	     0.0000	    0.00137	    0.00137	    0.86629
20070427	 1462.200000	      1.471	       1.00	     0.0000	   -0.00055	   -0.00055	    0.86451
20070430	 1448.600000	      0.818	       0.00	     0.0000	   -0.00930	   -0.00000	    0.86444
20070501	 1452.900000	      0.933	       0.00	     0.0000	    0.00297	    0.00000	    0.86437
20070502	 1461.300000	      1.245	       0.00	     0.0000	    0.00578	    0.00000	    0.86430
20070503	 1468.500000	      1.456	       1.00	     0.0000	    0.00493	    0.00493	    0.87696
20070504	 1474.400000	      1.583	       1.00	     0.0000	    0.00402	    0.00402	    0.88759
20070507	 1474.500000	      1.444	       1.00	     0.0000	    0.00007	    0.00007	    0.88772
20070508	 1472.400000	      1.231	       0.00	     0.0000	   -0.00142	   -0.00000	    0.88765
20070509	 1475.800000	      1.293	       1.00	     0.0000	    0.00231	    0.00231	    0.89411
20070510	 1459.400000	      0.368	       0.00	     0.0000	   -0.01111	   -0.00000	    0.89404
20070511	 1472.400000	      1.103	       0.00	     0.0000	    0.00891	    0.00000	    0.89397
20070514	 1468.900000	      0.829	       0.00	     0.0000	   -0.00238	   -0.00000	    0.89390
20070515	 1468.600000	      0.736	       0.00	     0.0000	   -0.00020	   -0.00000	    0.89383
20070516	 1478.200000	      1.418	       1.00	     0.0000	    0.00654	    0.00654	    0.90937
20070517	 1475.400000	      1.102	       0.00	     0.0000	   -0.00189	   -0.00000	    0.90930
20070518	 1488.100000	      2.053	       1.00	     0.0000	    0.00861	    0.00861	    0.92776
20070521	 1488.100000	      1.793	       1.00	     0.0000	    0.00000	    0.00000	    0.92769
20070522	 1485.500000	      1.440	       1.00	     0.0000	   -0.00175	   -0.00175	    0.92203
20070523	 1485.700000	      1.355	       1.00	     0.0000	    0.00013	    0.00013	    0.92236
20070524	 1471.800000	      0.053	       0.00	     0.0000	   -0.00936	   -0.00000	    0.92229
20070525	 1477.500000	      0.520	       0.00	     0.0000	    0.00387	    0.00000	    0.92221
20070529	 1482.700000	      0.912	       0.00	     0.0000	    0.00352	    0.00000	    0.92214
20070530	 1494.100000	      1.870	       1.00	     0.0000	    0.00769	    0.00769	    0.93917
20070531	 1493.100000	      1.686	       1.00	     0.0000	   -0.00067	   -0.00067	    0.93704
20070601	 1499.800000	      2.081	       1.00	     0.0000	    0.00449	    0.00449	    0.94835
20070604	 1500.500000	      1.860	       1.00	     0.0000	    0.00047	    0.00047	    0.94964
20070605	 1493.900000	      1.135	       0.00	     0.0000	   -0.00440	   -0.00000	    0.94957
20070606	 1476.600000	     -0.429	       0.00	     0.0000	   -0.01158	   -0.00000	    0.94949
20070607	 1449.500000	     -2.371	      -1.00	     0.0000	   -0.01835	    0.01835	    0.96956
20070608	 1468.100000	     -0.893	       0.00	     0.0000	    0.01283	    0.00000	    0.96948
20070611	 1470.700000	     -0.776	       0.00	     0.0000	    0.00177	    0.00000	    0.96941
20070612	 1453.000000	     -1.918	      -1.00	     0.0000	   -0.01204	    0.01204	    0.98971
20070613	 1475.700000	     -0.303	       0.00	     0.0000	    0.01562	    0.00000	    0.98963
20070614	 1485.000000	      0.326	       0.00	     0.0000	    0.00630	    0.00000	    0.98955
20070615	 1493.200000	      0.866	       0.00	     0.0000	    0.00552	    0.00000	    0.98948
20070618	 1491.400000	      0.675	       0.00	     0.0000	   -0.00121	   -0.00000	    0.98940
20070619	 1494.400000	      0.858	       0.00	     0.0000	    0.00201	    0.00000	    0.98932
20070620	 1472.500000	     -0.649	       0.00	     0.0000	   -0.01465	   -0.00000	    0.98924
20070621	 1481.300000	     -0.011	       0.00	     0.0000	    0.00598	    0.00000	    0.98916
20070622	 1466.000000	     -1.007	       0.00	     0.0000	   -0.01033	   -0.00000	    0.98909
20070625	 1459.100000	     -1.382	      -1.00	     0.0000	   -0.00471	    0.00471	    1.00023
20070626	 1443.300000	     -2.052	      -1.00	     0.0000	   -0.01083	    0.01083	    1.01928
20070627	 1464.400000	     -0.753	       0.00	     0.0000	    0.01462	    0.00000	    1.01920
20070628	 1462.700000	     -0.772	       0.00	     0.0000	   -0.00116	   -0.00000	    1.01911
20070629	 1460.900000	     -0.796	       0.00	     0.0000	   -0.00123	   -0.00000	    1.01903
20070702	 1476.500000	      0.203	       0.00	     0.0000	    0.01068	    0.00000	    1.01895
20070703	 1481.700000	      0.630	       0.00	     0.0000	    0.00352	    0.00000	    1.01887
20070705	 1480.100000	      0.595	       0.00	     0.0000	   -0.00108	   -0.00000	    1.01879
20070706	 1488.000000	      1.085	       0.00	     0.0000	    0.00534	    0.00000	    1.01871
20070709	 1488.000000	      1.000	       0.00	     0.0000	    0.00000	    0.00000	    1.01863
20070710	 1465.500000	     -0.606	       0.00	     0.0000	   -0.01512	   -0.00000	    1.01855
20070711	 1476.600000	      0.168	       0.00	     0.0000	    0.00757	    0.00000	    1.01847
20070712	 1501.200000	      1.729	       1.00	     0.0000	    0.01666	    0.01666	    1.03796
20070713	 1505.600000	      1.771	       1.00	     0.0000	    0.00293	    0.00293	    1.04507
20070716	 1505.200000	      1.579	       1.00	     0.0000	   -0.00027	   -0.00027	    1.04426
20070717	 1504.200000	      1.433	       1.00	     0.0000	   -0.00066	   -0.00066	    1.04232
20070718	 1500.300000	      1.155	       0.00	     0.0000	   -0.00259	   -0.00000	    1.04224
20070719	 1505.300000	      1.362	       1.00	     0.0000	    0.00333	    0.00333	    1.05020
20070720	 1490.600000	      0.510	       0.00	     0.0000	   -0.00977	   -0.00000	    1.05012
20070723	 1494.500000	      0.680	       0.00	     0.0000	    0.00262	    0.00000	    1.05004
20070724	 1468.000000	     -0.758	       0.00	     0.0000	   -0.01773	   -0.00000	    1.04995
20070725	 1470.200000	     -0.687	       0.00	     0.0000	    0.00150	    0.00000	    1.04987
20070726	 1433.400000	     -2.547	      -1.00	     0.0000	   -0.02503	    0.02503	    1.05963
20070727	 1403.500000	     -2.969	      -1.00	     0.0000	   -0.02086	    0.02086	    1.07608
20070730	 1426.200000	     -1.842	      -1.00	     0.0000	    0.01617	   -0.01617	    1.01560
20070731	 1407.400000	     -2.136	      -1.00	     0.0000	   -0.01318	    0.01318	    1.03477
20070801	 1415.400000	     -1.657	      -1.00	     0.0000	    0.00568	   -0.00568	    1.01859
20070802	 1427.200000	     -1.191	       0.00	     0.0000	    0.00834	    0.00000	    1.01851
20070803	 1388.500000	     -1.940	      -1.00	     0.0000	   -0.02712	    0.02712	    1.03144
20070806	 1413.200000	     -1.188	       0.00	     0.0000	    0.01779	    0.00000	    1.03135
20070807	 1427.900000	     -0.753	       0.00	     0.0000	    0.01040	    0.00000	    1.03127
20070808	 1449.400000	     -0.206	       0.00	     0.0000	    0.01506	    0.00000	    1.03119
20070809	 1403.400000	     -1.207	       0.00	     0.0000	   -0.03174	   -0.00000	    1.03111
20070810	 1396.500000	     -1.242	       0.00	     0.0000	   -0.00492	   -0.00000	    1.03103
20070813	 1400.600000	     -1.047	       0.00	     0.0000	    0.00294	    0.00000	    1.03095
20070814	 1379.800000	     -1.408	      -1.00	     0.0000	   -0.01485	    0.01485	    1.05020
20070815	 1359.900000	     -1.701	      -1.00	     0.0000	   -0.01442	    0.01442	    1.06897
20070816	 1370.000000	     -1.347	      -1.00	     0.0000	    0.00743	   -0.00743	    1.04877
20070817	 1395.400000	     -0.664	       0.00	     0.0000	    0.01854	    0.00000	    1.04868
20070820	 1394.600000	     -0.618	       0.00	     0.0000	   -0.00057	   -0.00000	    1.04860
20070821	 1395.800000	     -0.522	       0.00	     0.0000	    0.00086	    0.00000	    1.04852
20070822	 1414.200000	      0.234	       0.00	     0.0000	    0.01318	    0.00000	    1.04844
20070823	 1411.900000	      0.303	       0.00	     0.0000	   -0.00163	   -0.00000	    1.04835
20070824	 1429.100000	      1.133	       0.00	     0.0000	    0.01218	    0.00000	    1.04827
20070827	 1415.300000	      0.449	       0.00	     0.0000	   -0.00966	   -0.00000	    1.04819
20070828	 1383.800000	     -0.944	       0.00	     0.0000	   -0.02226	   -0.00000	    1.04811
20070829	 1410.900000	      0.328	       0.00	     0.0000	    0.01958	    0.00000	    1.04802
20070830	 1407.100000	      0.169	       0.00	     0.0000	   -0.00269	   -0.00000	    1.04794
20070831	 1422.200000	      0.908	       0.00	     0.0000	    0.01073	    0.00000	    1.04786
20070904	 1435.100000	      1.368	       1.00	     0.0000	    0.00907	    0.00907	    1.06269
20070905	 1422.100000	      0.739	       0.00	     0.0000	   -0.00906	   -0.00000	    1.06261
20070906	 1425.100000	      0.888	       0.00	     0.0000	    0.00211	    0.00000	    1.06253
20070907	 1405.300000	      0.082	       0.00	     0.0000	   -0.01389	   -0.00000	    1.06244
20070910	 1400.800000	     -0.145	       0.00	     0.0000	   -0.00320	   -0.00000	    1.06236
20070911	 1418.300000	      0.701	       0.00	     0.0000	    0.01249	    0.00000	    1.06228
20070912	 1421.700000	      0.811	       0.00	     0.0000	    0.00240	    0.00000	    1.06219
20070913	 1430.400000	      1.141	       0.00	     0.0000	    0.00612	    0.00000	    1.06211
20070914	 1430.500000	      1.139	       0.00	     0.0000	    0.00007	    0.00000	    1.06203
20070917	 1422.300000	      0.602	       0.00	     0.0000	   -0.00573	   -0.00000	    1.06195
20070918	 1465.600000	      2.794	       1.00	     0.0000	    0.03044	    0.03044	    1.07133
20070919	 1473.900000	      2.582	       1.00	     0.0000	    0.00566	    0.00566	    1.08128
20070920	 1464.300000	      1.846	       1.00	     0.0000	   -0.00651	   -0.00651	    1.06511
20070921	 1466.900000	      1.711	       1.00	     0.0000	    0.00178	    0.00178	    1.06856
20070924	 1464.200000	      1.424	       1.00	     0.0000	   -0.00184	   -0.00184	    1.06443
20070925	 1461.400000	      1.199	       0.00	     0.0000	   -0.00191	   -0.00000	    1.06435
20070926	 1468.700000	      1.332	       1.00	     0.0000	    0.00500	    0.00500	    1.07328
20070927	 1477.100000	      1.534	       1.00	     0.0000	    0.00572	    0.00572	    1.08325
20070928	 1470.600000	      1.162	       0.00	     0.0000	   -0.00440	   -0.00000	    1.08316
20071001	 1489.100000	      1.672	       1.00	     0.0000	    0.01258	    0.01258	    1.10009
20071002	 1487.100000	      1.426	       1.00	     0.0000	   -0.00134	   -0.00134	    1.09712
20071003	 1483.200000	      1.165	       0.00	     0.0000	   -0.00262	   -0.00000	    1.09703
20071004	 1484.700000	      1.105	       0.00	     0.0000	    0.00101	    0.00000	    1.09695
20071005	 1503.200000	      1.551	       1.00	     0.0000	    0.01246	    0.01246	    1.11361
20071008	 1495.200000	      1.194	       0.00	     0.0000	   -0.00532	   -0.00000	    1.11352
20071009	 1508.700000	      1.578	       1.00	     0.0000	    0.00903	    0.00903	    1.12723
20071010	 1505.800000	      1.368	       1.00	     0.0000	   -0.00192	   -0.00192	    1.12301
20071011	 1497.700000	      0.988	       0.00	     0.0000	   -0.00538	   -0.00000	    1.12292
20071012	 1507.100000	      1.286	       1.00	     0.0000	    0.00628	    0.00628	    1.13337
20071015	 1492.700000	      0.596	       0.00	     0.0000	   -0.00955	   -0.00000	    1.13328
20071016	 1480.100000	     -0.198	       0.00	     0.0000	   -0.00844	   -0.00000	    1.13319
20071017	 1484.900000	      0.051	       0.00	     0.0000	    0.00324	    0.00000	    1.13310
20071018	 1479.300000	     -0.339	       0.00	     0.0000	   -0.00377	   -0.00000	    1.13301
20071019	 1438.300000	     -2.551	      -1.00	     0.0000	   -0.02772	    0.02772	    1.14549
20071022	 1445.900000	     -1.899	      -1.00	     0.0000	    0.00528	   -0.00528	    1.13354
20071023	 1457.900000	     -1.233	       0.00	     0.0000	    0.00830	    0.00000	    1.13345
20071024	 1454.400000	     -1.366	      -1.00	     0.0000	   -0.00240	    0.00240	    1.13776
20071025	 1457.600000	     -1.149	       0.00	     0.0000	    0.00220	    0.00000	    1.13767
20071026	 1475.100000	     -0.284	       0.00	     0.0000	    0.01201	    0.00000	    1.13758
20071029	 1479.500000	     -0.089	       0.00	     0.0000	    0.00298	    0.00000	    1.13749
20071030	 1468.500000	     -0.581	       0.00	     0.0000	   -0.00743	   -0.00000	    1.13741
20071031	 1487.400000	      0.347	       0.00	     0.0000	    0.01287	    0.00000	    1.13732
20071101	 1448.300000	     -1.413	      -1.00	     0.0000	   -0.02629	    0.02629	    1.15185
20071102	 1450.100000	     -1.207	       0.00	     0.0000	    0.00124	    0.00000	    1.15176
20071105	 1437.900000	     -1.564	      -1.00	     0.0000	   -0.00841	    0.00841	    1.16400
20071106	 1457.500000	     -0.643	       0.00	     0.0000	    0.01363	    0.00000	    1.16391
20071107	 1415.300000	     -2.153	      -1.00	     0.0000	   -0.02895	    0.02895	    1.17607
20071108	 1408.000000	     -2.119	      -1.00	     0.0000	   -0.00516	    0.00516	    1.18411
20071109	 1387.400000	     -2.384	      -1.00	     0.0000	   -0.01463	    0.01463	    1.20026
20071112	 1372.700000	     -2.407	      -1.00	     0.0000	   -0.01060	    0.01060	    1.21388
20071113	 1415.800000	     -0.993	       0.00	     0.0000	    0.03140	    0.00000	    1.21378
20071114	 1410.600000	     -1.050	       0.00	     0.0000	   -0.00367	   -0.00000	    1.21369
20071115	 1390.400000	     -1.506	      -1.00	     0.0000	   -0.01432	    0.01432	    1.22939
20071116	 1392.700000	     -1.301	      -1.00	     0.0000	    0.00165	   -0.00165	    1.22621
20071119	 1370.000000	     -1.734	      -1.00	     0.0000	   -0.01630	    0.01630	    1.24237
20071120	 1378.400000	     -1.348	      -1.00	     0.0000	    0.00613	   -0.00613	    1.22966
20071121	 1350.300000	     -1.808	      -1.00	     0.0000	   -0.02039	    0.02039	    1.24590
20071123	 1374.400000	     -1.104	       0.00	     0.0000	    0.01785	    0.00000	    1.24581
20071126	 1341.800000	     -1.658	      -1.00	     0.0000	   -0.02372	    0.02372	    1.26090
20071127	 1358.900000	     -1.162	       0.00	     0.0000	    0.01274	    0.00000	    1.26080
20071128	 1403.100000	     -0.064	       0.00	     0.0000	    0.03253	    0.00000	    1.26071
20071129	 1403.900000	      0.034	       0.00	     0.0000	    0.00057	    0.00000	    1.26061
20071130	 1416.200000	      0.522	       0.00	     0.0000	    0.00876	    0.00000	    1.26051
20071203	 1408.000000	      0.349	       0.00	     0.0000	   -0.00579	   -0.00000	    1.26041
20071204	 1395.800000	      0.038	       0.00	     0.0000	   -0.00866	   -0.00000	    1.26031
20071205	 1419.400000	      0.948	       0.00	     0.0000	    0.01691	    0.00000	    1.26022
20071206	 1440.000000	      1.873	       1.00	     0.0000	    0.01451	    0.01451	    1.27530
20071207	 1439.800000	      1.709	       1.00	     0.0000	   -0.00014	   -0.00014	    1.27496
20071210	 1451.300000	      1.875	       1.00	     0.0000	    0.00799	    0.00799	    1.28548
20071211	 1410.600000	      0.450	       0.00	     0.0000	   -0.02804	   -0.00000	    1.28538
20071212	 1422.700000	      0.782	       0.00	     0.0000	    0.00858	    0.00000	    1.28528
20071213	 1420.600000	      0.699	       0.00	     0.0000	   -0.00148	   -0.00000	    1.28518
20071214	 1400.500000	      0.035	       0.00	     0.0000	   -0.01415	   -0.00000	    1.28508
20071217	 1379.000000	     -0.671	       0.00	     0.0000	   -0.01535	   -0.00000	    1.28498
20071218	 1388.700000	     -0.337	       0.00	     0.0000	    0.00703	    0.00000	    1.28488
20071219	 1387.100000	     -0.427	       0.00	     0.0000	   -0.00115	   -0.00000	    1.28478
20071220	 1396.900000	     -0.123	       0.00	     0.0000	    0.00707	    0.00000	    1.28468
20071221	 1420.200000	      0.617	       0.00	     0.0000	    0.01668	    0.00000	    1.28458
20071224	 1428.800000	      0.854	       0.00	     0.0000	    0.00606	    0.00000	    1.28449
20071226	 1431.900000	      0.954	       0.00	     0.0000	    0.00217	    0.00000	    1.28439
20071227	 1412.000000	     -0.062	       0.00	     0.0000	   -0.01390	   -0.00000	    1.28429
20071228	 1407.700000	     -0.303	       0.00	     0.0000	   -0.00305	   -0.00000	    1.28419
20071231	 1399.400000	     -0.728	       0.00	     0.0000	   -0.00590	   -0.00000	    1.28409
20080102	 1380.600000	     -1.530	      -1.00	     0.0000	   -0.01343	    0.01343	    1.29845
20080103	 1380.900000	     -1.378	      -1.00	     0.0000	    0.00022	   -0.00022	    1.29799
20080104	 1345.100000	     -2.464	      -1.00	     0.0000	   -0.02593	    0.02593	    1.31122
20080107	 1343.700000	     -2.097	      -1.00	     0.0000	   -0.00104	    0.00104	    1.31278
20080108	 1319.200000	     -2.395	      -1.00	     0.0000	   -0.01823	    0.01823	    1.32803
20080109	 1333.800000	     -1.727	      -1.00	     0.0000	    0.01107	   -0.01107	    1.30486
20080110	 1343.200000	     -1.345	      -1.00	     0.0000	    0.00705	   -0.00705	    1.29135
20080111	 1330.000000	     -1.539	      -1.00	     0.0000	   -0.00983	    0.00983	    1.30305
20080114	 1342.500000	     -1.077	       0.00	     0.0000	    0.00940	    0.00000	    1.30295
20080115	 1310.200000	     -1.748	      -1.00	     0.0000	   -0.02406	    0.02406	    1.31747
20080116	 1298.300000	     -1.789	      -1.00	     0.0000	   -0.00908	    0.00908	    1.32834
20080117	 1261.900000	     -2.206	      -1.00	     0.0000	   -0.02804	    0.02804	    1.34059
20080118	 1247.500000	     -2.094	      -1.00	     0.0000	   -0.01141	    0.01141	    1.35290
20080122	 1231.500000	     -2.017	      -1.00	     0.0000	   -0.01283	    0.01283	    1.36596
