19930114	   1.591500	     -1.275	      -1.00	     0.0000	    0.00378	   -0.00378	    0.00000
19930115	   1.594300	     -1.069	       0.00	     0.0000	    0.00176	    0.00000	   -0.27322
19930118	   1.593900	     -1.031	       0.00	     0.0000	   -0.00025	   -0.00000	   -0.27318
19930119	   1.590000	     -1.100	       0.00	     0.0000	   -0.00245	   -0.00000	   -0.27314
19930120	   1.577400	     -1.475	      -1.00	     0.0000	   -0.00792	    0.00792	    0.12874
19930121	   1.580600	     -1.210	       0.00	     0.0000	    0.00203	    0.00000	    0.12872
19930122	   1.580800	     -1.096	       0.00	     0.0000	    0.00013	    0.00000	    0.12870
19930125	   1.606200	      0.029	       0.00	     0.0000	    0.01607	    0.00000	    0.12869
19930126	   1.610100	      0.327	       0.00	     0.0000	    0.00243	    0.00000	    0.12867
19930127	   1.606000	      0.241	       0.00	     0.0000	   -0.00255	   -0.00000	    0.12865
19930128	   1.624300	      1.382	       1.00	     0.0000	    0.01139	    0.01139	    0.29466
19930129	   1.620200	      1.309	       1.00	     0.0000	   -0.00252	   -0.00252	    0.24303
19930201	   1.622100	      1.567	       1.00	     0.0000	    0.00117	    0.00117	    0.26405
19930202	   1.613400	      0.952	       0.00	     0.0000	   -0.00536	   -0.00000	    0.26401
19930203	   1.614600	      1.066	       0.00	     0.0000	    0.00074	    0.00000	    0.26397
19930204	   1.621400	      1.410	       1.00	     0.0000	    0.00421	    0.00421	    0.32901
19930205	   1.623400	      1.385	       1.00	     0.0000	    0.00123	    0.00123	    0.34989
19930208	   1.621800	      1.167	       0.00	     0.0000	   -0.00099	   -0.00000	    0.34984
19930209	   1.618200	      0.866	       0.00	     0.0000	   -0.00222	   -0.00000	    0.34979
19930210	   1.621100	      0.948	       0.00	     0.0000	    0.00179	    0.00000	    0.34974
19930211	   1.621300	      0.874	       0.00	     0.0000	    0.00012	    0.00000	    0.34969
19930212	   1.611100	      0.185	       0.00	     0.0000	   -0.00629	   -0.00000	    0.34964
19930216	   1.606200	     -0.167	       0.00	     0.0000	   -0.00304	   -0.00000	    0.34959
19930217	   1.601100	     -0.531	       0.00	     0.0000	   -0.00318	   -0.00000	    0.34954
19930218	   1.600300	     -0.638	       0.00	     0.0000	   -0.00050	   -0.00000	    0.34949
19930219	   1.608000	     -0.243	       0.00	     0.0000	    0.00481	    0.00000	    0.34944
19930222	   1.619700	      0.640	       0.00	     0.0000	    0.00728	    0.00000	    0.34939
19930223	   1.627500	      1.519	       1.00	     0.0000	    0.00482	    0.00482	    0.41501
19930224	   1.630500	      1.667	       1.00	     0.0000	    0.00184	    0.00184	    0.44334
19930225	   1.641000	      2.336	       1.00	     0.0000	    0.00644	    0.00644	    0.51265
19930226	   1.634600	      1.516	       1.00	     0.0000	   -0.00390	   -0.00390	    0.44048
19930302	   1.630600	      1.068	       0.00	     0.0000	   -0.00245	   -0.00000	    0.44041
19930303	   1.635700	      1.406	       1.00	     0.0000	    0.00313	    0.00313	    0.48081
19930304	   1.652200	      2.341	       1.00	     0.0000	    0.01009	    0.01009	    0.55245
19930305	   1.646600	      1.672	       1.00	     0.0000	   -0.00339	   -0.00339	    0.50112
19930308	   1.635000	      0.770	       0.00	     0.0000	   -0.00704	   -0.00000	    0.50104
19930309	   1.636600	      0.818	       0.00	     0.0000	    0.00098	    0.00000	    0.50097
19930310	   1.634600	      0.635	       0.00	     0.0000	   -0.00122	   -0.00000	    0.50090
19930311	   1.627300	      0.112	       0.00	     0.0000	   -0.00447	   -0.00000	    0.50083
19930312	   1.636100	      0.659	       0.00	     0.0000	    0.00541	    0.00000	    0.50076
19930315	   1.626900	      0.007	       0.00	     0.0000	   -0.00562	   -0.00000	    0.50069
19930316	   1.635000	      0.520	       0.00	     0.0000	    0.00498	    0.00000	    0.50062
19930317	   1.632800	      0.307	       0.00	     0.0000	   -0.00135	   -0.00000	    0.50055
19930318	   1.637800	      0.590	       0.00	     0.0000	    0.00306	    0.00000	    0.50048
19930319	   1.634300	      0.238	       0.00	     0.0000	   -0.00214	   -0.00000	    0.50040
19930322	   1.625800	     -0.770	       0.00	     0.0000	   -0.00520	   -0.00000	    0.50033
19930323	   1.635200	      0.157	       0.00	     0.0000	    0.00578	    0.00000	    0.50026
19930324	   1.637100	      0.347	       0.00	     0.0000	    0.00116	    0.00000	    0.50019
19930325	   1.639500	      0.654	       0.00	     0.0000	    0.00147	    0.00000	    0.50012
19930326	   1.638900	      0.497	       0.00	     0.0000	   -0.00037	   -0.00000	    0.50005
19930329	   1.635500	     -0.021	       0.00	     0.0000	   -0.00207	   -0.00000	    0.49998
19930330	   1.631300	     -0.691	       0.00	     0.0000	   -0.00257	   -0.00000	    0.49991
19930331	   1.633700	     -0.322	       0.00	     0.0000	    0.00147	    0.00000	    0.49984
19930401	   1.639100	      0.555	       0.00	     0.0000	    0.00331	    0.00000	    0.49977
19930402	   1.645000	      1.859	       1.00	     0.0000	    0.00360	    0.00360	    0.53841
19930405	   1.642100	      1.453	       1.00	     0.0000	   -0.00176	   -0.00176	    0.51408
19930406	   1.632100	     -0.623	       0.00	     0.0000	   -0.00609	   -0.00000	    0.51401
19930407	   1.638100	      0.612	       0.00	     0.0000	    0.00368	    0.00000	    0.51394
19930408	   1.632500	     -0.526	       0.00	     0.0000	   -0.00342	   -0.00000	    0.51387
19930412	   1.637800	      0.495	       0.00	     0.0000	    0.00325	    0.00000	    0.51379
19930413	   1.633500	     -0.423	       0.00	     0.0000	   -0.00263	   -0.00000	    0.51372
19930414	   1.632700	     -0.718	       0.00	     0.0000	   -0.00049	   -0.00000	    0.51365
19930415	   1.631800	     -0.880	       0.00	     0.0000	   -0.00055	   -0.00000	    0.51358
19930416	   1.631300	     -0.966	       0.00	     0.0000	   -0.00031	   -0.00000	    0.51350
19930419	   1.627500	     -1.620	      -1.00	     0.0000	   -0.00233	    0.00233	    0.53980
19930420	   1.623900	     -2.030	      -1.00	     0.0000	   -0.00221	    0.00221	    0.56465
19930421	   1.624400	     -1.876	      -1.00	     0.0000	    0.00031	   -0.00031	    0.56065
19930422	   1.621000	     -2.094	      -1.00	     0.0000	   -0.00209	    0.00209	    0.58410
19930423	   1.630800	     -0.437	       0.00	     0.0000	    0.00605	    0.00000	    0.58402
19930426	   1.630300	     -0.457	       0.00	     0.0000	   -0.00031	   -0.00000	    0.58394
19930427	   1.626400	     -1.012	       0.00	     0.0000	   -0.00239	   -0.00000	    0.58385
19930428	   1.626500	     -0.909	       0.00	     0.0000	    0.00006	    0.00000	    0.58377
19930429	   1.636200	      0.651	       0.00	     0.0000	    0.00596	    0.00000	    0.58369
19930430	   1.631400	     -0.117	       0.00	     0.0000	   -0.00293	   -0.00000	    0.58361
19930503	   1.631800	      0.006	       0.00	     0.0000	    0.00025	    0.00000	    0.58352
19930504	   1.628800	     -0.433	       0.00	     0.0000	   -0.00184	   -0.00000	    0.58344
19930505	   1.630300	     -0.030	       0.00	     0.0000	    0.00092	    0.00000	    0.58336
19930506	   1.632100	      0.380	       0.00	     0.0000	    0.00110	    0.00000	    0.58328
19930507	   1.634700	      1.069	       0.00	     0.0000	    0.00159	    0.00000	    0.58320
19930510	   1.637300	      1.546	       1.00	     0.0000	    0.00159	    0.00159	    0.60134
19930511	   1.632100	      0.458	       0.00	     0.0000	   -0.00318	   -0.00000	    0.60125
19930512	   1.624400	     -1.283	      -1.00	     0.0000	   -0.00472	    0.00472	    0.64485
19930513	   1.613300	     -2.844	      -1.00	     0.0000	   -0.00683	    0.00683	    0.69577
19930514	   1.609000	     -2.710	      -1.00	     0.0000	   -0.00267	    0.00267	    0.72194
19930517	   1.613800	     -1.750	      -1.00	     0.0000	    0.00298	   -0.00298	    0.68188
19930518	   1.611000	     -1.832	      -1.00	     0.0000	   -0.00174	    0.00174	    0.69977
19930519	   1.613400	     -1.405	      -1.00	     0.0000	    0.00149	   -0.00149	    0.68131
19930520	   1.619900	     -0.630	       0.00	     0.0000	    0.00403	    0.00000	    0.68121
19930521	   1.616600	     -0.963	       0.00	     0.0000	   -0.00204	   -0.00000	    0.68112
19930524	   1.612200	     -1.305	      -1.00	     0.0000	   -0.00272	    0.00272	    0.70739
19930525	   1.615400	     -0.877	       0.00	     0.0000	    0.00198	    0.00000	    0.70729
19930526	   1.615000	     -0.847	       0.00	     0.0000	   -0.00025	   -0.00000	    0.70719
19930527	   1.620000	     -0.293	       0.00	     0.0000	    0.00310	    0.00000	    0.70710
19930528	   1.614700	     -0.769	       0.00	     0.0000	   -0.00327	   -0.00000	    0.70700
19930601	   1.621200	     -0.010	       0.00	     0.0000	    0.00403	    0.00000	    0.70690
19930602	   1.617800	     -0.327	       0.00	     0.0000	   -0.00210	   -0.00000	    0.70680
19930603	   1.611700	     -0.941	       0.00	     0.0000	   -0.00377	   -0.00000	    0.70670
19930604	   1.611200	     -0.910	       0.00	     0.0000	   -0.00031	   -0.00000	    0.70660
19930607	   1.605600	     -1.439	      -1.00	     0.0000	   -0.00348	    0.00348	    0.73803
19930608	   1.606900	     -1.222	       0.00	     0.0000	    0.00081	    0.00000	    0.73792
19930609	   1.608400	     -1.054	       0.00	     0.0000	    0.00093	    0.00000	    0.73782
19930610	   1.601500	     -2.169	      -1.00	     0.0000	   -0.00429	    0.00429	    0.77358
19930611	   1.599900	     -2.184	      -1.00	     0.0000	   -0.00100	    0.00100	    0.78383
19930614	   1.594300	     -2.479	      -1.00	     0.0000	   -0.00350	    0.00350	    0.81400
19930615	   1.589800	     -2.477	      -1.00	     0.0000	   -0.00282	    0.00282	    0.83922
19930616	   1.594300	     -1.691	      -1.00	     0.0000	    0.00283	   -0.00283	    0.80329
19930617	   1.589400	     -1.908	      -1.00	     0.0000	   -0.00307	    0.00307	    0.83003
19930618	   1.591800	     -1.482	      -1.00	     0.0000	    0.00151	   -0.00151	    0.81235
19930621	   1.589300	     -1.536	      -1.00	     0.0000	   -0.00157	    0.00157	    0.82738
19930622	   1.588600	     -1.432	      -1.00	     0.0000	   -0.00044	    0.00044	    0.83182
19930623	   1.590500	     -1.143	       0.00	     0.0000	    0.00120	    0.00000	    0.83170
19930624	   1.589400	     -1.124	       0.00	     0.0000	   -0.00069	   -0.00000	    0.83159
19930625	   1.591200	     -0.881	       0.00	     0.0000	    0.00113	    0.00000	    0.83147
19930628	   1.590300	     -0.883	       0.00	     0.0000	   -0.00057	   -0.00000	    0.83136
19930629	   1.591500	     -0.697	       0.00	     0.0000	    0.00075	    0.00000	    0.83124
19930630	   1.587600	     -1.023	       0.00	     0.0000	   -0.00245	   -0.00000	    0.83112
19930701	   1.579400	     -1.796	      -1.00	     0.0000	   -0.00517	    0.00517	    0.86807
19930702	   1.570400	     -2.388	      -1.00	     0.0000	   -0.00570	    0.00570	    0.90561
19930706	   1.575400	     -1.717	      -1.00	     0.0000	    0.00318	   -0.00318	    0.86687
19930707	   1.569100	     -2.058	      -1.00	     0.0000	   -0.00400	    0.00400	    0.89711
19930708	   1.561100	     -2.386	      -1.00	     0.0000	   -0.00510	    0.00510	    0.93142
19930709	   1.567700	     -1.656	      -1.00	     0.0000	    0.00423	   -0.00423	    0.87945
19930712	   1.570200	     -1.305	      -1.00	     0.0000	    0.00159	   -0.00159	    0.86246
19930713	   1.568300	     -1.350	      -1.00	     0.0000	   -0.00121	    0.00121	    0.87322
19930714	   1.555400	     -2.137	      -1.00	     0.0000	   -0.00823	    0.00823	    0.91362
19930715	   1.559900	     -1.556	      -1.00	     0.0000	    0.00289	   -0.00289	    0.88230
19930716	   1.551200	     -1.937	      -1.00	     0.0000	   -0.00558	    0.00558	    0.91704
19930719	   1.567800	     -0.645	       0.00	     0.0000	    0.01070	    0.00000	    0.91691
19930720	   1.560200	     -1.101	       0.00	     0.0000	   -0.00485	   -0.00000	    0.91678
19930721	   1.564500	     -0.705	       0.00	     0.0000	    0.00276	    0.00000	    0.91666
19930722	   1.560000	     -0.952	       0.00	     0.0000	   -0.00288	   -0.00000	    0.91653
19930723	   1.564600	     -0.529	       0.00	     0.0000	    0.00295	    0.00000	    0.91640
19930726	   1.567400	     -0.234	       0.00	     0.0000	    0.00179	    0.00000	    0.91627
19930727	   1.578500	      0.818	       0.00	     0.0000	    0.00708	    0.00000	    0.91615
19930728	   1.574500	      0.574	       0.00	     0.0000	   -0.00253	   -0.00000	    0.91602
19930729	   1.570800	      0.352	       0.00	     0.0000	   -0.00235	   -0.00000	    0.91589
19930730	   1.562300	     -0.594	       0.00	     0.0000	   -0.00541	   -0.00000	    0.91577
19930802	   1.566000	      0.005	       0.00	     0.0000	    0.00237	    0.00000	    0.91564
19930803	   1.561700	     -0.582	       0.00	     0.0000	   -0.00275	   -0.00000	    0.91551
19930804	   1.561000	     -0.616	       0.00	     0.0000	   -0.00045	   -0.00000	    0.91539
19930805	   1.554900	     -1.416	      -1.00	     0.0000	   -0.00391	    0.00391	    0.94249
19930806	   1.548200	     -2.074	      -1.00	     0.0000	   -0.00431	    0.00431	    0.97103
19930809	   1.556300	     -0.896	       0.00	     0.0000	    0.00523	    0.00000	    0.97090
19930810	   1.554300	     -1.056	       0.00	     0.0000	   -0.00129	   -0.00000	    0.97076
19930811	   1.569900	      0.990	       0.00	     0.0000	    0.01004	    0.00000	    0.97063
19930812	   1.581700	      2.121	       1.00	     0.0000	    0.00752	    0.00752	    1.00665
19930813	   1.590200	      2.451	       1.00	     0.0000	    0.00537	    0.00537	    1.03753
19930816	   1.582300	      1.516	       1.00	     0.0000	   -0.00497	   -0.00497	    0.98315
19930817	   1.583300	      1.453	       1.00	     0.0000	    0.00063	    0.00063	    0.98812
19930818	   1.577100	      0.813	       0.00	     0.0000	   -0.00392	   -0.00000	    0.98798
19930819	   1.577900	      0.815	       0.00	     0.0000	    0.00051	    0.00000	    0.98785
19930820	   1.581600	      1.038	       0.00	     0.0000	    0.00234	    0.00000	    0.98771
19930823	   1.587500	      1.391	       1.00	     0.0000	    0.00373	    0.00373	    1.01200
19930824	   1.583900	      1.000	       0.00	     0.0000	   -0.00227	   -0.00000	    1.01186
19930825	   1.578900	      0.591	       0.00	     0.0000	   -0.00316	   -0.00000	    1.01172
19930826	   1.581800	      0.786	       0.00	     0.0000	    0.00184	    0.00000	    1.01158
19930827	   1.592700	      1.482	       1.00	     0.0000	    0.00689	    0.00689	    1.04520
19930830	   1.594200	      1.424	       1.00	     0.0000	    0.00094	    0.00094	    1.05229
19930831	   1.579700	      0.329	       0.00	     0.0000	   -0.00910	   -0.00000	    1.05215
19930902	   1.575300	     -0.041	       0.00	     0.0000	   -0.00279	   -0.00000	    1.05200
19930903	   1.572100	     -0.330	       0.00	     0.0000	   -0.00203	   -0.00000	    1.05186
19930907	   1.554600	     -1.678	      -1.00	     0.0000	   -0.01113	    0.01113	    1.08227
19930908	   1.554500	     -1.795	      -1.00	     0.0000	   -0.00006	    0.00006	    1.08262
19930909	   1.557200	     -1.589	      -1.00	     0.0000	    0.00174	   -0.00174	    1.06775
19930910	   1.556800	     -1.661	      -1.00	     0.0000	   -0.00026	    0.00026	    1.06955
19930913	   1.557200	     -1.495	      -1.00	     0.0000	    0.00026	   -0.00026	    1.06740
19930914	   1.560700	     -1.109	       0.00	     0.0000	    0.00225	    0.00000	    1.06725
19930915	   1.561300	     -0.968	       0.00	     0.0000	    0.00038	    0.00000	    1.06710
19930916	   1.557400	     -1.149	       0.00	     0.0000	   -0.00250	   -0.00000	    1.06696
19930917	   1.562500	     -0.693	       0.00	     0.0000	    0.00327	    0.00000	    1.06681
19930920	   1.580600	      0.659	       0.00	     0.0000	    0.01158	    0.00000	    1.06666
19930921	   1.582100	      0.750	       0.00	     0.0000	    0.00095	    0.00000	    1.06652
19930922	   1.574200	      0.190	       0.00	     0.0000	   -0.00499	   -0.00000	    1.06637
19930923	   1.578300	      0.549	       0.00	     0.0000	    0.00260	    0.00000	    1.06622
19930924	   1.573700	      0.235	       0.00	     0.0000	   -0.00291	   -0.00000	    1.06608
19930927	   1.576300	      0.455	       0.00	     0.0000	    0.00165	    0.00000	    1.06593
19930928	   1.579000	      0.688	       0.00	     0.0000	    0.00171	    0.00000	    1.06579
19930929	   1.600500	      2.252	       1.00	     0.0000	    0.01362	    0.01362	    1.08998
19930930	   1.604000	      2.307	       1.00	     0.0000	    0.00219	    0.00219	    1.10360
19931001	   1.601500	      1.875	       1.00	     0.0000	   -0.00156	   -0.00156	    1.09136
19931004	   1.595000	      1.331	       1.00	     0.0000	   -0.00406	   -0.00406	    1.05608
19931005	   1.589700	      0.932	       0.00	     0.0000	   -0.00332	   -0.00000	    1.05593
19931006	   1.594300	      1.100	       0.00	     0.0000	    0.00289	    0.00000	    1.05579
19931007	   1.594700	      1.027	       0.00	     0.0000	    0.00025	    0.00000	    1.05564
19931008	   1.596200	      1.021	       0.00	     0.0000	    0.00094	    0.00000	    1.05550
19931011	   1.600200	      1.165	       0.00	     0.0000	    0.00251	    0.00000	    1.05535
19931012	   1.597800	      0.931	       0.00	     0.0000	   -0.00150	   -0.00000	    1.05521
19931013	   1.592700	      0.520	       0.00	     0.0000	   -0.00319	   -0.00000	    1.05506
19931014	   1.590300	      0.274	       0.00	     0.0000	   -0.00151	   -0.00000	    1.05492
19931015	   1.580900	     -0.612	       0.00	     0.0000	   -0.00591	   -0.00000	    1.05477
19931018	   1.574100	     -1.392	      -1.00	     0.0000	   -0.00430	    0.00430	    1.07812
19931019	   1.575700	     -1.186	       0.00	     0.0000	    0.00102	    0.00000	    1.07797
19931020	   1.577300	     -0.994	       0.00	     0.0000	    0.00102	    0.00000	    1.07782
19931021	   1.576700	     -1.076	       0.00	     0.0000	   -0.00038	   -0.00000	    1.07768
19931022	   1.568900	     -1.675	      -1.00	     0.0000	   -0.00495	    0.00495	    1.10302
19931025	   1.557700	     -2.311	      -1.00	     0.0000	   -0.00714	    0.00714	    1.13316
19931026	   1.556000	     -2.112	      -1.00	     0.0000	   -0.00109	    0.00109	    1.14005
19931027	   1.560500	     -1.618	      -1.00	     0.0000	    0.00289	   -0.00289	    1.11698
19931028	   1.553500	     -1.809	      -1.00	     0.0000	   -0.00449	    0.00449	    1.14001
19931029	   1.542700	     -2.109	      -1.00	     0.0000	   -0.00695	    0.00695	    1.16895
19931101	   1.558300	     -1.115	       0.00	     0.0000	    0.01011	    0.00000	    1.16879
19931102	   1.550800	     -1.386	      -1.00	     0.0000	   -0.00481	    0.00481	    1.19221
19931103	   1.551800	     -1.201	       0.00	     0.0000	    0.00064	    0.00000	    1.19205
19931104	   1.548100	     -1.269	      -1.00	     0.0000	   -0.00238	    0.00238	    1.20561
19931105	   1.539700	     -1.543	      -1.00	     0.0000	   -0.00543	    0.00543	    1.23032
19931108	   1.534100	     -1.648	      -1.00	     0.0000	   -0.00364	    0.00364	    1.24908
19931109	   1.531700	     -1.626	      -1.00	     0.0000	   -0.00156	    0.00156	    1.25823
19931110	   1.534000	     -1.404	      -1.00	     0.0000	    0.00150	   -0.00150	    1.24738
19931111	   1.544900	     -0.742	       0.00	     0.0000	    0.00711	    0.00000	    1.24721
19931112	   1.543200	     -0.779	       0.00	     0.0000	   -0.00110	   -0.00000	    1.24704
19931115	   1.539800	     -0.921	       0.00	     0.0000	   -0.00220	   -0.00000	    1.24688
19931116	   1.538400	     -0.931	       0.00	     0.0000	   -0.00091	   -0.00000	    1.24671
19931117	   1.551100	      0.051	       0.00	     0.0000	    0.00826	    0.00000	    1.24654
19931118	   1.546600	     -0.206	       0.00	     0.0000	   -0.00290	   -0.00000	    1.24637
19931119	   1.543200	     -0.431	       0.00	     0.0000	   -0.00220	   -0.00000	    1.24620
19931122	   1.542700	     -0.409	       0.00	     0.0000	   -0.00032	   -0.00000	    1.24603
19931123	   1.529800	     -1.731	      -1.00	     0.0000	   -0.00836	    0.00836	    1.27404
19931124	   1.525500	     -1.933	      -1.00	     0.0000	   -0.00281	    0.00281	    1.28894
19931129	   1.497300	     -3.330	      -1.00	     0.0000	   -0.01849	    0.01849	    1.28638
19931130	   1.497100	     -2.594	      -1.00	     0.0000	   -0.00013	    0.00013	    1.28698
19931201	   1.491100	     -2.374	      -1.00	     0.0000	   -0.00401	    0.00401	    1.30521
19931202	   1.477500	     -2.486	      -1.00	     0.0000	   -0.00912	    0.00912	    1.33199
19931203	   1.477900	     -2.074	      -1.00	     0.0000	    0.00027	   -0.00027	    1.33024
19931206	   1.464900	     -2.174	      -1.00	     0.0000	   -0.00880	    0.00880	    1.35644
19931207	   1.464700	     -1.877	      -1.00	     0.0000	   -0.00014	    0.00014	    1.35702
19931208	   1.460300	     -1.759	      -1.00	     0.0000	   -0.00300	    0.00300	    1.37096
19931209	   1.460800	     -1.541	      -1.00	     0.0000	    0.00034	   -0.00034	    1.36882
19931210	   1.472400	     -1.086	       0.00	     0.0000	    0.00794	    0.00000	    1.36864
19931213	   1.457300	     -1.366	      -1.00	     0.0000	   -0.01026	    0.01026	    1.39391
19931214	   1.457900	     -1.222	       0.00	     0.0000	    0.00041	    0.00000	    1.39372
19931215	   1.464000	     -0.958	       0.00	     0.0000	    0.00418	    0.00000	    1.39353
19931216	   1.464800	     -0.851	       0.00	     0.0000	    0.00055	    0.00000	    1.39334
19931217	   1.460000	     -0.900	       0.00	     0.0000	   -0.00328	   -0.00000	    1.39315
19931220	   1.456800	     -0.922	       0.00	     0.0000	   -0.00219	   -0.00000	    1.39297
19931221	   1.452900	     -0.977	       0.00	     0.0000	   -0.00268	   -0.00000	    1.39278
19931222	   1.458400	     -0.733	       0.00	     0.0000	    0.00379	    0.00000	    1.39259
19931223	   1.459500	     -0.648	       0.00	     0.0000	    0.00075	    0.00000	    1.39240
19931227	   1.456600	     -0.751	       0.00	     0.0000	   -0.00199	   -0.00000	    1.39221
19931228	   1.452100	     -1.077	       0.00	     0.0000	   -0.00309	   -0.00000	    1.39202
19931229	   1.462300	     -0.246	       0.00	     0.0000	    0.00702	    0.00000	    1.39183
19931230	   1.457600	     -0.610	       0.00	     0.0000	   -0.00321	   -0.00000	    1.39165
19940103	   1.464500	      0.353	       0.00	     0.0000	    0.00473	    0.00000	    1.39146
19940104	   1.472700	      1.686	       1.00	     0.0000	    0.00560	    0.00560	    1.41257
19940105	   1.491200	      3.402	       1.00	     0.0000	    0.01256	    0.01256	    1.43424
19940106	   1.488900	      2.473	       1.00	     0.0000	   -0.00154	   -0.00154	    1.42526
19940107	   1.494100	      2.383	       1.00	     0.0000	    0.00349	    0.00349	    1.44002
19940110	   1.480000	      1.117	       0.00	     0.0000	   -0.00944	   -0.00000	    1.43983
19940111	   1.496600	      2.043	       1.00	     0.0000	    0.01122	    0.01122	    1.46314
19940112	   1.493100	      1.609	       1.00	     0.0000	   -0.00234	   -0.00234	    1.44948
19940113	   1.501500	      1.858	       1.00	     0.0000	    0.00563	    0.00563	    1.46951
19940114	   1.525000	      2.546	       1.00	     0.0000	    0.01565	    0.01565	    1.48388
19940117	   1.539100	      2.522	       1.00	     0.0000	    0.00925	    0.00925	    1.50729
19940118	   1.507300	      1.108	       0.00	     0.0000	   -0.02066	   -0.00000	    1.50709
19940119	   1.509400	      1.081	       0.00	     0.0000	    0.00139	    0.00000	    1.50689
19940120	   1.497900	      0.562	       0.00	     0.0000	   -0.00762	   -0.00000	    1.50668
19940121	   1.499600	      0.560	       0.00	     0.0000	    0.00113	    0.00000	    1.50648
19940124	   1.508300	      0.835	       0.00	     0.0000	    0.00580	    0.00000	    1.50628
19940125	   1.513100	      0.945	       0.00	     0.0000	    0.00318	    0.00000	    1.50607
19940126	   1.526300	      1.378	       1.00	     0.0000	    0.00872	    0.00872	    1.52892
19940127	   1.529500	      1.413	       1.00	     0.0000	    0.00210	    0.00210	    1.53760
19940128	   1.531900	      1.397	       1.00	     0.0000	    0.00157	    0.00157	    1.54424
19940131	   1.530300	      1.256	       1.00	     0.0000	   -0.00104	   -0.00104	    1.53881
19940201	   1.553100	      2.127	       1.00	     0.0000	    0.01490	    0.01490	    1.55526
19940202	   1.570600	      2.471	       1.00	     0.0000	    0.01127	    0.01127	    1.57722
19940203	   1.557800	      1.683	       1.00	     0.0000	   -0.00815	   -0.00815	    1.52583
19940204	   1.545400	      1.068	       0.00	     0.0000	   -0.00796	   -0.00000	    1.52562
19940207	   1.534600	      0.555	       0.00	     0.0000	   -0.00699	   -0.00000	    1.52542
19940208	   1.540500	      0.734	       0.00	     0.0000	    0.00384	    0.00000	    1.52521
19940209	   1.528800	      0.139	       0.00	     0.0000	   -0.00759	   -0.00000	    1.52501
19940210	   1.537900	      0.499	       0.00	     0.0000	    0.00595	    0.00000	    1.52480
19940211	   1.544600	      0.758	       0.00	     0.0000	    0.00436	    0.00000	    1.52460
19940214	   1.513000	     -0.843	       0.00	     0.0000	   -0.02046	   -0.00000	    1.52439
19940215	   1.505300	     -1.123	       0.00	     0.0000	   -0.00509	   -0.00000	    1.52419
19940216	   1.485000	     -1.922	      -1.00	     0.0000	   -0.01349	    0.01349	    1.54499
19940217	   1.490000	     -1.566	      -1.00	     0.0000	    0.00337	   -0.00337	    1.52784
19940218	   1.492400	     -1.427	      -1.00	     0.0000	    0.00161	   -0.00161	    1.52012
19940222	   1.500000	     -1.103	       0.00	     0.0000	    0.00509	    0.00000	    1.51991
19940223	   1.499500	     -1.087	       0.00	     0.0000	   -0.00033	   -0.00000	    1.51971
19940224	   1.510800	     -0.603	       0.00	     0.0000	    0.00754	    0.00000	    1.51951
19940225	   1.506100	     -0.750	       0.00	     0.0000	   -0.00311	   -0.00000	    1.51930
19940228	   1.502700	     -0.824	       0.00	     0.0000	   -0.00226	   -0.00000	    1.51910
19940301	   1.509300	     -0.509	       0.00	     0.0000	    0.00439	    0.00000	    1.51889
19940302	   1.511200	     -0.394	       0.00	     0.0000	    0.00126	    0.00000	    1.51869
19940303	   1.510400	     -0.359	       0.00	     0.0000	   -0.00053	   -0.00000	    1.51849
19940304	   1.502700	     -0.629	       0.00	     0.0000	   -0.00510	   -0.00000	    1.51828
19940307	   1.487500	     -1.304	      -1.00	     0.0000	   -0.01012	    0.01012	    1.54098
19940308	   1.487300	     -1.224	       0.00	     0.0000	   -0.00013	   -0.00000	    1.54078
19940309	   1.491700	     -0.897	       0.00	     0.0000	    0.00296	    0.00000	    1.54057
19940310	   1.489900	     -0.933	       0.00	     0.0000	   -0.00121	   -0.00000	    1.54036
19940311	   1.494600	     -0.572	       0.00	     0.0000	    0.00315	    0.00000	    1.54016
19940314	   1.492200	     -0.674	       0.00	     0.0000	   -0.00161	   -0.00000	    1.53995
19940315	   1.502700	      0.380	       0.00	     0.0000	    0.00704	    0.00000	    1.53974
19940316	   1.503200	      0.516	       0.00	     0.0000	    0.00033	    0.00000	    1.53954
19940317	   1.498900	      0.050	       0.00	     0.0000	   -0.00286	   -0.00000	    1.53933
19940318	   1.500200	      0.127	       0.00	     0.0000	    0.00087	    0.00000	    1.53913
19940321	   1.506100	      0.798	       0.00	     0.0000	    0.00393	    0.00000	    1.53892
19940322	   1.506700	      0.794	       0.00	     0.0000	    0.00040	    0.00000	    1.53872
19940323	   1.502200	      0.189	       0.00	     0.0000	   -0.00299	   -0.00000	    1.53851
19940324	   1.505000	      0.519	       0.00	     0.0000	    0.00186	    0.00000	    1.53831
19940325	   1.509700	      1.149	       0.00	     0.0000	    0.00312	    0.00000	    1.53810
19940328	   1.479900	     -2.258	      -1.00	     0.0000	   -0.01974	    0.01974	    1.54569
19940329	   1.488500	     -1.162	       0.00	     0.0000	    0.00581	    0.00000	    1.54548
19940330	   1.493300	     -0.563	       0.00	     0.0000	    0.00322	    0.00000	    1.54527
19940331	   1.508500	      1.195	       0.00	     0.0000	    0.01018	    0.00000	    1.54507
19940404	   1.529500	      2.829	       1.00	     0.0000	    0.01392	    0.01392	    1.56600
19940405	   1.526000	      2.108	       1.00	     0.0000	   -0.00229	   -0.00229	    1.55577
19940406	   1.522900	      1.639	       1.00	     0.0000	   -0.00203	   -0.00203	    1.54677
19940407	   1.515900	      0.996	       0.00	     0.0000	   -0.00460	   -0.00000	    1.54657
19940408	   1.518400	      1.081	       0.00	     0.0000	    0.00165	    0.00000	    1.54636
19940411	   1.526000	      1.497	       1.00	     0.0000	    0.00501	    0.00501	    1.56162
19940412	   1.522600	      1.123	       0.00	     0.0000	   -0.00223	   -0.00000	    1.56141
19940413	   1.526000	      1.248	       0.00	     0.0000	    0.00223	    0.00000	    1.56120
19940414	   1.534800	      1.662	       1.00	     0.0000	    0.00577	    0.00577	    1.57794
19940415	   1.541800	      1.842	       1.00	     0.0000	    0.00456	    0.00456	    1.59203
19940418	   1.538100	      1.437	       1.00	     0.0000	   -0.00240	   -0.00240	    1.58137
19940419	   1.529400	      0.827	       0.00	     0.0000	   -0.00566	   -0.00000	    1.58116
19940420	   1.531100	      0.849	       0.00	     0.0000	    0.00111	    0.00000	    1.58095
19940421	   1.536300	      1.055	       0.00	     0.0000	    0.00340	    0.00000	    1.58074
19940422	   1.547400	      1.520	       1.00	     0.0000	    0.00723	    0.00723	    1.59971
19940425	   1.550600	      1.511	       1.00	     0.0000	    0.00207	    0.00207	    1.60682
19940426	   1.542600	      0.980	       0.00	     0.0000	   -0.00516	   -0.00000	    1.60661
19940428	   1.534500	      0.483	       0.00	     0.0000	   -0.00525	   -0.00000	    1.60640
19940429	   1.539700	      0.780	       0.00	     0.0000	    0.00339	    0.00000	    1.60618
19940502	   1.544500	      1.173	       0.00	     0.0000	    0.00312	    0.00000	    1.60597
19940503	   1.537700	      0.479	       0.00	     0.0000	   -0.00440	   -0.00000	    1.60576
19940504	   1.535400	      0.209	       0.00	     0.0000	   -0.00150	   -0.00000	    1.60554
19940505	   1.541900	      0.811	       0.00	     0.0000	    0.00423	    0.00000	    1.60533
19940506	   1.549800	      1.473	       1.00	     0.0000	    0.00512	    0.00512	    1.62047
19940509	   1.552200	      1.613	       1.00	     0.0000	    0.00155	    0.00155	    1.62586
19940510	   1.547000	      0.997	       0.00	     0.0000	   -0.00335	   -0.00000	    1.62564
19940511	   1.547300	      0.948	       0.00	     0.0000	    0.00019	    0.00000	    1.62543
19940512	   1.551000	      1.336	       1.00	     0.0000	    0.00239	    0.00239	    1.63350
19940513	   1.553500	      1.564	       1.00	     0.0000	    0.00161	    0.00161	    1.63908
19940516	   1.546900	      0.580	       0.00	     0.0000	   -0.00425	   -0.00000	    1.63887
19940517	   1.539200	     -0.488	       0.00	     0.0000	   -0.00498	   -0.00000	    1.63865
19940518	   1.545800	      0.391	       0.00	     0.0000	    0.00429	    0.00000	    1.63843
19940519	   1.547400	      0.549	       0.00	     0.0000	    0.00104	    0.00000	    1.63822
19940520	   1.552000	      1.204	       0.00	     0.0000	    0.00297	    0.00000	    1.63800
19940523	   1.547900	      0.439	       0.00	     0.0000	   -0.00264	   -0.00000	    1.63778
19940524	   1.545100	     -0.042	       0.00	     0.0000	   -0.00181	   -0.00000	    1.63757
19940525	   1.544500	     -0.100	       0.00	     0.0000	   -0.00039	   -0.00000	    1.63735
19940526	   1.543300	     -0.327	       0.00	     0.0000	   -0.00078	   -0.00000	    1.63713
19940527	   1.550000	      0.845	       0.00	     0.0000	    0.00434	    0.00000	    1.63692
19940531	   1.559700	      2.309	       1.00	     0.0000	    0.00626	    0.00626	    1.65397
19940601	   1.558700	      1.832	       1.00	     0.0000	   -0.00064	   -0.00064	    1.65120
19940602	   1.549400	      0.244	       0.00	     0.0000	   -0.00597	   -0.00000	    1.65099
19940603	   1.546600	     -0.389	       0.00	     0.0000	   -0.00181	   -0.00000	    1.65077
19940606	   1.540000	     -1.650	      -1.00	     0.0000	   -0.00427	    0.00427	    1.66378
19940607	   1.529100	     -2.775	      -1.00	     0.0000	   -0.00708	    0.00708	    1.68185
19940608	   1.530600	     -2.120	      -1.00	     0.0000	    0.00098	   -0.00098	    1.67769
19940609	   1.534300	     -1.455	      -1.00	     0.0000	    0.00242	   -0.00242	    1.66716
19940610	   1.533500	     -1.397	      -1.00	     0.0000	   -0.00052	    0.00052	    1.66889
19940613	   1.540800	     -0.468	       0.00	     0.0000	    0.00476	    0.00000	    1.66867
19940614	   1.543700	     -0.064	       0.00	     0.0000	    0.00188	    0.00000	    1.66845
19940615	   1.570200	      2.529	       1.00	     0.0000	    0.01717	    0.01717	    1.68224
19940616	   1.569600	      2.065	       1.00	     0.0000	   -0.00038	   -0.00038	    1.68058
19940617	   1.584600	      2.610	       1.00	     0.0000	    0.00956	    0.00956	    1.70045
19940620	   1.579100	      1.894	       1.00	     0.0000	   -0.00347	   -0.00347	    1.68545
19940621	   1.569000	      1.140	       0.00	     0.0000	   -0.00640	   -0.00000	    1.68522
19940622	   1.562700	      0.690	       0.00	     0.0000	   -0.00402	   -0.00000	    1.68500
19940623	   1.570700	      1.083	       0.00	     0.0000	    0.00512	    0.00000	    1.68478
19940624	   1.567600	      0.819	       0.00	     0.0000	   -0.00197	   -0.00000	    1.68456
19940627	   1.558900	      0.254	       0.00	     0.0000	   -0.00555	   -0.00000	    1.68434
19940628	   1.562800	      0.452	       0.00	     0.0000	    0.00250	    0.00000	    1.68412
19940629	   1.557100	      0.115	       0.00	     0.0000	   -0.00365	   -0.00000	    1.68390
19940630	   1.565700	      0.610	       0.00	     0.0000	    0.00552	    0.00000	    1.68367
19940701	   1.568300	      0.705	       0.00	     0.0000	    0.00166	    0.00000	    1.68345
19940705	   1.563700	      0.386	       0.00	     0.0000	   -0.00293	   -0.00000	    1.68323
19940706	   1.551400	     -0.390	       0.00	     0.0000	   -0.00787	   -0.00000	    1.68301
19940707	   1.542300	     -1.045	       0.00	     0.0000	   -0.00587	   -0.00000	    1.68279
19940708	   1.548400	     -0.761	       0.00	     0.0000	    0.00396	    0.00000	    1.68257
19940711	   1.557500	     -0.219	       0.00	     0.0000	    0.00588	    0.00000	    1.68235
19940712	   1.564900	      0.263	       0.00	     0.0000	    0.00475	    0.00000	    1.68213
19940713	   1.562600	     -0.028	       0.00	     0.0000	   -0.00147	   -0.00000	    1.68191
19940714	   1.565400	      0.154	       0.00	     0.0000	    0.00179	    0.00000	    1.68169
19940715	   1.558700	     -0.493	       0.00	     0.0000	   -0.00428	   -0.00000	    1.68147
19940718	   1.548900	     -1.365	      -1.00	     0.0000	   -0.00629	    0.00629	    1.69777
