20090828	 534.600000	      1.015	       0.00	     0.0000	   -0.00613	   -0.00000	    0.00000
20090831	 527.200000	      0.213	       0.00	     0.0000	   -0.01384	   -0.00000	       -nan
20090901	 513.000000	     -1.206	       0.00	     0.0000	   -0.02693	   -0.00000	       -nan
20090902	 510.300000	     -1.336	      -1.00	     0.0000	   -0.00526	    0.00526	    0.36265
20090903	 516.100000	     -0.742	       0.00	     0.0000	    0.01137	    0.00000	    0.36255
20090904	 523.300000	     -0.107	       0.00	     0.0000	    0.01395	    0.00000	    0.36246
20090908	 531.400000	      0.649	       0.00	     0.0000	    0.01548	    0.00000	    0.36237
20090909	 540.400000	      1.386	       1.00	     0.0000	    0.01694	    0.01694	    0.45354
20090910	 548.600000	      1.843	       1.00	     0.0000	    0.01517	    0.01517	    0.58017
20090911	 548.300000	      1.606	       1.00	     0.0000	   -0.00055	   -0.00055	    0.57137
20090914	 553.000000	      1.740	       1.00	     0.0000	    0.00857	    0.00857	    0.66118
20090915	 558.600000	      1.842	       1.00	     0.0000	    0.01013	    0.01013	    0.74895
20090916	 571.600000	      2.309	       1.00	     0.0000	    0.02327	    0.02327	    0.80313
20090917	 572.200000	      2.025	       1.00	     0.0000	    0.00105	    0.00105	    0.81329
20090918	 571.900000	      1.762	       1.00	     0.0000	   -0.00052	   -0.00052	    0.80765
20090921	 571.500000	      1.543	       1.00	     0.0000	   -0.00070	   -0.00070	    0.80015
20090922	 576.500000	      1.590	       1.00	     0.0000	    0.00875	    0.00875	    0.86340
20090923	 571.100000	      1.202	       0.00	     0.0000	   -0.00937	   -0.00000	    0.86318
20090924	 556.800000	      0.489	       0.00	     0.0000	   -0.02504	   -0.00000	    0.86297
20090925	 555.100000	      0.373	       0.00	     0.0000	   -0.00305	   -0.00000	    0.86275
20090928	 568.500000	      0.914	       0.00	     0.0000	    0.02414	    0.00000	    0.86253
20090929	 564.500000	      0.665	       0.00	     0.0000	   -0.00704	   -0.00000	    0.86231
20090930	 560.700000	      0.428	       0.00	     0.0000	   -0.00673	   -0.00000	    0.86210
20091001	 542.000000	     -0.562	       0.00	     0.0000	   -0.03335	   -0.00000	    0.86188
20091002	 536.300000	     -1.029	       0.00	     0.0000	   -0.01052	   -0.00000	    0.86167
20091005	 546.700000	     -0.590	       0.00	     0.0000	    0.01939	    0.00000	    0.86145
20091006	 556.600000	     -0.049	       0.00	     0.0000	    0.01811	    0.00000	    0.86123
20091007	 557.600000	     -0.076	       0.00	     0.0000	    0.00180	    0.00000	    0.86102
20091008	 564.600000	      0.443	       0.00	     0.0000	    0.01255	    0.00000	    0.86080
20091009	 569.900000	      0.833	       0.00	     0.0000	    0.00939	    0.00000	    0.86059
20091012	 569.700000	      0.737	       0.00	     0.0000	   -0.00035	   -0.00000	    0.86037
20091013	 566.900000	      0.424	       0.00	     0.0000	   -0.00491	   -0.00000	    0.86016
20091014	 577.800000	      1.297	       1.00	     0.0000	    0.01923	    0.01923	    0.92915
20091015	 578.100000	      1.259	       1.00	     0.0000	    0.00052	    0.00052	    0.93339
20091016	 572.000000	      0.732	       0.00	     0.0000	   -0.01055	   -0.00000	    0.93315
20091019	 575.400000	      0.999	       0.00	     0.0000	    0.00594	    0.00000	    0.93292
20091020	 571.500000	      0.665	       0.00	     0.0000	   -0.00678	   -0.00000	    0.93269
20091021	 560.200000	     -0.243	       0.00	     0.0000	   -0.01977	   -0.00000	    0.93246
20091022	 570.200000	      0.645	       0.00	     0.0000	    0.01785	    0.00000	    0.93222
20091023	 559.000000	     -0.357	       0.00	     0.0000	   -0.01964	   -0.00000	    0.93199
20091026	 552.400000	     -0.923	       0.00	     0.0000	   -0.01181	   -0.00000	    0.93176
20091027	 543.800000	     -1.492	      -1.00	     0.0000	   -0.01557	    0.01557	    0.99878
20091028	 523.800000	     -2.472	      -1.00	     0.0000	   -0.03678	    0.03678	    0.99764
20091029	 534.200000	     -1.561	      -1.00	     0.0000	    0.01985	   -0.01985	    0.82488
20091030	 519.500000	     -2.176	      -1.00	     0.0000	   -0.02752	    0.02752	    0.89970
20091102	 519.100000	     -1.993	      -1.00	     0.0000	   -0.00077	    0.00077	    0.90357
20091103	 525.600000	     -1.507	      -1.00	     0.0000	    0.01252	   -0.01252	    0.82143
20091104	 521.800000	     -1.515	      -1.00	     0.0000	   -0.00723	    0.00723	    0.85470
20091105	 536.300000	     -0.772	       0.00	     0.0000	    0.02779	    0.00000	    0.85449
20091106	 535.700000	     -0.731	       0.00	     0.0000	   -0.00112	   -0.00000	    0.85428
20091109	 547.100000	     -0.159	       0.00	     0.0000	    0.02128	    0.00000	    0.85407
20091110	 544.600000	     -0.225	       0.00	     0.0000	   -0.00457	   -0.00000	    0.85386
20091111	 548.500000	      0.004	       0.00	     0.0000	    0.00716	    0.00000	    0.85365
20091112	 538.400000	     -0.419	       0.00	     0.0000	   -0.01841	   -0.00000	    0.85343
20091113	 543.100000	     -0.098	       0.00	     0.0000	    0.00873	    0.00000	    0.85322
20091116	 557.900000	      0.796	       0.00	     0.0000	    0.02725	    0.00000	    0.85301
20091117	 557.400000	      0.880	       0.00	     0.0000	   -0.00090	   -0.00000	    0.85280
20091118	 557.200000	      0.970	       0.00	     0.0000	   -0.00036	   -0.00000	    0.85259
20091119	 543.100000	      0.087	       0.00	     0.0000	   -0.02531	   -0.00000	    0.85238
20091120	 541.700000	      0.094	       0.00	     0.0000	   -0.00258	   -0.00000	    0.85217
20091123	 551.800000	      0.934	       0.00	     0.0000	    0.01865	    0.00000	    0.85196
20091124	 549.200000	      0.746	       0.00	     0.0000	   -0.00471	   -0.00000	    0.85175
20091125	 549.300000	      0.724	       0.00	     0.0000	    0.00018	    0.00000	    0.85154
20091127	 531.400000	     -0.762	       0.00	     0.0000	   -0.03259	   -0.00000	    0.85133
20091130	 536.900000	     -0.319	       0.00	     0.0000	    0.01035	    0.00000	    0.85112
20091201	 546.200000	      0.379	       0.00	     0.0000	    0.01732	    0.00000	    0.85091
20091202	 553.300000	      0.968	       0.00	     0.0000	    0.01300	    0.00000	    0.85070
20091203	 545.700000	      0.121	       0.00	     0.0000	   -0.01374	   -0.00000	    0.85050
20091204	 560.800000	      1.766	       1.00	     0.0000	    0.02767	    0.02767	    0.92243
20091207	 560.600000	      1.559	       1.00	     0.0000	   -0.00036	   -0.00036	    0.92046
20091208	 554.400000	      0.738	       0.00	     0.0000	   -0.01106	   -0.00000	    0.92024
20091209	 554.600000	      0.710	       0.00	     0.0000	    0.00036	    0.00000	    0.92001
20091210	 553.300000	      0.498	       0.00	     0.0000	   -0.00234	   -0.00000	    0.91978
20091211	 558.000000	      0.997	       0.00	     0.0000	    0.00849	    0.00000	    0.91956
20091214	 566.200000	      1.759	       1.00	     0.0000	    0.01470	    0.01470	    0.97154
20091215	 565.400000	      1.485	       1.00	     0.0000	   -0.00141	   -0.00141	    0.96440
20091216	 569.600000	      1.752	       1.00	     0.0000	    0.00743	    0.00743	    0.99468
20091217	 565.100000	      1.207	       0.00	     0.0000	   -0.00790	   -0.00000	    0.99443
20091218	 569.000000	      1.459	       1.00	     0.0000	    0.00690	    0.00690	    1.02262
20091221	 575.000000	      1.769	       1.00	     0.0000	    0.01054	    0.01054	    1.06188
20091222	 581.900000	      2.035	       1.00	     0.0000	    0.01200	    0.01200	    1.10420
20091223	 589.400000	      2.179	       1.00	     0.0000	    0.01289	    0.01289	    1.14766
20091224	 592.800000	      2.036	       1.00	     0.0000	    0.00577	    0.00577	    1.17052
20091228	 591.900000	      1.724	       1.00	     0.0000	   -0.00152	   -0.00152	    1.16311
20091229	 590.700000	      1.538	       1.00	     0.0000	   -0.00203	   -0.00203	    1.15323
20091230	 590.900000	      1.439	       1.00	     0.0000	    0.00034	    0.00034	    1.15448
20091231	 584.100000	      0.920	       0.00	     0.0000	   -0.01151	   -0.00000	    1.15420
20100104	 597.500000	      1.600	       1.00	     0.0000	    0.02294	    0.02294	    1.20772
20100105	 596.200000	      1.401	       1.00	     0.0000	   -0.00218	   -0.00218	    1.19752
20100106	 596.100000	      1.258	       1.00	     0.0000	   -0.00017	   -0.00017	    1.19649
20100107	 599.300000	      1.317	       1.00	     0.0000	    0.00537	    0.00537	    1.21698
20100108	 603.400000	      1.433	       1.00	     0.0000	    0.00684	    0.00684	    1.24212
20100111	 600.200000	      1.140	       0.00	     0.0000	   -0.00530	   -0.00000	    1.24182
20100112	 595.900000	      0.797	       0.00	     0.0000	   -0.00716	   -0.00000	    1.24151
20100113	 601.100000	      1.097	       0.00	     0.0000	    0.00873	    0.00000	    1.24121
20100114	 606.000000	      1.352	       1.00	     0.0000	    0.00815	    0.00815	    1.27000
20100115	 596.800000	      0.565	       0.00	     0.0000	   -0.01518	   -0.00000	    1.26969
20100119	 606.600000	      1.299	       1.00	     0.0000	    0.01642	    0.01642	    1.31450
20100120	 598.200000	      0.494	       0.00	     0.0000	   -0.01385	   -0.00000	    1.31419
20100121	 585.700000	     -1.072	       0.00	     0.0000	   -0.02090	   -0.00000	    1.31387
20100122	 576.500000	     -2.282	      -1.00	     0.0000	   -0.01571	    0.01571	    1.35661
20100125	 576.000000	     -2.156	      -1.00	     0.0000	   -0.00087	    0.00087	    1.35981
20100126	 571.000000	     -2.278	      -1.00	     0.0000	   -0.00868	    0.00868	    1.38846
20100127	 577.100000	     -1.481	      -1.00	     0.0000	    0.01068	   -0.01068	    1.33376
20100128	 565.700000	     -2.144	      -1.00	     0.0000	   -0.01975	    0.01975	    1.37922
20100129	 561.200000	     -2.106	      -1.00	     0.0000	   -0.00795	    0.00795	    1.40511
20100201	 566.800000	     -1.510	      -1.00	     0.0000	    0.00998	   -0.00998	    1.35659
20100202	 572.400000	     -1.055	       0.00	     0.0000	    0.00988	    0.00000	    1.35627
20100203	 572.000000	     -0.985	       0.00	     0.0000	   -0.00070	   -0.00000	    1.35594
20100204	 550.900000	     -2.008	      -1.00	     0.0000	   -0.03689	    0.03689	    1.38920
20100205	 550.200000	     -1.776	      -1.00	     0.0000	   -0.00127	    0.00127	    1.39340
20100208	 547.200000	     -1.700	      -1.00	     0.0000	   -0.00545	    0.00545	    1.41081
20100209	 552.500000	     -1.292	      -1.00	     0.0000	    0.00969	   -0.00969	    1.36831
20100210	 552.800000	     -1.161	       0.00	     0.0000	    0.00054	    0.00000	    1.36798
20100211	 564.200000	     -0.508	       0.00	     0.0000	    0.02062	    0.00000	    1.36765
20100212	 571.700000	     -0.042	       0.00	     0.0000	    0.01329	    0.00000	    1.36732
20100216	 578.900000	      0.475	       0.00	     0.0000	    0.01259	    0.00000	    1.36700
20100217	 584.900000	      0.920	       0.00	     0.0000	    0.01036	    0.00000	    1.36667
20100218	 588.400000	      1.347	       1.00	     0.0000	    0.00598	    0.00598	    1.38547
20100219	 590.300000	      1.595	       1.00	     0.0000	    0.00323	    0.00323	    1.39608
20100222	 591.900000	      1.638	       1.00	     0.0000	    0.00271	    0.00271	    1.40502
20100223	 586.000000	      1.138	       0.00	     0.0000	   -0.00997	   -0.00000	    1.40468
20100224	 588.400000	      1.222	       0.00	     0.0000	    0.00410	    0.00000	    1.40435
20100225	 589.700000	      1.202	       0.00	     0.0000	    0.00221	    0.00000	    1.40401
20100226	 588.100000	      1.035	       0.00	     0.0000	   -0.00271	   -0.00000	    1.40367
20100301	 600.500000	      1.614	       1.00	     0.0000	    0.02108	    0.02108	    1.44653
20100302	 608.000000	      1.790	       1.00	     0.0000	    0.01249	    0.01249	    1.47893
20100303	 610.000000	      1.663	       1.00	     0.0000	    0.00329	    0.00329	    1.48934
20100304	 612.000000	      1.562	       1.00	     0.0000	    0.00328	    0.00328	    1.49970
20100305	 624.600000	      1.864	       1.00	     0.0000	    0.02059	    0.02059	    1.53996
20100308	 626.500000	      1.733	       1.00	     0.0000	    0.00304	    0.00304	    1.54938
20100309	 629.200000	      1.666	       1.00	     0.0000	    0.00431	    0.00431	    1.56246
20100310	 634.800000	      1.739	       1.00	     0.0000	    0.00890	    0.00890	    1.58677
20100311	 636.600000	      1.663	       1.00	     0.0000	    0.00284	    0.00284	    1.59550
20100312	 637.200000	      1.579	       1.00	     0.0000	    0.00094	    0.00094	    1.59828
20100315	 634.500000	      1.349	       1.00	     0.0000	   -0.00424	   -0.00424	    1.58208
20100316	 639.700000	      1.453	       1.00	     0.0000	    0.00820	    0.00820	    1.60470
20100317	 643.000000	      1.456	       1.00	     0.0000	    0.00516	    0.00516	    1.61990
20100318	 641.100000	      1.244	       0.00	     0.0000	   -0.00295	   -0.00000	    1.61951
20100319	 633.200000	      0.796	       0.00	     0.0000	   -0.01232	   -0.00000	    1.61912
20100322	 642.700000	      1.136	       0.00	     0.0000	    0.01500	    0.00000	    1.61874
20100323	 650.300000	      1.360	       1.00	     0.0000	    0.01183	    0.01183	    1.64797
20100324	 644.200000	      0.991	       0.00	     0.0000	   -0.00938	   -0.00000	    1.64757
20100325	 639.900000	      0.707	       0.00	     0.0000	   -0.00667	   -0.00000	    1.64718
20100326	 640.000000	      0.650	       0.00	     0.0000	    0.00016	    0.00000	    1.64679
20100329	 642.900000	      0.804	       0.00	     0.0000	    0.00453	    0.00000	    1.64640
20100330	 645.000000	      0.924	       0.00	     0.0000	    0.00327	    0.00000	    1.64600
20100331	 639.800000	      0.411	       0.00	     0.0000	   -0.00806	   -0.00000	    1.64561
20100401	 644.800000	      0.879	       0.00	     0.0000	    0.00781	    0.00000	    1.64522
20100405	 656.900000	      2.327	       1.00	     0.0000	    0.01877	    0.01877	    1.68140
20100406	 661.500000	      2.488	       1.00	     0.0000	    0.00700	    0.00700	    1.70059
20100407	 660.100000	      2.052	       1.00	     0.0000	   -0.00212	   -0.00212	    1.69284
20100408	 659.600000	      1.787	       1.00	     0.0000	   -0.00076	   -0.00076	    1.68988
20100409	 664.000000	      1.968	       1.00	     0.0000	    0.00667	    0.00667	    1.70825
20100412	 664.800000	      1.786	       1.00	     0.0000	    0.00120	    0.00120	    1.71171
20100413	 667.400000	      1.781	       1.00	     0.0000	    0.00391	    0.00391	    1.72308
20100414	 682.800000	      2.553	       1.00	     0.0000	    0.02307	    0.02307	    1.75845
20100415	 685.600000	      2.268	       1.00	     0.0000	    0.00410	    0.00410	    1.77004
20100416	 676.500000	      1.458	       1.00	     0.0000	   -0.01327	   -0.01327	    1.71422
20100419	 674.100000	      1.176	       0.00	     0.0000	   -0.00355	   -0.00000	    1.71382
20100420	 682.800000	      1.574	       1.00	     0.0000	    0.01291	    0.01291	    1.74283
20100421	 685.900000	      1.573	       1.00	     0.0000	    0.00454	    0.00454	    1.75539
20100422	 691.700000	      1.687	       1.00	     0.0000	    0.00846	    0.00846	    1.77671
20100423	 701.800000	      1.946	       1.00	     0.0000	    0.01460	    0.01460	    1.80712
20100426	 699.400000	      1.626	       1.00	     0.0000	   -0.00342	   -0.00342	    1.79511
20100427	 683.900000	      0.748	       0.00	     0.0000	   -0.02216	   -0.00000	    1.79468
20100428	 686.100000	      0.789	       0.00	     0.0000	    0.00322	    0.00000	    1.79426
20100429	 699.700000	      1.423	       1.00	     0.0000	    0.01982	    0.01982	    1.82785
20100430	 678.200000	      0.105	       0.00	     0.0000	   -0.03073	   -0.00000	    1.82742
20100503	 692.700000	      0.977	       0.00	     0.0000	    0.02138	    0.00000	    1.82698
20100504	 673.400000	     -0.466	       0.00	     0.0000	   -0.02786	   -0.00000	    1.82655
20100505	 661.500000	     -1.357	      -1.00	     0.0000	   -0.01767	    0.01767	    1.85858
20100506	 631.000000	     -2.847	      -1.00	     0.0000	   -0.04611	    0.04611	    1.85623
20100507	 614.500000	     -2.883	      -1.00	     0.0000	   -0.02615	    0.02615	    1.88862
20100510	 650.800000	     -1.125	       0.00	     0.0000	    0.05907	    0.00000	    1.88817
20100511	 654.800000	     -0.906	       0.00	     0.0000	    0.00615	    0.00000	    1.88772
20100512	 676.300000	      0.040	       0.00	     0.0000	    0.03283	    0.00000	    1.88728
20100513	 672.700000	     -0.100	       0.00	     0.0000	   -0.00532	   -0.00000	    1.88684
20100514	 658.400000	     -0.683	       0.00	     0.0000	   -0.02126	   -0.00000	    1.88639
20100517	 657.800000	     -0.663	       0.00	     0.0000	   -0.00091	   -0.00000	    1.88595
20100518	 645.700000	     -1.103	       0.00	     0.0000	   -0.01839	   -0.00000	    1.88550
20100519	 635.300000	     -1.386	      -1.00	     0.0000	   -0.01611	    0.01611	    1.91441
20100520	 602.700000	     -2.229	      -1.00	     0.0000	   -0.05131	    0.05131	    1.90720
20100521	 611.500000	     -1.681	      -1.00	     0.0000	    0.01460	   -0.01460	    1.85896
20100524	 602.900000	     -1.748	      -1.00	     0.0000	   -0.01406	    0.01406	    1.88457
20100525	 600.500000	     -1.636	      -1.00	     0.0000	   -0.00398	    0.00398	    1.89342
20100526	 600.500000	     -1.463	      -1.00	     0.0000	    0.00000	   -0.00000	    1.89298
20100527	 631.000000	     -0.456	       0.00	     0.0000	    0.05079	    0.00000	    1.89253
20100528	 623.800000	     -0.615	       0.00	     0.0000	   -0.01141	   -0.00000	    1.89209
20100601	 602.700000	     -1.219	       0.00	     0.0000	   -0.03382	   -0.00000	    1.89164
20100602	 620.800000	     -0.526	       0.00	     0.0000	    0.03003	    0.00000	    1.89120
20100603	 631.200000	     -0.060	       0.00	     0.0000	    0.01675	    0.00000	    1.89076
20100604	 598.400000	     -1.249	       0.00	     0.0000	   -0.05196	   -0.00000	    1.89032
20100607	 579.700000	     -1.741	      -1.00	     0.0000	   -0.03125	    0.03125	    1.92088
20100608	 577.600000	     -1.635	      -1.00	     0.0000	   -0.00362	    0.00362	    1.92873
20100609	 580.900000	     -1.365	      -1.00	     0.0000	    0.00571	   -0.00571	    1.91267
20100610	 598.600000	     -0.704	       0.00	     0.0000	    0.03047	    0.00000	    1.91223
20100611	 610.000000	     -0.237	       0.00	     0.0000	    0.01904	    0.00000	    1.91178
20100614	 615.700000	      0.090	       0.00	     0.0000	    0.00934	    0.00000	    1.91134
20100615	 628.900000	      0.783	       0.00	     0.0000	    0.02144	    0.00000	    1.91089
20100616	 629.600000	      0.982	       0.00	     0.0000	    0.00111	    0.00000	    1.91044
20100617	 630.100000	      1.114	       0.00	     0.0000	    0.00079	    0.00000	    1.91000
20100618	 628.300000	      1.058	       0.00	     0.0000	   -0.00286	   -0.00000	    1.90955
20100621	 623.600000	      0.726	       0.00	     0.0000	   -0.00748	   -0.00000	    1.90911
20100622	 607.700000	     -0.164	       0.00	     0.0000	   -0.02550	   -0.00000	    1.90866
20100623	 606.400000	     -0.247	       0.00	     0.0000	   -0.00214	   -0.00000	    1.90822
20100624	 597.900000	     -0.719	       0.00	     0.0000	   -0.01402	   -0.00000	    1.90778
20100625	 608.400000	     -0.149	       0.00	     0.0000	    0.01756	    0.00000	    1.90733
20100628	 605.800000	     -0.236	       0.00	     0.0000	   -0.00427	   -0.00000	    1.90689
20100629	 578.600000	     -1.618	      -1.00	     0.0000	   -0.04490	    0.04490	    1.92352
20100630	 573.200000	     -1.699	      -1.00	     0.0000	   -0.00933	    0.00933	    1.94115
20100701	 567.500000	     -1.734	      -1.00	     0.0000	   -0.00994	    0.00994	    1.95962
20100702	 560.300000	     -1.826	      -1.00	     0.0000	   -0.01269	    0.01269	    1.98169
20100706	 555.000000	     -1.798	      -1.00	     0.0000	   -0.00946	    0.00946	    1.99928
20100707	 577.500000	     -0.856	       0.00	     0.0000	    0.04054	    0.00000	    1.99882
20100708	 584.600000	     -0.582	       0.00	     0.0000	    0.01229	    0.00000	    1.99836
20100709	 591.000000	     -0.338	       0.00	     0.0000	    0.01095	    0.00000	    1.99789
20100712	 587.500000	     -0.461	       0.00	     0.0000	   -0.00592	   -0.00000	    1.99743
20100713	 603.700000	      0.234	       0.00	     0.0000	    0.02757	    0.00000	    1.99697
20100714	 604.300000	      0.286	       0.00	     0.0000	    0.00099	    0.00000	    1.99651
20100715	 595.600000	     -0.019	       0.00	     0.0000	   -0.01440	   -0.00000	    1.99604
20100716	 573.700000	     -0.922	       0.00	     0.0000	   -0.03677	   -0.00000	    1.99558
20100719	 574.800000	     -0.799	       0.00	     0.0000	    0.00192	    0.00000	    1.99512
20100720	 587.800000	     -0.056	       0.00	     0.0000	    0.02262	    0.00000	    1.99466
20100721	 576.800000	     -0.600	       0.00	     0.0000	   -0.01871	   -0.00000	    1.99420
20100722	 597.700000	      0.735	       0.00	     0.0000	    0.03623	    0.00000	    1.99374
20100723	 615.000000	      1.734	       1.00	     0.0000	    0.02894	    0.02894	    2.02334
20100726	 628.600000	      2.173	       1.00	     0.0000	    0.02211	    0.02211	    2.05198
20100727	 626.600000	      1.882	       1.00	     0.0000	   -0.00318	   -0.00318	    2.04391
20100728	 615.300000	      1.265	       1.00	     0.0000	   -0.01803	   -0.01803	    1.98946
20100729	 613.100000	      1.053	       0.00	     0.0000	   -0.00358	   -0.00000	    1.98901
20100730	 615.000000	      1.038	       0.00	     0.0000	    0.00310	    0.00000	    1.98855
20100802	 624.800000	      1.355	       1.00	     0.0000	    0.01593	    0.01593	    2.01320
20100803	 621.700000	      1.122	       0.00	     0.0000	   -0.00496	   -0.00000	    2.01274
20100804	 627.700000	      1.353	       1.00	     0.0000	    0.00965	    0.00965	    2.02988
20100805	 619.700000	      0.847	       0.00	     0.0000	   -0.01274	   -0.00000	    2.02941
20100806	 615.400000	      0.547	       0.00	     0.0000	   -0.00694	   -0.00000	    2.02894
20100809	 624.000000	      0.931	       0.00	     0.0000	    0.01397	    0.00000	    2.02848
20100810	 610.700000	      0.142	       0.00	     0.0000	   -0.02131	   -0.00000	    2.02801
20100811	 582.800000	     -1.321	      -1.00	     0.0000	   -0.04569	    0.04569	    2.04412
20100812	 579.800000	     -1.352	      -1.00	     0.0000	   -0.00515	    0.00515	    2.05359
20100813	 574.000000	     -1.510	      -1.00	     0.0000	   -0.01000	    0.01000	    2.07054
20100816	 580.100000	     -1.255	      -1.00	     0.0000	    0.01063	   -0.01063	    2.04321
20100817	 589.600000	     -0.855	       0.00	     0.0000	    0.01638	    0.00000	    2.04274
20100818	 587.100000	     -0.982	       0.00	     0.0000	   -0.00424	   -0.00000	    2.04228
20100819	 575.300000	     -1.582	      -1.00	     0.0000	   -0.02010	    0.02010	    2.06893
20100820	 576.000000	     -1.418	      -1.00	     0.0000	    0.00122	   -0.00122	    2.06585
20100823	 567.300000	     -1.621	      -1.00	     0.0000	   -0.01510	    0.01510	    2.08844
20100824	 560.200000	     -1.718	      -1.00	     0.0000	   -0.01252	    0.01252	    2.10819
20100825	 569.400000	     -1.194	       0.00	     0.0000	    0.01642	    0.00000	    2.10771
20100826	 564.800000	     -1.258	      -1.00	     0.0000	   -0.00808	    0.00808	    2.12160
20100827	 582.400000	     -0.448	       0.00	     0.0000	    0.03116	    0.00000	    2.12111
20100830	 566.200000	     -1.044	       0.00	     0.0000	   -0.02782	   -0.00000	    2.12063
20100831	 567.000000	     -0.926	       0.00	     0.0000	    0.00141	    0.00000	    2.12014
20100901	 589.300000	      0.151	       0.00	     0.0000	    0.03933	    0.00000	    2.11966
20100902	 597.200000	      0.664	       0.00	     0.0000	    0.01341	    0.00000	    2.11918
20100903	 608.400000	      1.351	       1.00	     0.0000	    0.01875	    0.01875	    2.14424
20100907	 595.600000	      0.742	       0.00	     0.0000	   -0.02104	   -0.00000	    2.14375
20100908	 600.100000	      1.248	       0.00	     0.0000	    0.00756	    0.00000	    2.14327
20100909	 599.400000	      1.323	       1.00	     0.0000	   -0.00117	   -0.00117	    2.14031
20100910	 601.400000	      1.338	       1.00	     0.0000	    0.00334	    0.00334	    2.14630
20100913	 616.100000	      2.003	       1.00	     0.0000	    0.02444	    0.02444	    2.17344
20100914	 615.400000	      1.707	       1.00	     0.0000	   -0.00114	   -0.00114	    2.17057
20100915	 618.800000	      1.667	       1.00	     0.0000	    0.00552	    0.00552	    2.18024
20100916	 615.700000	      1.361	       1.00	     0.0000	   -0.00501	   -0.00501	    2.16854
20100917	 615.600000	      1.234	       0.00	     0.0000	   -0.00016	   -0.00000	    2.16805
20100920	 633.000000	      1.808	       1.00	     0.0000	    0.02827	    0.02827	    2.19509
20100921	 630.700000	      1.511	       1.00	     0.0000	   -0.00363	   -0.00363	    2.18677
20100922	 623.400000	      1.089	       0.00	     0.0000	   -0.01157	   -0.00000	    2.18627
20100923	 615.200000	      0.658	       0.00	     0.0000	   -0.01315	   -0.00000	    2.18578
20100924	 635.400000	      1.464	       1.00	     0.0000	    0.03283	    0.03283	    2.21151
20100927	 633.800000	      1.302	       1.00	     0.0000	   -0.00252	   -0.00252	    2.20579
20100928	 639.800000	      1.443	       1.00	     0.0000	    0.00947	    0.00947	    2.22079
20100929	 643.500000	      1.554	       1.00	     0.0000	    0.00578	    0.00578	    2.23052
20100930	 642.400000	      1.493	       1.00	     0.0000	   -0.00171	   -0.00171	    2.22653
20101001	 646.100000	      1.574	       1.00	     0.0000	    0.00576	    0.00576	    2.23620
20101004	 636.700000	      0.914	       0.00	     0.0000	   -0.01455	   -0.00000	    2.23569
20101005	 654.200000	      1.757	       1.00	     0.0000	    0.02749	    0.02749	    2.26186
20101006	 652.600000	      1.528	       1.00	     0.0000	   -0.00245	   -0.00245	    2.25636
20101007	 652.200000	      1.384	       1.00	     0.0000	   -0.00061	   -0.00061	    2.25464
20101008	 658.600000	      1.640	       1.00	     0.0000	    0.00981	    0.00981	    2.26981
20101011	 660.200000	      1.622	       1.00	     0.0000	    0.00243	    0.00243	    2.27382
20101012	 660.400000	      1.471	       1.00	     0.0000	    0.00030	    0.00030	    2.27389
20101013	 673.300000	      1.990	       1.00	     0.0000	    0.01953	    0.01953	    2.29759
20101014	 674.900000	      1.828	       1.00	     0.0000	    0.00238	    0.00238	    2.30147
20101015	 670.800000	      1.456	       1.00	     0.0000	   -0.00607	   -0.00607	    2.28787
20101018	 674.700000	      1.543	       1.00	     0.0000	    0.00581	    0.00581	    2.29738
20101019	 662.400000	      0.750	       0.00	     0.0000	   -0.01823	   -0.00000	    2.29687
20101020	 668.700000	      1.018	       0.00	     0.0000	    0.00951	    0.00000	    2.29635
20101021	 665.000000	      0.728	       0.00	     0.0000	   -0.00553	   -0.00000	    2.29583
20101022	 670.000000	      1.021	       0.00	     0.0000	    0.00752	    0.00000	    2.29531
20101025	 674.800000	      1.258	       1.00	     0.0000	    0.00716	    0.00716	    2.30679
20101026	 673.200000	      1.063	       0.00	     0.0000	   -0.00237	   -0.00000	    2.30627
20101027	 671.400000	      0.844	       0.00	     0.0000	   -0.00267	   -0.00000	    2.30575
20101028	 665.500000	      0.283	       0.00	     0.0000	   -0.00879	   -0.00000	    2.30523
20101029	 670.100000	      0.618	       0.00	     0.0000	    0.00691	    0.00000	    2.30471
20101101	 667.200000	      0.266	       0.00	     0.0000	   -0.00433	   -0.00000	    2.30419
20101102	 681.100000	      1.789	       1.00	     0.0000	    0.02083	    0.02083	    2.32814
20101103	 684.200000	      1.920	       1.00	     0.0000	    0.00455	    0.00455	    2.33560
20101104	 700.100000	      2.919	       1.00	     0.0000	    0.02324	    0.02324	    2.36006
20101105	 704.100000	      2.666	       1.00	     0.0000	    0.00571	    0.00571	    2.36922
20101108	 702.400000	      2.129	       1.00	     0.0000	   -0.00241	   -0.00241	    2.36389
20101109	 693.700000	      1.315	       1.00	     0.0000	   -0.01239	   -0.01239	    2.33444
20101110	 699.600000	      1.579	       1.00	     0.0000	    0.00851	    0.00851	    2.34746
20101111	 698.300000	      1.332	       1.00	     0.0000	   -0.00186	   -0.00186	    2.34330
20101112	 686.100000	      0.423	       0.00	     0.0000	   -0.01747	   -0.00000	    2.34277
20101115	 687.600000	      0.476	       0.00	     0.0000	    0.00219	    0.00000	    2.34225
20101116	 672.900000	     -0.569	       0.00	     0.0000	   -0.02138	   -0.00000	    2.34173
20101117	 674.500000	     -0.517	       0.00	     0.0000	    0.00238	    0.00000	    2.34120
20101118	 689.500000	      0.534	       0.00	     0.0000	    0.02224	    0.00000	    2.34068
20101119	 691.500000	      0.612	       0.00	     0.0000	    0.00290	    0.00000	    2.34016
20101122	 695.200000	      0.820	       0.00	     0.0000	    0.00535	    0.00000	    2.33963
20101123	 687.500000	      0.161	       0.00	     0.0000	   -0.01108	   -0.00000	    2.33911
20101124	 703.500000	      1.312	       1.00	     0.0000	    0.02327	    0.02327	    2.36335
20101126	 698.600000	      0.840	       0.00	     0.0000	   -0.00697	   -0.00000	    2.36283
20101129	 698.500000	      0.765	       0.00	     0.0000	   -0.00014	   -0.00000	    2.36230
20101130	 694.400000	      0.328	       0.00	     0.0000	   -0.00587	   -0.00000	    2.36177
20101201	 709.800000	      1.731	       1.00	     0.0000	    0.02218	    0.02218	    2.38546
20101202	 719.400000	      2.259	       1.00	     0.0000	    0.01352	    0.01352	    2.40367
20101203	 722.600000	      2.134	       1.00	     0.0000	    0.00445	    0.00445	    2.41069
20101206	 727.300000	      2.116	       1.00	     0.0000	    0.00650	    0.00650	    2.42073
20101207	 731.900000	      2.079	       1.00	     0.0000	    0.00632	    0.00632	    2.43050
20101208	 733.700000	      1.893	       1.00	     0.0000	    0.00246	    0.00246	    2.43430
20101209	 734.600000	      1.696	       1.00	     0.0000	    0.00123	    0.00123	    2.43598
20101210	 743.900000	      1.878	       1.00	     0.0000	    0.01266	    0.01266	    2.45319
20101213	 741.800000	      1.569	       1.00	     0.0000	   -0.00282	   -0.00282	    2.44715
20101214	 740.500000	      1.357	       1.00	     0.0000	   -0.00175	   -0.00175	    2.44326
20101215	 737.600000	      1.115	       0.00	     0.0000	   -0.00392	   -0.00000	    2.44272
20101216	 744.800000	      1.322	       1.00	     0.0000	    0.00976	    0.00976	    2.45682
20101217	 746.500000	      1.308	       1.00	     0.0000	    0.00228	    0.00228	    2.46030
20101220	 748.800000	      1.291	       1.00	     0.0000	    0.00308	    0.00308	    2.46509
20101221	 758.700000	      1.585	       1.00	     0.0000	    0.01322	    0.01322	    2.48268
20101222	 758.900000	      1.445	       1.00	     0.0000	    0.00026	    0.00026	    2.48261
20101223	 757.500000	      1.295	       1.00	     0.0000	   -0.00184	   -0.00184	    2.47855
20101227	 759.600000	      1.275	       1.00	     0.0000	    0.00277	    0.00277	    2.48282
20101228	 756.900000	      1.062	       0.00	     0.0000	   -0.00355	   -0.00000	    2.48227
20101229	 758.200000	      1.069	       0.00	     0.0000	    0.00172	    0.00000	    2.48172
20101230	 757.700000	      1.042	       0.00	     0.0000	   -0.00066	   -0.00000	    2.48117
20101231	 752.600000	      0.638	       0.00	     0.0000	   -0.00673	   -0.00000	    2.48062
20110103	 765.200000	      1.525	       1.00	     0.0000	    0.01674	    0.01674	    2.50080
20110104	 753.600000	      0.502	       0.00	     0.0000	   -0.01516	   -0.00000	    2.50025
20110105	 762.600000	      1.248	       0.00	     0.0000	    0.01194	    0.00000	    2.49970
20110106	 761.400000	      1.053	       0.00	     0.0000	   -0.00157	   -0.00000	    2.49914
20110107	 755.000000	      0.315	       0.00	     0.0000	   -0.00841	   -0.00000	    2.49859
20110110	 759.900000	      0.809	       0.00	     0.0000	    0.00649	    0.00000	    2.49804
20110111	 764.500000	      1.255	       1.00	     0.0000	    0.00605	    0.00605	    2.50724
20110112	 770.700000	      1.808	       1.00	     0.0000	    0.00811	    0.00811	    2.51915
20110113	 770.300000	      1.626	       1.00	     0.0000	   -0.00052	   -0.00052	    2.51764
20110114	 776.200000	      2.211	       1.00	     0.0000	    0.00766	    0.00766	    2.52896
20110118	 778.500000	      2.192	       1.00	     0.0000	    0.00296	    0.00296	    2.53349
20110119	 756.100000	     -0.660	       0.00	     0.0000	   -0.02877	   -0.00000	    2.53293
20110120	 746.100000	     -1.904	      -1.00	     0.0000	   -0.01323	    0.01323	    2.55017
20110121	 742.200000	     -2.040	      -1.00	     0.0000	   -0.00523	    0.00523	    2.55813
20110124	 747.500000	     -1.314	      -1.00	     0.0000	    0.00714	   -0.00714	    2.54277
20110125	 748.500000	     -1.122	       0.00	     0.0000	    0.00134	    0.00000	    2.54221
20110126	 761.400000	      0.221	       0.00	     0.0000	    0.01723	    0.00000	    2.54165
20110127	 762.900000	      0.347	       0.00	     0.0000	    0.00197	    0.00000	    2.54109
20110128	 745.100000	     -1.375	      -1.00	     0.0000	   -0.02333	    0.02333	    2.56333
20110131	 750.500000	     -0.792	       0.00	     0.0000	    0.00725	    0.00000	    2.56277
20110201	 766.400000	      0.694	       0.00	     0.0000	    0.02119	    0.00000	    2.56221
20110202	 765.600000	      0.614	       0.00	     0.0000	   -0.00104	   -0.00000	    2.56164
20110203	 766.600000	      0.649	       0.00	     0.0000	    0.00131	    0.00000	    2.56108
20110204	 768.700000	      0.811	       0.00	     0.0000	    0.00274	    0.00000	    2.56052
20110207	 776.400000	      1.400	       1.00	     0.0000	    0.01002	    0.01002	    2.57441
20110208	 782.200000	      1.680	       1.00	     0.0000	    0.00747	    0.00747	    2.58528
20110209	 779.900000	      1.340	       1.00	     0.0000	   -0.00294	   -0.00294	    2.57912
20110210	 782.000000	      1.369	       1.00	     0.0000	    0.00269	    0.00269	    2.58313
20110211	 791.100000	      1.819	       1.00	     0.0000	    0.01164	    0.01164	    2.59861
20110214	 794.100000	      1.785	       1.00	     0.0000	    0.00379	    0.00379	    2.60432
20110215	 790.200000	      1.427	       1.00	     0.0000	   -0.00491	   -0.00491	    2.59409
20110216	 796.700000	      1.660	       1.00	     0.0000	    0.00823	    0.00823	    2.60583
20110217	 802.700000	      1.740	       1.00	     0.0000	    0.00753	    0.00753	    2.61670
20110218	 804.600000	      1.639	       1.00	     0.0000	    0.00237	    0.00237	    2.62016
20110222	 782.600000	      0.439	       0.00	     0.0000	   -0.02734	   -0.00000	    2.61958
20110223	 768.000000	     -0.435	       0.00	     0.0000	   -0.01866	   -0.00000	    2.61901
20110224	 773.000000	     -0.228	       0.00	     0.0000	    0.00651	    0.00000	    2.61844
20110225	 792.100000	      0.864	       0.00	     0.0000	    0.02471	    0.00000	    2.61787
