19940801	 809.600000	      2.200	       1.00	     0.0000	    0.00272	    0.00272	    0.00000
19940802	 809.450000	      1.902	       1.00	     0.0000	   -0.00019	   -0.00019	    0.26902
19940803	 809.950000	      1.794	       1.00	     0.0000	    0.00062	    0.00062	    0.32619
19940804	 806.850000	      0.991	       0.00	     0.0000	   -0.00383	   -0.00000	    0.32614
19940805	 805.900000	      0.685	       0.00	     0.0000	   -0.00118	   -0.00000	    0.32609
19940808	 806.450000	      0.744	       0.00	     0.0000	    0.00068	    0.00000	    0.32603
19940809	 807.000000	      0.826	       0.00	     0.0000	    0.00068	    0.00000	    0.32598
19940810	 809.600000	      1.464	       1.00	     0.0000	    0.00322	    0.00322	    0.43204
19940811	 806.900000	      0.597	       0.00	     0.0000	   -0.00333	   -0.00000	    0.43197
19940812	 811.150000	      1.741	       1.00	     0.0000	    0.00527	    0.00527	    0.49653
19940815	 810.550000	      1.391	       1.00	     0.0000	   -0.00074	   -0.00074	    0.46214
19940816	 813.850000	      1.997	       1.00	     0.0000	    0.00407	    0.00407	    0.54494
19940817	 813.350000	      1.638	       1.00	     0.0000	   -0.00061	   -0.00061	    0.52092
19940818	 811.700000	      1.133	       0.00	     0.0000	   -0.00203	   -0.00000	    0.52084
19940819	 812.150000	      1.146	       0.00	     0.0000	    0.00055	    0.00000	    0.52075
19940822	 811.300000	      0.843	       0.00	     0.0000	   -0.00105	   -0.00000	    0.52067
19940823	 813.700000	      1.382	       1.00	     0.0000	    0.00296	    0.00296	    0.58862
19940824	 818.250000	      2.286	       1.00	     0.0000	    0.00559	    0.00559	    0.65045
19940825	 816.900000	      1.802	       1.00	     0.0000	   -0.00165	   -0.00165	    0.59565
19940826	 823.800000	      2.846	       1.00	     0.0000	    0.00845	    0.00845	    0.64365
19940829	 823.500000	      2.270	       1.00	     0.0000	   -0.00036	   -0.00036	    0.63541
19940830	 824.650000	      2.082	       1.00	     0.0000	    0.00140	    0.00140	    0.66197
19940831	 822.600000	      1.526	       1.00	     0.0000	   -0.00249	   -0.00249	    0.59805
19940901	 822.300000	      1.326	       1.00	     0.0000	   -0.00036	   -0.00036	    0.59001
19940902	 820.050000	      0.882	       0.00	     0.0000	   -0.00274	   -0.00000	    0.58992
19940906	 819.900000	      0.779	       0.00	     0.0000	   -0.00018	   -0.00000	    0.58982
19940907	 819.150000	      0.582	       0.00	     0.0000	   -0.00091	   -0.00000	    0.58973
19940908	 821.400000	      0.896	       0.00	     0.0000	    0.00275	    0.00000	    0.58963
19940909	 816.450000	     -0.074	       0.00	     0.0000	   -0.00603	   -0.00000	    0.58954
19940912	 814.050000	     -0.658	       0.00	     0.0000	   -0.00294	   -0.00000	    0.58944
19940913	 815.650000	     -0.382	       0.00	     0.0000	    0.00197	    0.00000	    0.58935
19940914	 817.200000	     -0.119	       0.00	     0.0000	    0.00190	    0.00000	    0.58926
19940915	 822.050000	      0.920	       0.00	     0.0000	    0.00593	    0.00000	    0.58916
19940916	 818.950000	      0.140	       0.00	     0.0000	   -0.00377	   -0.00000	    0.58907
19940919	 818.950000	      0.062	       0.00	     0.0000	    0.00000	    0.00000	    0.58897
19940920	 810.350000	     -2.051	      -1.00	     0.0000	   -0.01050	    0.01050	    0.64231
19940921	 810.050000	     -2.049	      -1.00	     0.0000	   -0.00037	    0.00037	    0.64826
19940922	 809.150000	     -2.033	      -1.00	     0.0000	   -0.00111	    0.00111	    0.66537
19940923	 808.350000	     -1.896	      -1.00	     0.0000	   -0.00099	    0.00099	    0.68067
19940926	 809.550000	     -1.494	      -1.00	     0.0000	    0.00148	   -0.00148	    0.65339
19940927	 810.350000	     -1.220	       0.00	     0.0000	    0.00099	    0.00000	    0.65329
19940928	 812.850000	     -0.679	       0.00	     0.0000	    0.00309	    0.00000	    0.65318
19940929	 810.400000	     -1.061	       0.00	     0.0000	   -0.00301	   -0.00000	    0.65308
19940930	 809.650000	     -1.109	       0.00	     0.0000	   -0.00093	   -0.00000	    0.65297
19941003	 809.650000	     -1.019	       0.00	     0.0000	    0.00000	    0.00000	    0.65287
19941004	 801.450000	     -2.270	      -1.00	     0.0000	   -0.01013	    0.01013	    0.70877
19941005	 800.650000	     -2.059	      -1.00	     0.0000	   -0.00100	    0.00100	    0.72208
19941006	 800.300000	     -1.842	      -1.00	     0.0000	   -0.00044	    0.00044	    0.72805
19941007	 803.050000	     -1.288	      -1.00	     0.0000	    0.00344	   -0.00344	    0.66903
19941010	 807.050000	     -0.567	       0.00	     0.0000	    0.00498	    0.00000	    0.66893
19941011	 813.800000	      0.557	       0.00	     0.0000	    0.00836	    0.00000	    0.66882
19941012	 814.050000	      0.617	       0.00	     0.0000	    0.00031	    0.00000	    0.66872
19941013	 815.550000	      0.895	       0.00	     0.0000	    0.00184	    0.00000	    0.66861
19941014	 817.650000	      1.376	       1.00	     0.0000	    0.00257	    0.00257	    0.69925
19941017	 816.450000	      1.219	       0.00	     0.0000	   -0.00147	   -0.00000	    0.69914
19941018	 814.900000	      1.016	       0.00	     0.0000	   -0.00190	   -0.00000	    0.69903
19941019	 817.300000	      1.356	       1.00	     0.0000	    0.00295	    0.00295	    0.73261
19941020	 813.800000	      0.655	       0.00	     0.0000	   -0.00428	   -0.00000	    0.73250
19941021	 812.150000	      0.321	       0.00	     0.0000	   -0.00203	   -0.00000	    0.73238
19941024	 808.550000	     -0.351	       0.00	     0.0000	   -0.00443	   -0.00000	    0.73227
19941025	 808.800000	     -0.297	       0.00	     0.0000	    0.00031	    0.00000	    0.73215
19941026	 809.750000	     -0.115	       0.00	     0.0000	    0.00117	    0.00000	    0.73203
19941027	 813.600000	      0.591	       0.00	     0.0000	    0.00475	    0.00000	    0.73192
19941028	 822.600000	      1.929	       1.00	     0.0000	    0.01106	    0.01106	    0.78081
19941031	 818.850000	      1.188	       0.00	     0.0000	   -0.00456	   -0.00000	    0.78069
19941101	 815.550000	      0.610	       0.00	     0.0000	   -0.00403	   -0.00000	    0.78057
19941102	 813.250000	      0.168	       0.00	     0.0000	   -0.00282	   -0.00000	    0.78044
19941103	 815.200000	      0.428	       0.00	     0.0000	    0.00240	    0.00000	    0.78032
19941104	 808.800000	     -1.020	       0.00	     0.0000	   -0.00785	   -0.00000	    0.78020
19941107	 810.900000	     -0.737	       0.00	     0.0000	    0.00260	    0.00000	    0.78007
19941108	 813.350000	     -0.195	       0.00	     0.0000	    0.00302	    0.00000	    0.77995
19941109	 812.200000	     -0.495	       0.00	     0.0000	   -0.00141	   -0.00000	    0.77983
19941110	 811.600000	     -0.624	       0.00	     0.0000	   -0.00074	   -0.00000	    0.77971
19941111	 809.200000	     -1.169	       0.00	     0.0000	   -0.00296	   -0.00000	    0.77958
19941114	 813.500000	      0.042	       0.00	     0.0000	    0.00531	    0.00000	    0.77946
19941115	 812.050000	     -0.308	       0.00	     0.0000	   -0.00178	   -0.00000	    0.77934
19941116	 813.250000	      0.054	       0.00	     0.0000	    0.00148	    0.00000	    0.77921
19941117	 810.750000	     -0.587	       0.00	     0.0000	   -0.00307	   -0.00000	    0.77909
19941118	 809.600000	     -0.852	       0.00	     0.0000	   -0.00142	   -0.00000	    0.77897
19941121	 804.000000	     -2.075	      -1.00	     0.0000	   -0.00692	    0.00692	    0.82802
19941122	 793.550000	     -3.184	      -1.00	     0.0000	   -0.01300	    0.01300	    0.86558
19941123	 796.950000	     -2.165	      -1.00	     0.0000	    0.00428	   -0.00428	    0.81156
19941125	 800.050000	     -1.513	      -1.00	     0.0000	    0.00389	   -0.00389	    0.76443
19941128	 801.350000	     -1.197	       0.00	     0.0000	    0.00162	    0.00000	    0.76431
19941129	 802.650000	     -0.943	       0.00	     0.0000	    0.00162	    0.00000	    0.76419
19941130	 800.350000	     -1.187	       0.00	     0.0000	   -0.00287	   -0.00000	    0.76407
19941201	 795.400000	     -1.722	      -1.00	     0.0000	   -0.00618	    0.00618	    0.80739
19941202	 800.300000	     -0.907	       0.00	     0.0000	    0.00616	    0.00000	    0.80727
19941205	 800.450000	     -0.804	       0.00	     0.0000	    0.00019	    0.00000	    0.80714
19941206	 800.250000	     -0.765	       0.00	     0.0000	   -0.00025	   -0.00000	    0.80701
19941207	 798.500000	     -0.935	       0.00	     0.0000	   -0.00219	   -0.00000	    0.80689
19941208	 792.350000	     -1.655	      -1.00	     0.0000	   -0.00770	    0.00770	    0.85313
19941209	 794.300000	     -1.246	       0.00	     0.0000	    0.00246	    0.00000	    0.85300
19941212	 796.550000	     -0.836	       0.00	     0.0000	    0.00283	    0.00000	    0.85287
19941213	 797.350000	     -0.645	       0.00	     0.0000	    0.00100	    0.00000	    0.85273
19941214	 801.300000	      0.048	       0.00	     0.0000	    0.00495	    0.00000	    0.85260
19941215	 801.850000	      0.243	       0.00	     0.0000	    0.00069	    0.00000	    0.85246
19941216	 805.000000	      1.029	       0.00	     0.0000	    0.00393	    0.00000	    0.85233
19941219	 805.150000	      1.248	       0.00	     0.0000	    0.00019	    0.00000	    0.85220
19941220	 803.650000	      1.094	       0.00	     0.0000	   -0.00186	   -0.00000	    0.85206
19941221	 808.100000	      2.054	       1.00	     0.0000	    0.00554	    0.00554	    0.88963
19941222	 806.450000	      1.500	       1.00	     0.0000	   -0.00204	   -0.00204	    0.86842
19941223	 806.750000	      1.408	       1.00	     0.0000	    0.00037	    0.00037	    0.87170
19941227	 809.200000	      1.735	       1.00	     0.0000	    0.00304	    0.00304	    0.89552
19941228	 807.500000	      1.244	       0.00	     0.0000	   -0.00210	   -0.00000	    0.89538
19941229	 807.800000	      1.208	       0.00	     0.0000	    0.00037	    0.00000	    0.89524
19941230	 804.550000	      0.507	       0.00	     0.0000	   -0.00402	   -0.00000	    0.89510
19950103	 804.650000	      0.458	       0.00	     0.0000	    0.00012	    0.00000	    0.89496
19950104	 806.950000	      0.863	       0.00	     0.0000	    0.00286	    0.00000	    0.89482
19950105	 806.450000	      0.696	       0.00	     0.0000	   -0.00062	   -0.00000	    0.89468
19950106	 806.200000	      0.585	       0.00	     0.0000	   -0.00031	   -0.00000	    0.89454
19950109	 806.950000	      0.667	       0.00	     0.0000	    0.00093	    0.00000	    0.89440
19950110	 807.400000	      0.721	       0.00	     0.0000	    0.00056	    0.00000	    0.89426
19950111	 807.650000	      0.754	       0.00	     0.0000	    0.00031	    0.00000	    0.89413
19950112	 807.450000	      0.658	       0.00	     0.0000	   -0.00025	   -0.00000	    0.89399
19950113	 812.250000	      2.444	       1.00	     0.0000	    0.00594	    0.00594	    0.93173
19950116	 814.950000	      2.844	       1.00	     0.0000	    0.00332	    0.00332	    0.95649
19950117	 815.200000	      2.463	       1.00	     0.0000	    0.00031	    0.00031	    0.95908
19950118	 814.350000	      1.879	       1.00	     0.0000	   -0.00104	   -0.00104	    0.94896
19950119	 811.800000	      1.013	       0.00	     0.0000	   -0.00313	   -0.00000	    0.94881
19950120	 810.500000	      0.555	       0.00	     0.0000	   -0.00160	   -0.00000	    0.94866
19950123	 811.300000	      0.747	       0.00	     0.0000	    0.00099	    0.00000	    0.94851
19950124	 811.550000	      0.749	       0.00	     0.0000	    0.00031	    0.00000	    0.94837
19950125	 813.100000	      1.110	       0.00	     0.0000	    0.00191	    0.00000	    0.94822
19950126	 814.350000	      1.345	       1.00	     0.0000	    0.00154	    0.00154	    0.96084
19950127	 814.750000	      1.311	       1.00	     0.0000	    0.00049	    0.00049	    0.96501
19950130	 813.150000	      0.793	       0.00	     0.0000	   -0.00196	   -0.00000	    0.96486
19950131	 815.400000	      1.298	       1.00	     0.0000	    0.00277	    0.00277	    0.98591
19950201	 815.100000	      1.129	       0.00	     0.0000	   -0.00037	   -0.00000	    0.98576
19950202	 817.850000	      1.718	       1.00	     0.0000	    0.00337	    0.00337	    1.01023
19950203	 824.250000	      2.736	       1.00	     0.0000	    0.00783	    0.00783	    1.04883
19950206	 825.950000	      2.533	       1.00	     0.0000	    0.00206	    0.00206	    1.06448
19950207	 826.200000	      2.183	       1.00	     0.0000	    0.00030	    0.00030	    1.06690
19950208	 825.550000	      1.814	       1.00	     0.0000	   -0.00079	   -0.00079	    1.05961
19950209	 825.850000	      1.668	       1.00	     0.0000	    0.00036	    0.00036	    1.06253
19950210	 826.850000	      1.659	       1.00	     0.0000	    0.00121	    0.00121	    1.07213
19950213	 826.550000	      1.435	       1.00	     0.0000	   -0.00036	   -0.00036	    1.06876
19950214	 826.900000	      1.340	       1.00	     0.0000	    0.00042	    0.00042	    1.07217
19950215	 830.000000	      1.607	       1.00	     0.0000	    0.00375	    0.00375	    1.09734
19950216	 829.500000	      1.373	       1.00	     0.0000	   -0.00060	   -0.00060	    1.09181
19950217	 827.650000	      1.011	       0.00	     0.0000	   -0.00223	   -0.00000	    1.09164
19950221	 827.600000	      0.919	       0.00	     0.0000	   -0.00006	   -0.00000	    1.09147
19950222	 830.300000	      1.212	       0.00	     0.0000	    0.00326	    0.00000	    1.09130
19950223	 831.900000	      1.341	       1.00	     0.0000	    0.00193	    0.00193	    1.10582
19950224	 831.900000	      1.237	       0.00	     0.0000	    0.00000	    0.00000	    1.10565
19950227	 828.150000	      0.565	       0.00	     0.0000	   -0.00451	   -0.00000	    1.10548
19950228	 831.750000	      1.094	       0.00	     0.0000	    0.00435	    0.00000	    1.10531
19950301	 829.350000	      0.607	       0.00	     0.0000	   -0.00289	   -0.00000	    1.10514
19950302	 829.650000	      0.613	       0.00	     0.0000	    0.00036	    0.00000	    1.10497
19950303	 829.050000	      0.411	       0.00	     0.0000	   -0.00072	   -0.00000	    1.10480
19950306	 829.400000	      0.495	       0.00	     0.0000	    0.00042	    0.00000	    1.10463
19950307	 825.450000	     -1.367	      -1.00	     0.0000	   -0.00476	    0.00476	    1.13362
19950308	 826.650000	     -0.832	       0.00	     0.0000	    0.00145	    0.00000	    1.13345
19950309	 826.600000	     -0.873	       0.00	     0.0000	   -0.00006	   -0.00000	    1.13327
19950310	 834.400000	      2.375	       1.00	     0.0000	    0.00944	    0.00944	    1.16760
19950313	 833.250000	      1.674	       1.00	     0.0000	   -0.00138	   -0.00138	    1.15525
19950314	 836.600000	      2.435	       1.00	     0.0000	    0.00402	    0.00402	    1.18003
19950315	 835.300000	      1.737	       1.00	     0.0000	   -0.00155	   -0.00155	    1.16610
19950316	 838.750000	      2.342	       1.00	     0.0000	    0.00413	    0.00413	    1.19112
19950317	 838.950000	      2.020	       1.00	     0.0000	    0.00024	    0.00024	    1.19283
19950320	 839.350000	      1.826	       1.00	     0.0000	    0.00048	    0.00048	    1.19637
19950321	 838.550000	      1.462	       1.00	     0.0000	   -0.00095	   -0.00095	    1.18809
19950322	 838.550000	      1.317	       1.00	     0.0000	    0.00000	    0.00000	    1.18791
19950323	 838.550000	      1.192	       0.00	     0.0000	    0.00000	    0.00000	    1.18773
19950324	 844.600000	      2.073	       1.00	     0.0000	    0.00721	    0.00721	    1.22027
19950327	 846.750000	      2.069	       1.00	     0.0000	    0.00255	    0.00255	    1.23705
19950328	 846.600000	      1.782	       1.00	     0.0000	   -0.00018	   -0.00018	    1.23545
19950329	 845.650000	      1.454	       1.00	     0.0000	   -0.00112	   -0.00112	    1.22585
19950330	 845.600000	      1.303	       1.00	     0.0000	   -0.00006	   -0.00006	    1.22520
19950331	 843.600000	      0.922	       0.00	     0.0000	   -0.00237	   -0.00000	    1.22501
19950403	 843.800000	      0.865	       0.00	     0.0000	    0.00024	    0.00000	    1.22482
19950404	 847.000000	      1.218	       0.00	     0.0000	    0.00379	    0.00000	    1.22464
19950405	 848.100000	      1.308	       1.00	     0.0000	    0.00130	    0.00130	    1.23384
19950406	 848.800000	      1.356	       1.00	     0.0000	    0.00083	    0.00083	    1.23979
19950407	 847.850000	      1.188	       0.00	     0.0000	   -0.00112	   -0.00000	    1.23960
19950410	 848.900000	      1.284	       1.00	     0.0000	    0.00124	    0.00124	    1.24838
19950411	 847.200000	      0.873	       0.00	     0.0000	   -0.00200	   -0.00000	    1.24819
19950412	 849.150000	      1.202	       0.00	     0.0000	    0.00230	    0.00000	    1.24800
19950413	 851.350000	      1.594	       1.00	     0.0000	    0.00259	    0.00259	    1.26485
19950417	 847.600000	      0.629	       0.00	     0.0000	   -0.00440	   -0.00000	    1.26466
19950418	 846.950000	      0.396	       0.00	     0.0000	   -0.00077	   -0.00000	    1.26446
19950419	 845.850000	      0.025	       0.00	     0.0000	   -0.00130	   -0.00000	    1.26427
19950420	 846.500000	      0.116	       0.00	     0.0000	    0.00077	    0.00000	    1.26408
19950421	 849.500000	      1.068	       0.00	     0.0000	    0.00354	    0.00000	    1.26388
19950424	 854.200000	      2.768	       1.00	     0.0000	    0.00553	    0.00553	    1.29190
19950425	 852.600000	      1.842	       1.00	     0.0000	   -0.00187	   -0.00187	    1.27559
19950426	 853.400000	      1.845	       1.00	     0.0000	    0.00094	    0.00094	    1.28221
19950427	 854.500000	      1.901	       1.00	     0.0000	    0.00129	    0.00129	    1.29114
19950428	 855.950000	      2.001	       1.00	     0.0000	    0.00170	    0.00170	    1.30261
19950501	 854.500000	      1.420	       1.00	     0.0000	   -0.00169	   -0.00169	    1.28803
19950502	 855.850000	      1.630	       1.00	     0.0000	    0.00158	    0.00158	    1.29877
19950503	 861.800000	      2.637	       1.00	     0.0000	    0.00695	    0.00695	    1.32846
19950504	 862.200000	      2.245	       1.00	     0.0000	    0.00046	    0.00046	    1.33166
19950505	 860.550000	      1.662	       1.00	     0.0000	   -0.00191	   -0.00191	    1.31532
19950508	 864.500000	      2.050	       1.00	     0.0000	    0.00459	    0.00459	    1.33969
19950509	 863.650000	      1.668	       1.00	     0.0000	   -0.00098	   -0.00098	    1.33169
19950510	 864.600000	      1.609	       1.00	     0.0000	    0.00110	    0.00110	    1.33914
19950511	 865.850000	      1.605	       1.00	     0.0000	    0.00145	    0.00145	    1.34874
19950512	 866.450000	      1.509	       1.00	     0.0000	    0.00069	    0.00069	    1.35348
19950515	 869.100000	      1.660	       1.00	     0.0000	    0.00306	    0.00306	    1.37161
19950516	 868.700000	      1.448	       1.00	     0.0000	   -0.00046	   -0.00046	    1.36788
19950517	 867.000000	      1.121	       0.00	     0.0000	   -0.00196	   -0.00000	    1.36768
19950518	 858.300000	     -0.184	       0.00	     0.0000	   -0.01003	   -0.00000	    1.36747
19950519	 859.550000	     -0.099	       0.00	     0.0000	    0.00146	    0.00000	    1.36726
19950522	 864.500000	      0.678	       0.00	     0.0000	    0.00576	    0.00000	    1.36705
19950523	 869.200000	      1.400	       1.00	     0.0000	    0.00544	    0.00544	    1.39304
19950524	 868.650000	      1.203	       0.00	     0.0000	   -0.00063	   -0.00000	    1.39283
19950525	 869.100000	      1.196	       0.00	     0.0000	    0.00052	    0.00000	    1.39262
19950526	 863.050000	     -0.092	       0.00	     0.0000	   -0.00696	   -0.00000	    1.39241
19950530	 862.700000	     -0.255	       0.00	     0.0000	   -0.00041	   -0.00000	    1.39220
19950531	 872.550000	      1.893	       1.00	     0.0000	    0.01142	    0.01142	    1.41464
19950601	 872.950000	      1.856	       1.00	     0.0000	    0.00046	    0.00046	    1.41757
19950602	 871.350000	      1.312	       1.00	     0.0000	   -0.00183	   -0.00183	    1.40297
19950605	 875.850000	      2.030	       1.00	     0.0000	    0.00516	    0.00516	    1.42730
19950606	 874.550000	      1.567	       1.00	     0.0000	   -0.00148	   -0.00148	    1.41577
19950607	 872.450000	      1.016	       0.00	     0.0000	   -0.00240	   -0.00000	    1.41555
19950608	 870.850000	      0.612	       0.00	     0.0000	   -0.00183	   -0.00000	    1.41534
19950609	 867.900000	     -0.048	       0.00	     0.0000	   -0.00339	   -0.00000	    1.41512
19950612	 871.400000	      0.645	       0.00	     0.0000	    0.00403	    0.00000	    1.41491
19950613	 875.400000	      1.348	       1.00	     0.0000	    0.00459	    0.00459	    1.43746
19950614	 875.200000	      1.200	       0.00	     0.0000	   -0.00023	   -0.00000	    1.43724
19950615	 877.400000	      1.462	       1.00	     0.0000	    0.00251	    0.00251	    1.45166
19950616	 878.500000	      1.480	       1.00	     0.0000	    0.00125	    0.00125	    1.45942
19950619	 884.250000	      2.220	       1.00	     0.0000	    0.00655	    0.00655	    1.48542
19950620	 883.900000	      1.973	       1.00	     0.0000	   -0.00040	   -0.00040	    1.48243
19950621	 883.550000	      1.703	       1.00	     0.0000	   -0.00040	   -0.00040	    1.47943
19950622	 889.950000	      2.260	       1.00	     0.0000	    0.00724	    0.00724	    1.50564
19950623	 889.500000	      1.884	       1.00	     0.0000	   -0.00051	   -0.00051	    1.50190
19950626	 882.800000	      0.902	       0.00	     0.0000	   -0.00753	   -0.00000	    1.50168
19950627	 881.750000	      0.693	       0.00	     0.0000	   -0.00119	   -0.00000	    1.50145
19950628	 884.000000	      0.957	       0.00	     0.0000	    0.00255	    0.00000	    1.50122
19950629	 883.050000	      0.732	       0.00	     0.0000	   -0.00107	   -0.00000	    1.50100
19950630	 881.750000	      0.468	       0.00	     0.0000	   -0.00147	   -0.00000	    1.50077
19950703	 884.150000	      0.772	       0.00	     0.0000	    0.00272	    0.00000	    1.50054
19950705	 886.600000	      1.066	       0.00	     0.0000	    0.00277	    0.00000	    1.50031
19950706	 892.450000	      1.745	       1.00	     0.0000	    0.00660	    0.00660	    1.52560
19950707	 894.650000	      1.819	       1.00	     0.0000	    0.00247	    0.00247	    1.53913
19950710	 895.800000	      1.775	       1.00	     0.0000	    0.00129	    0.00129	    1.54671
19950711	 892.350000	      1.240	       0.00	     0.0000	   -0.00385	   -0.00000	    1.54647
19950712	 898.700000	      1.997	       1.00	     0.0000	    0.00712	    0.00712	    1.57148
19950713	 898.600000	      1.771	       1.00	     0.0000	   -0.00011	   -0.00011	    1.57051
19950714	 897.350000	      1.461	       1.00	     0.0000	   -0.00139	   -0.00139	    1.56038
19950717	 900.050000	      1.684	       1.00	     0.0000	    0.00301	    0.00301	    1.57594
19950718	 895.500000	      0.924	       0.00	     0.0000	   -0.00506	   -0.00000	    1.57571
19950719	 888.500000	     -0.199	       0.00	     0.0000	   -0.00782	   -0.00000	    1.57547
19950720	 890.850000	      0.123	       0.00	     0.0000	    0.00264	    0.00000	    1.57523
19950721	 889.950000	     -0.074	       0.00	     0.0000	   -0.00101	   -0.00000	    1.57499
19950724	 895.000000	      0.718	       0.00	     0.0000	    0.00567	    0.00000	    1.57476
19950725	 897.900000	      1.094	       0.00	     0.0000	    0.00324	    0.00000	    1.57452
19950726	 898.650000	      1.109	       0.00	     0.0000	    0.00084	    0.00000	    1.57428
19950727	 902.150000	      1.531	       1.00	     0.0000	    0.00389	    0.00389	    1.59292
19950728	 898.900000	      0.916	       0.00	     0.0000	   -0.00360	   -0.00000	    1.59268
19950731	 897.750000	      0.652	       0.00	     0.0000	   -0.00128	   -0.00000	    1.59244
19950801	 896.000000	      0.245	       0.00	     0.0000	   -0.00195	   -0.00000	    1.59220
19950802	 893.950000	     -0.340	       0.00	     0.0000	   -0.00229	   -0.00000	    1.59196
19950803	 895.050000	     -0.192	       0.00	     0.0000	    0.00123	    0.00000	    1.59172
19950804	 895.200000	     -0.190	       0.00	     0.0000	    0.00017	    0.00000	    1.59148
19950807	 895.850000	     -0.017	       0.00	     0.0000	    0.00073	    0.00000	    1.59125
19950808	 896.450000	      0.150	       0.00	     0.0000	    0.00067	    0.00000	    1.59101
19950809	 896.500000	      0.110	       0.00	     0.0000	    0.00006	    0.00000	    1.59077
19950810	 893.100000	     -0.835	       0.00	     0.0000	   -0.00379	   -0.00000	    1.59053
19950811	 891.800000	     -1.112	       0.00	     0.0000	   -0.00146	   -0.00000	    1.59029
19950814	 896.300000	      0.240	       0.00	     0.0000	    0.00505	    0.00000	    1.59005
19950815	 894.650000	     -0.185	       0.00	     0.0000	   -0.00184	   -0.00000	    1.58981
19950816	 895.200000	     -0.007	       0.00	     0.0000	    0.00061	    0.00000	    1.58958
19950817	 895.200000	     -0.123	       0.00	     0.0000	    0.00000	    0.00000	    1.58934
19950818	 896.200000	      0.157	       0.00	     0.0000	    0.00112	    0.00000	    1.58910
19950821	 893.450000	     -1.108	       0.00	     0.0000	   -0.00307	   -0.00000	    1.58886
19950822	 894.500000	     -0.631	       0.00	     0.0000	    0.00118	    0.00000	    1.58862
19950823	 892.400000	     -1.389	      -1.00	     0.0000	   -0.00235	    0.00235	    1.60121
19950824	 893.700000	     -0.760	       0.00	     0.0000	    0.00146	    0.00000	    1.60097
19950825	 896.650000	      0.846	       0.00	     0.0000	    0.00330	    0.00000	    1.60073
19950828	 894.000000	     -0.620	       0.00	     0.0000	   -0.00296	   -0.00000	    1.60049
19950829	 895.150000	      0.235	       0.00	     0.0000	    0.00129	    0.00000	    1.60025
19950830	 895.750000	      0.680	       0.00	     0.0000	    0.00067	    0.00000	    1.60002
19950831	 897.450000	      1.672	       1.00	     0.0000	    0.00190	    0.00190	    1.61048
19950901	 899.550000	      2.443	       1.00	     0.0000	    0.00234	    0.00234	    1.62296
19950905	 903.950000	      3.191	       1.00	     0.0000	    0.00489	    0.00489	    1.64384
19950906	 905.750000	      2.822	       1.00	     0.0000	    0.00199	    0.00199	    1.65462
19950907	 905.600000	      2.266	       1.00	     0.0000	   -0.00017	   -0.00017	    1.65330
19950908	 908.000000	      2.314	       1.00	     0.0000	    0.00265	    0.00265	    1.66694
19950911	 908.500000	      2.040	       1.00	     0.0000	    0.00055	    0.00055	    1.67007
19950912	 911.200000	      2.146	       1.00	     0.0000	    0.00297	    0.00297	    1.68492
19950913	 914.000000	      2.165	       1.00	     0.0000	    0.00307	    0.00307	    1.70008
19950914	 918.700000	      2.319	       1.00	     0.0000	    0.00514	    0.00514	    1.72082
19950915	 918.900000	      1.985	       1.00	     0.0000	    0.00022	    0.00022	    1.72191
19950918	 917.550000	      1.610	       1.00	     0.0000	   -0.00147	   -0.00147	    1.71146
19950919	 919.700000	      1.623	       1.00	     0.0000	    0.00234	    0.00234	    1.72357
19950920	 921.950000	      1.642	       1.00	     0.0000	    0.00245	    0.00245	    1.73609
19950921	 916.450000	      0.998	       0.00	     0.0000	   -0.00597	   -0.00000	    1.73583
19950922	 917.050000	      0.968	       0.00	     0.0000	    0.00065	    0.00000	    1.73557
19950925	 915.800000	      0.763	       0.00	     0.0000	   -0.00136	   -0.00000	    1.73531
19950926	 915.750000	      0.682	       0.00	     0.0000	   -0.00005	   -0.00000	    1.73505
19950927	 915.250000	      0.556	       0.00	     0.0000	   -0.00055	   -0.00000	    1.73479
19950928	 919.000000	      0.933	       0.00	     0.0000	    0.00410	    0.00000	    1.73454
19950929	 918.000000	      0.746	       0.00	     0.0000	   -0.00109	   -0.00000	    1.73428
19951002	 914.850000	      0.207	       0.00	     0.0000	   -0.00343	   -0.00000	    1.73402
19951003	 916.100000	      0.332	       0.00	     0.0000	    0.00137	    0.00000	    1.73376
19951004	 914.700000	     -0.043	       0.00	     0.0000	   -0.00153	   -0.00000	    1.73351
19951005	 916.400000	      0.244	       0.00	     0.0000	    0.00186	    0.00000	    1.73325
19951006	 916.600000	      0.197	       0.00	     0.0000	    0.00022	    0.00000	    1.73299
19951009	 911.550000	     -1.480	      -1.00	     0.0000	   -0.00551	    0.00551	    1.75393
19951010	 911.050000	     -1.850	      -1.00	     0.0000	   -0.00055	    0.00055	    1.75696
19951011	 913.150000	     -1.194	       0.00	     0.0000	    0.00231	    0.00000	    1.75670
19951012	 917.300000	      0.320	       0.00	     0.0000	    0.00454	    0.00000	    1.75644
19951013	 918.000000	      0.608	       0.00	     0.0000	    0.00076	    0.00000	    1.75618
19951016	 914.900000	     -0.531	       0.00	     0.0000	   -0.00338	   -0.00000	    1.75592
19951017	 919.700000	      1.277	       1.00	     0.0000	    0.00525	    0.00525	    1.77621
19951018	 920.750000	      1.611	       1.00	     0.0000	    0.00114	    0.00114	    1.78244
19951019	 923.750000	      2.498	       1.00	     0.0000	    0.00326	    0.00326	    1.79764
19951020	 919.450000	      0.948	       0.00	     0.0000	   -0.00465	   -0.00000	    1.79738
19951023	 917.600000	      0.318	       0.00	     0.0000	   -0.00201	   -0.00000	    1.79711
19951024	 919.050000	      0.742	       0.00	     0.0000	    0.00158	    0.00000	    1.79684
19951025	 913.750000	     -0.958	       0.00	     0.0000	   -0.00577	   -0.00000	    1.79658
19951026	 908.450000	     -2.223	      -1.00	     0.0000	   -0.00580	    0.00580	    1.81722
19951027	 913.300000	     -0.787	       0.00	     0.0000	    0.00534	    0.00000	    1.81695
19951030	 916.500000	      0.129	       0.00	     0.0000	    0.00350	    0.00000	    1.81669
19951031	 913.650000	     -0.652	       0.00	     0.0000	   -0.00311	   -0.00000	    1.81642
19951101	 918.050000	      0.546	       0.00	     0.0000	    0.00482	    0.00000	    1.81615
19951102	 922.150000	      1.493	       1.00	     0.0000	    0.00447	    0.00447	    1.83442
19951103	 922.300000	      1.384	       1.00	     0.0000	    0.00016	    0.00016	    1.83513
19951106	 921.100000	      1.006	       0.00	     0.0000	   -0.00130	   -0.00000	    1.83485
19951107	 918.000000	      0.193	       0.00	     0.0000	   -0.00337	   -0.00000	    1.83458
19951108	 923.900000	      1.531	       1.00	     0.0000	    0.00643	    0.00643	    1.85528
19951109	 924.500000	      1.508	       1.00	     0.0000	    0.00065	    0.00065	    1.85873
19951110	 924.250000	      1.304	       1.00	     0.0000	   -0.00027	   -0.00027	    1.85680
19951113	 923.700000	      1.077	       0.00	     0.0000	   -0.00060	   -0.00000	    1.85652
19951114	 920.250000	      0.235	       0.00	     0.0000	   -0.00373	   -0.00000	    1.85625
19951115	 926.100000	      1.445	       1.00	     0.0000	    0.00636	    0.00636	    1.87665
19951116	 929.700000	      1.929	       1.00	     0.0000	    0.00389	    0.00389	    1.89304
19951117	 930.950000	      1.922	       1.00	     0.0000	    0.00134	    0.00134	    1.89997
19951120	 928.200000	      1.290	       1.00	     0.0000	   -0.00295	   -0.00295	    1.87842
19951121	 931.550000	      1.638	       1.00	     0.0000	    0.00361	    0.00361	    1.89397
19951122	 930.200000	      1.281	       1.00	     0.0000	   -0.00145	   -0.00145	    1.88423
19951124	 931.350000	      1.323	       1.00	     0.0000	    0.00124	    0.00124	    1.89061
19951127	 931.600000	      1.318	       1.00	     0.0000	    0.00027	    0.00027	    1.89188
19951128	 937.700000	      2.083	       1.00	     0.0000	    0.00655	    0.00655	    1.91196
19951129	 937.850000	      1.855	       1.00	     0.0000	    0.00016	    0.00016	    1.91260
19951130	 937.050000	      1.614	       1.00	     0.0000	   -0.00085	   -0.00085	    1.90702
19951201	 938.100000	      1.611	       1.00	     0.0000	    0.00112	    0.00112	    1.91276
19951204	 944.600000	      2.202	       1.00	     0.0000	    0.00693	    0.00693	    1.93267
19951205	 948.550000	      2.269	       1.00	     0.0000	    0.00418	    0.00418	    1.94925
19951206	 949.600000	      2.045	       1.00	     0.0000	    0.00111	    0.00111	    1.95483
19951207	 946.450000	      1.535	       1.00	     0.0000	   -0.00332	   -0.00332	    1.93088
19951208	 948.100000	      1.537	       1.00	     0.0000	    0.00174	    0.00174	    1.93936
19951211	 949.600000	      1.521	       1.00	     0.0000	    0.00158	    0.00158	    1.94713
19951212	 948.600000	      1.282	       1.00	     0.0000	   -0.00105	   -0.00105	    1.94034
19951213	 951.150000	      1.413	       1.00	     0.0000	    0.00269	    0.00269	    1.95249
19951214	 947.350000	      0.940	       0.00	     0.0000	   -0.00400	   -0.00000	    1.95220
19951215	 946.350000	      0.749	       0.00	     0.0000	   -0.00106	   -0.00000	    1.95192
19951218	 935.200000	     -0.667	       0.00	     0.0000	   -0.01178	   -0.00000	    1.95163
19951219	 941.450000	      0.062	       0.00	     0.0000	    0.00668	    0.00000	    1.95134
19951220	 936.650000	     -0.666	       0.00	     0.0000	   -0.00510	   -0.00000	    1.95106
19951221	 939.550000	     -0.328	       0.00	     0.0000	    0.00310	    0.00000	    1.95077
19951222	 941.950000	     -0.060	       0.00	     0.0000	    0.00255	    0.00000	    1.95048
19951226	 943.150000	      0.046	       0.00	     0.0000	    0.00127	    0.00000	    1.95020
19951227	 942.800000	     -0.122	       0.00	     0.0000	   -0.00037	   -0.00000	    1.94991
19951228	 941.350000	     -0.456	       0.00	     0.0000	   -0.00154	   -0.00000	    1.94963
19951229	 942.050000	     -0.366	       0.00	     0.0000	    0.00074	    0.00000	    1.94934
19960102	 948.700000	      0.944	       0.00	     0.0000	    0.00706	    0.00000	    1.94906
19960103	 950.550000	      1.228	       0.00	     0.0000	    0.00195	    0.00000	    1.94877
19960104	 943.400000	     -0.324	       0.00	     0.0000	   -0.00752	   -0.00000	    1.94848
19960105	 942.900000	     -0.379	       0.00	     0.0000	   -0.00053	   -0.00000	    1.94820
19960108	 946.000000	      0.355	       0.00	     0.0000	    0.00329	    0.00000	    1.94791
19960109	 932.100000	     -2.280	      -1.00	     0.0000	   -0.01469	    0.01469	    1.94458
19960110	 924.350000	     -2.797	      -1.00	     0.0000	   -0.00831	    0.00831	    1.96361
19960111	 929.250000	     -1.787	      -1.00	     0.0000	    0.00530	   -0.00530	    1.92446
19960112	 928.550000	     -1.662	      -1.00	     0.0000	   -0.00075	    0.00075	    1.92802
19960115	 926.800000	     -1.699	      -1.00	     0.0000	   -0.00188	    0.00188	    1.93657
19960116	 934.500000	     -0.603	       0.00	     0.0000	    0.00831	    0.00000	    1.93629
19960117	 931.900000	     -0.869	       0.00	     0.0000	   -0.00278	   -0.00000	    1.93601
19960118	 934.100000	     -0.558	       0.00	     0.0000	    0.00236	    0.00000	    1.93573
19960119	 937.750000	     -0.037	       0.00	     0.0000	    0.00391	    0.00000	    1.93544
19960122	 937.300000	     -0.103	       0.00	     0.0000	   -0.00048	   -0.00000	    1.93516
19960123	 939.750000	      0.232	       0.00	     0.0000	    0.00261	    0.00000	    1.93488
19960124	 945.550000	      0.986	       0.00	     0.0000	    0.00617	    0.00000	    1.93460
19960125	 942.600000	      0.594	       0.00	     0.0000	   -0.00312	   -0.00000	    1.93432
