20110810	 2056.500000	     -2.021	      -1.00	     0.0000	   -0.03292	    0.03292	    0.00000
20110811	 2129.500000	     -1.238	       0.00	     0.0000	    0.03550	    0.00000	    0.25953
20110812	 2149.000000	     -0.983	       0.00	     0.0000	    0.00916	    0.00000	    0.25950
20110815	 2178.000000	     -0.676	       0.00	     0.0000	    0.01349	    0.00000	    0.25947
20110816	 2170.500000	     -0.678	       0.00	     0.0000	   -0.00344	   -0.00000	    0.25943
20110817	 2146.750000	     -0.794	       0.00	     0.0000	   -0.01094	   -0.00000	    0.25940
20110818	 2053.500000	     -1.407	      -1.00	     0.0000	   -0.04344	    0.04344	    0.36341
20110819	 2012.500000	     -1.555	      -1.00	     0.0000	   -0.01997	    0.01997	    0.43045
20110822	 2015.500000	     -1.399	      -1.00	     0.0000	    0.00149	   -0.00149	    0.42359
20110823	 2095.500000	     -0.692	       0.00	     0.0000	    0.03969	    0.00000	    0.42353
20110824	 2110.500000	     -0.494	       0.00	     0.0000	    0.00716	    0.00000	    0.42348
20110825	 2082.500000	     -0.679	       0.00	     0.0000	   -0.01327	   -0.00000	    0.42343
20110826	 2135.500000	     -0.075	       0.00	     0.0000	    0.02545	    0.00000	    0.42337
20110829	 2191.500000	      0.664	       0.00	     0.0000	    0.02622	    0.00000	    0.42332
20110830	 2198.500000	      0.918	       0.00	     0.0000	    0.00319	    0.00000	    0.42326
20110831	 2212.250000	      1.189	       0.00	     0.0000	    0.00625	    0.00000	    0.42321
20110901	 2188.750000	      1.010	       0.00	     0.0000	   -0.01062	   -0.00000	    0.42315
20110902	 2136.250000	      0.230	       0.00	     0.0000	   -0.02399	   -0.00000	    0.42310
20110906	 2136.750000	      0.256	       0.00	     0.0000	    0.00023	    0.00000	    0.42304
20110907	 2193.500000	      1.086	       0.00	     0.0000	    0.02656	    0.00000	    0.42299
20110908	 2188.250000	      0.926	       0.00	     0.0000	   -0.00239	   -0.00000	    0.42293
20110909	 2140.500000	      0.070	       0.00	     0.0000	   -0.02182	   -0.00000	    0.42288
20110912	 2166.500000	      0.487	       0.00	     0.0000	    0.01215	    0.00000	    0.42282
20110913	 2192.250000	      0.878	       0.00	     0.0000	    0.01189	    0.00000	    0.42277
20110914	 2223.500000	      1.319	       1.00	     0.0000	    0.01425	    0.01425	    0.47227
20110915	 2261.500000	      1.724	       1.00	     0.0000	    0.01709	    0.01709	    0.52521
20110916	 2284.750000	      1.799	       1.00	     0.0000	    0.01028	    0.01028	    0.56037
20110919	 2278.500000	      1.543	       1.00	     0.0000	   -0.00274	   -0.00274	    0.54853
20110920	 2274.000000	      1.408	       1.00	     0.0000	   -0.00197	   -0.00197	    0.54009
20110921	 2223.000000	      0.619	       0.00	     0.0000	   -0.02243	   -0.00000	    0.54002
20110922	 2152.000000	     -0.662	       0.00	     0.0000	   -0.03194	   -0.00000	    0.53995
20110923	 2179.500000	     -0.242	       0.00	     0.0000	    0.01278	    0.00000	    0.53988
20110926	 2203.500000	      0.115	       0.00	     0.0000	    0.01101	    0.00000	    0.53981
20110927	 2231.500000	      0.639	       0.00	     0.0000	    0.01271	    0.00000	    0.53974
20110928	 2196.000000	     -0.154	       0.00	     0.0000	   -0.01591	   -0.00000	    0.53967
20110929	 2167.000000	     -0.754	       0.00	     0.0000	   -0.01321	   -0.00000	    0.53960
20110930	 2112.000000	     -1.708	      -1.00	     0.0000	   -0.02538	    0.02538	    0.59709
20111003	 2042.750000	     -2.454	      -1.00	     0.0000	   -0.03279	    0.03279	    0.65011
20111004	 2091.000000	     -1.541	      -1.00	     0.0000	    0.02362	   -0.02362	    0.54310
20111005	 2145.000000	     -0.689	       0.00	     0.0000	    0.02582	    0.00000	    0.54303
20111006	 2182.250000	     -0.082	       0.00	     0.0000	    0.01737	    0.00000	    0.54296
20111007	 2179.250000	     -0.124	       0.00	     0.0000	   -0.00137	   -0.00000	    0.54289
20111010	 2254.250000	      0.981	       0.00	     0.0000	    0.03442	    0.00000	    0.54282
20111011	 2266.000000	      1.064	       0.00	     0.0000	    0.00521	    0.00000	    0.54275
20111012	 2274.000000	      1.092	       0.00	     0.0000	    0.00353	    0.00000	    0.54268
20111013	 2303.500000	      1.402	       1.00	     0.0000	    0.01297	    0.01297	    0.57727
20111014	 2344.750000	      1.792	       1.00	     0.0000	    0.01791	    0.01791	    0.61965
20111017	 2298.500000	      1.162	       0.00	     0.0000	   -0.01972	   -0.00000	    0.61957
20111018	 2341.250000	      1.599	       1.00	     0.0000	    0.01860	    0.01860	    0.66127
20111019	 2295.500000	      1.007	       0.00	     0.0000	   -0.01954	   -0.00000	    0.66118
20111020	 2278.500000	      0.754	       0.00	     0.0000	   -0.00741	   -0.00000	    0.66110
20111021	 2311.750000	      1.050	       0.00	     0.0000	    0.01459	    0.00000	    0.66101
20111024	 2352.250000	      1.372	       1.00	     0.0000	    0.01752	    0.01752	    0.69969
20111025	 2299.250000	      0.708	       0.00	     0.0000	   -0.02253	   -0.00000	    0.69960
20111026	 2304.000000	      0.713	       0.00	     0.0000	    0.00207	    0.00000	    0.69951
20111027	 2371.250000	      1.313	       1.00	     0.0000	    0.02919	    0.02919	    0.74531
20111028	 2374.000000	      1.213	       0.00	     0.0000	    0.00116	    0.00000	    0.74521
20111031	 2333.500000	      0.715	       0.00	     0.0000	   -0.01706	   -0.00000	    0.74512
20111101	 2281.000000	      0.013	       0.00	     0.0000	   -0.02250	   -0.00000	    0.74502
20111102	 2292.000000	      0.040	       0.00	     0.0000	    0.00482	    0.00000	    0.74493
20111103	 2338.500000	      0.771	       0.00	     0.0000	    0.02029	    0.00000	    0.74483
20111104	 2328.500000	      0.513	       0.00	     0.0000	   -0.00428	   -0.00000	    0.74474
20111107	 2347.250000	      0.973	       0.00	     0.0000	    0.00805	    0.00000	    0.74464
20111108	 2372.000000	      1.557	       1.00	     0.0000	    0.01054	    0.01054	    0.76935
20111109	 2288.500000	     -0.989	       0.00	     0.0000	   -0.03520	   -0.00000	    0.76925
20111110	 2281.000000	     -1.249	       0.00	     0.0000	   -0.00328	   -0.00000	    0.76915
20111111	 2327.750000	      0.183	       0.00	     0.0000	    0.02050	    0.00000	    0.76905
20111114	 2320.500000	     -0.010	       0.00	     0.0000	   -0.00311	   -0.00000	    0.76896
20111115	 2337.250000	      0.472	       0.00	     0.0000	    0.00722	    0.00000	    0.76886
20111116	 2291.250000	     -0.924	       0.00	     0.0000	   -0.01968	   -0.00000	    0.76876
20111117	 2245.750000	     -2.060	      -1.00	     0.0000	   -0.01986	    0.01986	    0.80589
20111118	 2227.250000	     -2.238	      -1.00	     0.0000	   -0.00824	    0.00824	    0.82531
20111121	 2191.000000	     -2.479	      -1.00	     0.0000	   -0.01628	    0.01628	    0.85713
20111122	 2191.750000	     -2.071	      -1.00	     0.0000	    0.00034	   -0.00034	    0.85609
20111123	 2138.500000	     -2.431	      -1.00	     0.0000	   -0.02430	    0.02430	    0.89315
20111125	 2125.000000	     -2.176	      -1.00	     0.0000	   -0.00631	    0.00631	    0.90773
20111128	 2198.500000	     -1.076	       0.00	     0.0000	    0.03459	    0.00000	    0.90762
20111129	 2190.000000	     -1.089	       0.00	     0.0000	   -0.00387	   -0.00000	    0.90750
20111130	 2272.500000	      0.092	       0.00	     0.0000	    0.03767	    0.00000	    0.90739
20111201	 2286.750000	      0.288	       0.00	     0.0000	    0.00627	    0.00000	    0.90727
20111202	 2280.750000	      0.212	       0.00	     0.0000	   -0.00262	   -0.00000	    0.90716
20111205	 2302.500000	      0.554	       0.00	     0.0000	    0.00954	    0.00000	    0.90704
20111206	 2299.000000	      0.532	       0.00	     0.0000	   -0.00152	   -0.00000	    0.90692
20111207	 2299.000000	      0.585	       0.00	     0.0000	    0.00000	    0.00000	    0.90681
20111208	 2262.750000	      0.125	       0.00	     0.0000	   -0.01577	   -0.00000	    0.90669
20111209	 2299.500000	      0.715	       0.00	     0.0000	    0.01624	    0.00000	    0.90658
20111212	 2271.500000	      0.267	       0.00	     0.0000	   -0.01218	   -0.00000	    0.90646
20111213	 2248.500000	     -0.049	       0.00	     0.0000	   -0.01013	   -0.00000	    0.90635
20111214	 2209.750000	     -0.634	       0.00	     0.0000	   -0.01723	   -0.00000	    0.90623
20111215	 2204.500000	     -0.654	       0.00	     0.0000	   -0.00238	   -0.00000	    0.90612
20111216	 2214.000000	     -0.418	       0.00	     0.0000	    0.00431	    0.00000	    0.90600
20111219	 2193.750000	     -0.743	       0.00	     0.0000	   -0.00915	   -0.00000	    0.90589
20111220	 2248.000000	      0.248	       0.00	     0.0000	    0.02473	    0.00000	    0.90577
20111221	 2220.250000	     -0.298	       0.00	     0.0000	   -0.01234	   -0.00000	    0.90566
20111222	 2242.000000	      0.069	       0.00	     0.0000	    0.00980	    0.00000	    0.90554
20111223	 2259.750000	      0.332	       0.00	     0.0000	    0.00792	    0.00000	    0.90543
20111227	 2265.750000	      0.389	       0.00	     0.0000	    0.00266	    0.00000	    0.90531
20111228	 2240.750000	     -0.335	       0.00	     0.0000	   -0.01103	   -0.00000	    0.90520
20111229	 2258.500000	      0.070	       0.00	     0.0000	    0.00792	    0.00000	    0.90508
20111230	 2255.750000	      0.011	       0.00	     0.0000	   -0.00122	   -0.00000	    0.90497
20120103	 2297.250000	      1.227	       0.00	     0.0000	    0.01840	    0.00000	    0.90485
20120104	 2310.000000	      1.491	       1.00	     0.0000	    0.00555	    0.00555	    0.91777
20120105	 2320.750000	      1.705	       1.00	     0.0000	    0.00465	    0.00465	    0.92875
20120106	 2333.500000	      1.875	       1.00	     0.0000	    0.00549	    0.00549	    0.94148
20120109	 2328.000000	      1.621	       1.00	     0.0000	   -0.00236	   -0.00236	    0.93497
20120110	 2344.750000	      1.767	       1.00	     0.0000	    0.00720	    0.00720	    0.95103
20120111	 2348.250000	      1.681	       1.00	     0.0000	    0.00149	    0.00149	    0.95467
20120112	 2359.750000	      1.690	       1.00	     0.0000	    0.00490	    0.00490	    0.96607
20120113	 2354.750000	      1.423	       1.00	     0.0000	   -0.00212	   -0.00212	    0.96024
20120117	 2371.000000	      1.539	       1.00	     0.0000	    0.00690	    0.00690	    0.97562
20120118	 2401.750000	      1.839	       1.00	     0.0000	    0.01297	    0.01297	    1.00051
20120119	 2406.500000	      1.708	       1.00	     0.0000	    0.00198	    0.00198	    1.00525
20120120	 2416.000000	      1.707	       1.00	     0.0000	    0.00395	    0.00395	    1.01444
20120123	 2416.250000	      1.527	       1.00	     0.0000	    0.00010	    0.00010	    1.01458
20120124	 2418.750000	      1.440	       1.00	     0.0000	    0.00103	    0.00103	    1.01704
20120125	 2441.750000	      1.634	       1.00	     0.0000	    0.00951	    0.00951	    1.03659
20120126	 2434.500000	      1.375	       1.00	     0.0000	   -0.00297	   -0.00297	    1.02846
20120127	 2437.500000	      1.295	       1.00	     0.0000	    0.00123	    0.00123	    1.03138
20120130	 2443.250000	      1.302	       1.00	     0.0000	    0.00236	    0.00236	    1.03697
20120131	 2445.500000	      1.255	       1.00	     0.0000	    0.00092	    0.00092	    1.03914
20120201	 2468.750000	      1.594	       1.00	     0.0000	    0.00951	    0.00951	    1.05849
20120202	 2472.750000	      1.534	       1.00	     0.0000	    0.00162	    0.00162	    1.06232
20120203	 2504.250000	      1.909	       1.00	     0.0000	    0.01274	    0.01274	    1.08590
20120206	 2507.000000	      1.757	       1.00	     0.0000	    0.00110	    0.00110	    1.08846
20120207	 2510.500000	      1.638	       1.00	     0.0000	    0.00140	    0.00140	    1.09172
20120208	 2526.000000	      1.739	       1.00	     0.0000	    0.00617	    0.00617	    1.10507
20120209	 2542.250000	      1.812	       1.00	     0.0000	    0.00643	    0.00643	    1.11885
20120210	 2529.750000	      1.459	       1.00	     0.0000	   -0.00492	   -0.00492	    1.10514
20120213	 2549.000000	      1.633	       1.00	     0.0000	    0.00761	    0.00761	    1.12094
20120214	 2557.250000	      1.639	       1.00	     0.0000	    0.00324	    0.00324	    1.12830
20120215	 2538.750000	      1.213	       0.00	     0.0000	   -0.00723	   -0.00000	    1.12816
20120216	 2574.750000	      1.690	       1.00	     0.0000	    0.01418	    0.01418	    1.15246
20120217	 2563.250000	      1.347	       1.00	     0.0000	   -0.00447	   -0.00447	    1.14025
20120221	 2572.250000	      1.376	       1.00	     0.0000	    0.00351	    0.00351	    1.14810
20120222	 2560.000000	      1.058	       0.00	     0.0000	   -0.00476	   -0.00000	    1.14796
20120223	 2582.000000	      1.363	       1.00	     0.0000	    0.00859	    0.00859	    1.16501
20120224	 2582.750000	      1.258	       1.00	     0.0000	    0.00029	    0.00029	    1.16557
20120227	 2589.250000	      1.285	       1.00	     0.0000	    0.00252	    0.00252	    1.17126
20120228	 2613.250000	      1.637	       1.00	     0.0000	    0.00927	    0.00927	    1.18919
20120229	 2604.250000	      1.363	       1.00	     0.0000	   -0.00344	   -0.00344	    1.17999
20120301	 2624.500000	      1.712	       1.00	     0.0000	    0.00778	    0.00778	    1.19555
20120302	 2624.750000	      1.600	       1.00	     0.0000	    0.00010	    0.00010	    1.19563
20120305	 2597.250000	      0.882	       0.00	     0.0000	   -0.01048	   -0.00000	    1.19548
20120306	 2570.750000	      0.091	       0.00	     0.0000	   -0.01020	   -0.00000	    1.19533
20120307	 2590.000000	      0.578	       0.00	     0.0000	    0.00749	    0.00000	    1.19518
20120308	 2619.000000	      1.395	       1.00	     0.0000	    0.01120	    0.01120	    1.21543
20120309	 2629.750000	      1.599	       1.00	     0.0000	    0.00410	    0.00410	    1.22429
20120312	 2632.750000	      1.528	       1.00	     0.0000	    0.00114	    0.00114	    1.22683
20120313	 2679.000000	      2.523	       1.00	     0.0000	    0.01757	    0.01757	    1.25206
20120314	 2687.500000	      2.296	       1.00	     0.0000	    0.00317	    0.00317	    1.25893
20120315	 2697.000000	      2.137	       1.00	     0.0000	    0.00353	    0.00353	    1.26652
20120316	 2694.250000	      1.847	       1.00	     0.0000	   -0.00102	   -0.00102	    1.26387
20120319	 2713.000000	      1.945	       1.00	     0.0000	    0.00696	    0.00696	    1.27763
20120320	 2720.750000	      1.839	       1.00	     0.0000	    0.00286	    0.00286	    1.28381
20120321	 2720.500000	      1.625	       1.00	     0.0000	   -0.00009	   -0.00009	    1.28343
20120322	 2716.500000	      1.409	       1.00	     0.0000	   -0.00147	   -0.00147	    1.27966
20120323	 2714.000000	      1.235	       0.00	     0.0000	   -0.00092	   -0.00000	    1.27950
20120326	 2762.250000	      1.870	       1.00	     0.0000	    0.01778	    0.01778	    1.30396
20120327	 2761.000000	      1.642	       1.00	     0.0000	   -0.00045	   -0.00045	    1.30272
20120328	 2753.250000	      1.354	       1.00	     0.0000	   -0.00281	   -0.00281	    1.29554
20120329	 2743.500000	      1.084	       0.00	     0.0000	   -0.00354	   -0.00000	    1.29538
20120330	 2736.000000	      0.871	       0.00	     0.0000	   -0.00273	   -0.00000	    1.29522
20120402	 2762.250000	      1.187	       0.00	     0.0000	    0.00959	    0.00000	    1.29506
20120403	 2764.250000	      1.124	       0.00	     0.0000	    0.00072	    0.00000	    1.29490
20120404	 2721.750000	      0.317	       0.00	     0.0000	   -0.01537	   -0.00000	    1.29473
20120405	 2739.000000	      0.600	       0.00	     0.0000	    0.00634	    0.00000	    1.29457
20120409	 2713.750000	     -0.091	       0.00	     0.0000	   -0.00922	   -0.00000	    1.29441
20120410	 2682.250000	     -1.115	       0.00	     0.0000	   -0.01161	   -0.00000	    1.29425
20120411	 2689.500000	     -1.173	       0.00	     0.0000	    0.00270	    0.00000	    1.29409
20120412	 2724.000000	     -0.022	       0.00	     0.0000	    0.01283	    0.00000	    1.29392
20120413	 2678.750000	     -1.685	      -1.00	     0.0000	   -0.01661	    0.01661	    1.31750
20120416	 2649.000000	     -2.344	      -1.00	     0.0000	   -0.01111	    0.01111	    1.33631
20120417	 2698.000000	     -0.778	       0.00	     0.0000	    0.01850	    0.00000	    1.33614
20120418	 2679.750000	     -1.263	      -1.00	     0.0000	   -0.00676	    0.00676	    1.34906
20120419	 2668.750000	     -1.442	      -1.00	     0.0000	   -0.00410	    0.00410	    1.35741
20120420	 2659.500000	     -1.525	      -1.00	     0.0000	   -0.00347	    0.00347	    1.36454
20120423	 2635.500000	     -1.876	      -1.00	     0.0000	   -0.00902	    0.00902	    1.38057
20120424	 2617.750000	     -1.966	      -1.00	     0.0000	   -0.00673	    0.00673	    1.39329
20120425	 2689.750000	     -0.309	       0.00	     0.0000	    0.02750	    0.00000	    1.39312
20120426	 2705.500000	      0.119	       0.00	     0.0000	    0.00586	    0.00000	    1.39294
20120427	 2722.000000	      0.573	       0.00	     0.0000	    0.00610	    0.00000	    1.39277
20120430	 2704.500000	      0.188	       0.00	     0.0000	   -0.00643	   -0.00000	    1.39260
20120501	 2703.750000	      0.214	       0.00	     0.0000	   -0.00028	   -0.00000	    1.39242
20120502	 2712.750000	      0.559	       0.00	     0.0000	    0.00333	    0.00000	    1.39225
20120503	 2677.250000	     -0.386	       0.00	     0.0000	   -0.01309	   -0.00000	    1.39207
20120504	 2610.750000	     -2.131	      -1.00	     0.0000	   -0.02484	    0.02484	    1.41417
20120507	 2621.750000	     -1.642	      -1.00	     0.0000	    0.00421	   -0.00421	    1.40365
20120508	 2608.000000	     -1.780	      -1.00	     0.0000	   -0.00524	    0.00524	    1.41369
20120509	 2604.500000	     -1.646	      -1.00	     0.0000	   -0.00134	    0.00134	    1.41640
20120510	 2604.000000	     -1.474	      -1.00	     0.0000	   -0.00019	    0.00019	    1.41665
20120511	 2596.000000	     -1.506	      -1.00	     0.0000	   -0.00307	    0.00307	    1.42280
20120514	 2570.250000	     -1.823	      -1.00	     0.0000	   -0.00992	    0.00992	    1.43933
20120515	 2563.500000	     -1.728	      -1.00	     0.0000	   -0.00263	    0.00263	    1.44459
20120516	 2542.750000	     -1.851	      -1.00	     0.0000	   -0.00809	    0.00809	    1.45876
20120517	 2490.000000	     -2.292	      -1.00	     0.0000	   -0.02075	    0.02075	    1.48075
20120518	 2453.500000	     -2.316	      -1.00	     0.0000	   -0.01466	    0.01466	    1.50080
20120521	 2528.750000	     -1.169	       0.00	     0.0000	    0.03067	    0.00000	    1.50062
20120522	 2520.500000	     -1.164	       0.00	     0.0000	   -0.00326	   -0.00000	    1.50043
20120523	 2525.750000	     -1.013	       0.00	     0.0000	    0.00208	    0.00000	    1.50025
20120524	 2521.500000	     -0.969	       0.00	     0.0000	   -0.00168	   -0.00000	    1.50006
20120525	 2509.250000	     -1.025	       0.00	     0.0000	   -0.00486	   -0.00000	    1.49987
20120529	 2544.750000	     -0.503	       0.00	     0.0000	    0.01415	    0.00000	    1.49969
20120530	 2516.000000	     -0.822	       0.00	     0.0000	   -0.01130	   -0.00000	    1.49950
20120531	 2509.250000	     -0.856	       0.00	     0.0000	   -0.00268	   -0.00000	    1.49931
20120601	 2440.250000	     -1.872	      -1.00	     0.0000	   -0.02750	    0.02750	    1.51794
20120604	 2454.250000	     -1.561	      -1.00	     0.0000	    0.00574	   -0.00574	    1.50401
20120605	 2474.000000	     -1.097	       0.00	     0.0000	    0.00805	    0.00000	    1.50382
20120606	 2535.250000	      0.122	       0.00	     0.0000	    0.02476	    0.00000	    1.50364
20120607	 2521.500000	     -0.075	       0.00	     0.0000	   -0.00542	   -0.00000	    1.50345
20120608	 2547.750000	      0.585	       0.00	     0.0000	    0.01041	    0.00000	    1.50326
20120611	 2500.500000	     -0.429	       0.00	     0.0000	   -0.01855	   -0.00000	    1.50308
20120612	 2535.500000	      0.593	       0.00	     0.0000	    0.01400	    0.00000	    1.50289
20120613	 2513.250000	      0.044	       0.00	     0.0000	   -0.00878	   -0.00000	    1.50270
20120614	 2525.750000	      0.508	       0.00	     0.0000	    0.00497	    0.00000	    1.50252
20120615	 2554.750000	      1.392	       1.00	     0.0000	    0.01148	    0.01148	    1.51965
20120618	 2578.250000	      1.835	       1.00	     0.0000	    0.00920	    0.00920	    1.53433
20120619	 2603.250000	      2.217	       1.00	     0.0000	    0.00970	    0.00970	    1.54948
20120620	 2608.000000	      1.997	       1.00	     0.0000	    0.00182	    0.00182	    1.55291
20120621	 2542.500000	      0.381	       0.00	     0.0000	   -0.02512	   -0.00000	    1.55272
20120622	 2564.250000	      0.846	       0.00	     0.0000	    0.00855	    0.00000	    1.55252
20120625	 2517.250000	     -0.263	       0.00	     0.0000	   -0.01833	   -0.00000	    1.55233
20120626	 2539.000000	      0.219	       0.00	     0.0000	    0.00864	    0.00000	    1.55214
20120627	 2548.500000	      0.440	       0.00	     0.0000	    0.00374	    0.00000	    1.55195
20120628	 2518.500000	     -0.275	       0.00	     0.0000	   -0.01177	   -0.00000	    1.55176
20120629	 2600.500000	      1.486	       1.00	     0.0000	    0.03256	    0.03256	    1.56497
20120702	 2605.000000	      1.514	       1.00	     0.0000	    0.00173	    0.00173	    1.56810
20120703	 2632.250000	      2.000	       1.00	     0.0000	    0.01046	    0.01046	    1.58353
20120705	 2633.250000	      1.847	       1.00	     0.0000	    0.00038	    0.00038	    1.58409
20120706	 2599.750000	      0.932	       0.00	     0.0000	   -0.01272	   -0.00000	    1.58390
20120709	 2596.750000	      0.779	       0.00	     0.0000	   -0.00115	   -0.00000	    1.58370
20120710	 2568.750000	      0.068	       0.00	     0.0000	   -0.01078	   -0.00000	    1.58350
20120711	 2552.250000	     -0.427	       0.00	     0.0000	   -0.00642	   -0.00000	    1.58331
20120712	 2528.500000	     -1.035	       0.00	     0.0000	   -0.00931	   -0.00000	    1.58311
20120713	 2567.750000	     -0.082	       0.00	     0.0000	    0.01552	    0.00000	    1.58292
20120716	 2562.250000	     -0.294	       0.00	     0.0000	   -0.00214	   -0.00000	    1.58272
20120717	 2577.750000	      0.122	       0.00	     0.0000	    0.00605	    0.00000	    1.58253
20120718	 2610.750000	      1.007	       0.00	     0.0000	    0.01280	    0.00000	    1.58233
20120719	 2643.000000	      1.738	       1.00	     0.0000	    0.01235	    0.01235	    1.59931
20120720	 2604.000000	      0.719	       0.00	     0.0000	   -0.01476	   -0.00000	    1.59911
20120723	 2570.000000	     -0.218	       0.00	     0.0000	   -0.01306	   -0.00000	    1.59891
20120724	 2539.250000	     -0.993	       0.00	     0.0000	   -0.01196	   -0.00000	    1.59872
20120725	 2534.250000	     -1.183	       0.00	     0.0000	   -0.00197	   -0.00000	    1.59852
20120726	 2563.250000	     -0.436	       0.00	     0.0000	    0.01144	    0.00000	    1.59832
20120727	 2632.750000	      1.349	       1.00	     0.0000	    0.02711	    0.02711	    1.61610
20120730	 2626.500000	      1.099	       0.00	     0.0000	   -0.00237	   -0.00000	    1.61590
20120731	 2627.250000	      1.055	       0.00	     0.0000	    0.00029	    0.00000	    1.61571
20120801	 2615.750000	      0.715	       0.00	     0.0000	   -0.00438	   -0.00000	    1.61551
20120802	 2609.250000	      0.582	       0.00	     0.0000	   -0.00248	   -0.00000	    1.61531
20120803	 2661.750000	      1.910	       1.00	     0.0000	    0.02012	    0.02012	    1.63497
20120806	 2677.250000	      1.984	       1.00	     0.0000	    0.00582	    0.00582	    1.64437
20120807	 2700.750000	      2.120	       1.00	     0.0000	    0.00878	    0.00878	    1.65739
20120808	 2697.500000	      1.777	       1.00	     0.0000	   -0.00120	   -0.00120	    1.65481
20120809	 2708.500000	      1.739	       1.00	     0.0000	    0.00408	    0.00408	    1.66163
20120810	 2711.750000	      1.623	       1.00	     0.0000	    0.00120	    0.00120	    1.66366
20120813	 2718.750000	      1.552	       1.00	     0.0000	    0.00258	    0.00258	    1.66808
20120814	 2717.500000	      1.379	       1.00	     0.0000	   -0.00046	   -0.00046	    1.66699
20120815	 2729.250000	      1.412	       1.00	     0.0000	    0.00432	    0.00432	    1.67417
20120816	 2754.250000	      1.601	       1.00	     0.0000	    0.00916	    0.00916	    1.68748
20120817	 2766.750000	      1.587	       1.00	     0.0000	    0.00454	    0.00454	    1.69496
20120820	 2770.750000	      1.463	       1.00	     0.0000	    0.00145	    0.00145	    1.69741
20120821	 2764.750000	      1.256	       1.00	     0.0000	   -0.00217	   -0.00217	    1.69284
20120822	 2772.000000	      1.268	       1.00	     0.0000	    0.00262	    0.00262	    1.69731
20120823	 2751.750000	      0.929	       0.00	     0.0000	   -0.00731	   -0.00000	    1.69710
20120824	 2765.750000	      1.106	       0.00	     0.0000	    0.00509	    0.00000	    1.69689
20120827	 2773.500000	      1.135	       0.00	     0.0000	    0.00280	    0.00000	    1.69668
20120828	 2771.500000	      1.010	       0.00	     0.0000	   -0.00072	   -0.00000	    1.69648
20120829	 2772.000000	      0.943	       0.00	     0.0000	    0.00018	    0.00000	    1.69627
20120830	 2744.500000	      0.318	       0.00	     0.0000	   -0.00992	   -0.00000	    1.69606
20120831	 2761.750000	      0.692	       0.00	     0.0000	    0.00629	    0.00000	    1.69585
20120904	 2765.250000	      0.741	       0.00	     0.0000	    0.00127	    0.00000	    1.69565
20120905	 2758.250000	      0.440	       0.00	     0.0000	   -0.00253	   -0.00000	    1.69544
20120906	 2816.250000	      2.246	       1.00	     0.0000	    0.02103	    0.02103	    1.71405
20120907	 2813.750000	      1.953	       1.00	     0.0000	   -0.00089	   -0.00089	    1.71213
20120910	 2775.250000	      0.544	       0.00	     0.0000	   -0.01368	   -0.00000	    1.71192
20120911	 2770.000000	      0.268	       0.00	     0.0000	   -0.00189	   -0.00000	    1.71171
20120912	 2787.000000	      0.901	       0.00	     0.0000	    0.00614	    0.00000	    1.71150
20120913	 2818.250000	      2.105	       1.00	     0.0000	    0.01121	    0.01121	    1.72643
20120914	 2847.250000	      2.736	       1.00	     0.0000	    0.01029	    0.01029	    1.74048
20120917	 2842.750000	      2.135	       1.00	     0.0000	   -0.00158	   -0.00158	    1.73719
20120918	 2846.250000	      1.921	       1.00	     0.0000	    0.00123	    0.00123	    1.73921
20120919	 2849.750000	      1.760	       1.00	     0.0000	    0.00123	    0.00123	    1.74123
20120920	 2850.250000	      1.566	       1.00	     0.0000	    0.00018	    0.00018	    1.74134
20120921	 2849.500000	      1.383	       1.00	     0.0000	   -0.00026	   -0.00026	    1.74063
20120924	 2835.250000	      0.919	       0.00	     0.0000	   -0.00500	   -0.00000	    1.74042
20120925	 2800.250000	     -0.056	       0.00	     0.0000	   -0.01234	   -0.00000	    1.74021
20120926	 2771.250000	     -0.840	       0.00	     0.0000	   -0.01036	   -0.00000	    1.74000
20120927	 2811.500000	      0.204	       0.00	     0.0000	    0.01452	    0.00000	    1.73978
20120928	 2789.000000	     -0.446	       0.00	     0.0000	   -0.00800	   -0.00000	    1.73957
20121001	 2785.250000	     -0.650	       0.00	     0.0000	   -0.00134	   -0.00000	    1.73936
20121002	 2792.250000	     -0.505	       0.00	     0.0000	    0.00251	    0.00000	    1.73915
20121003	 2805.000000	     -0.172	       0.00	     0.0000	    0.00457	    0.00000	    1.73893
20121004	 2818.500000	      0.195	       0.00	     0.0000	    0.00481	    0.00000	    1.73872
20121005	 2801.250000	     -0.398	       0.00	     0.0000	   -0.00612	   -0.00000	    1.73851
20121008	 2774.500000	     -1.235	       0.00	     0.0000	   -0.00955	   -0.00000	    1.73830
20121009	 2731.000000	     -2.335	      -1.00	     0.0000	   -0.01568	    0.01568	    1.75566
20121010	 2719.750000	     -2.296	      -1.00	     0.0000	   -0.00412	    0.00412	    1.76228
20121011	 2710.250000	     -2.148	      -1.00	     0.0000	   -0.00349	    0.00349	    1.76796
20121012	 2707.000000	     -1.898	      -1.00	     0.0000	   -0.00120	    0.00120	    1.76990
20121015	 2728.250000	     -1.309	      -1.00	     0.0000	    0.00785	   -0.00785	    1.75225
20121016	 2762.250000	     -0.537	       0.00	     0.0000	    0.01246	    0.00000	    1.75204
20121017	 2767.500000	     -0.359	       0.00	     0.0000	    0.00190	    0.00000	    1.75183
20121018	 2729.750000	     -1.095	       0.00	     0.0000	   -0.01364	   -0.00000	    1.75161
20121019	 2661.000000	     -2.259	      -1.00	     0.0000	   -0.02519	    0.02519	    1.76825
20121022	 2684.750000	     -1.610	      -1.00	     0.0000	    0.00893	   -0.00893	    1.74822
20121023	 2657.500000	     -1.927	      -1.00	     0.0000	   -0.01015	    0.01015	    1.76175
20121024	 2647.500000	     -1.842	      -1.00	     0.0000	   -0.00376	    0.00376	    1.76770
20121025	 2645.000000	     -1.654	      -1.00	     0.0000	   -0.00094	    0.00094	    1.76916
20121026	 2656.000000	     -1.325	      -1.00	     0.0000	    0.00416	   -0.00416	    1.76064
20121029	 2656.000000	     -1.199	       0.00	     0.0000	    0.00000	    0.00000	    1.76043
20121030	 2656.000000	     -1.089	       0.00	     0.0000	    0.00000	    0.00000	    1.76022
20121031	 2637.500000	     -1.277	      -1.00	     0.0000	   -0.00697	    0.00697	    1.77039
20121101	 2681.750000	     -0.449	       0.00	     0.0000	    0.01678	    0.00000	    1.77018
20121102	 2638.000000	     -1.188	       0.00	     0.0000	   -0.01631	   -0.00000	    1.76996
20121105	 2659.250000	     -0.706	       0.00	     0.0000	    0.00806	    0.00000	    1.76975
20121106	 2672.750000	     -0.328	       0.00	     0.0000	    0.00508	    0.00000	    1.76953
20121107	 2607.000000	     -1.709	      -1.00	     0.0000	   -0.02460	    0.02460	    1.78634
20121108	 2569.000000	     -2.159	      -1.00	     0.0000	   -0.01458	    0.01458	    1.80257
20121109	 2577.500000	     -1.727	      -1.00	     0.0000	    0.00331	   -0.00331	    1.79602
20121112	 2578.000000	     -1.523	      -1.00	     0.0000	    0.00019	   -0.00019	    1.79546
20121113	 2557.500000	     -1.685	      -1.00	     0.0000	   -0.00795	    0.00795	    1.80650
20121114	 2526.500000	     -2.018	      -1.00	     0.0000	   -0.01212	    0.01212	    1.82115
20121115	 2519.000000	     -2.004	      -1.00	     0.0000	   -0.00297	    0.00297	    1.82576
20121116	 2530.000000	     -1.660	      -1.00	     0.0000	    0.00437	   -0.00437	    1.81702
20121119	 2582.500000	     -0.625	       0.00	     0.0000	    0.02075	    0.00000	    1.81680
20121120	 2590.500000	     -0.409	       0.00	     0.0000	    0.00310	    0.00000	    1.81658
20121121	 2593.000000	     -0.307	       0.00	     0.0000	    0.00097	    0.00000	    1.81636
20121123	 2631.250000	      0.466	       0.00	     0.0000	    0.01475	    0.00000	    1.81614
20121126	 2642.750000	      0.698	       0.00	     0.0000	    0.00437	    0.00000	    1.81592
20121127	 2638.250000	      0.634	       0.00	     0.0000	   -0.00170	   -0.00000	    1.81571
20121128	 2657.500000	      1.020	       0.00	     0.0000	    0.00730	    0.00000	    1.81549
20121129	 2677.000000	      1.359	       1.00	     0.0000	    0.00734	    0.00734	    1.82577
20121130	 2672.750000	      1.205	       0.00	     0.0000	   -0.00159	   -0.00000	    1.82555
20121203	 2667.000000	      1.129	       0.00	     0.0000	   -0.00215	   -0.00000	    1.82533
20121204	 2661.500000	      0.983	       0.00	     0.0000	   -0.00206	   -0.00000	    1.82511
20121205	 2634.500000	      0.498	       0.00	     0.0000	   -0.01014	   -0.00000	    1.82489
20121206	 2651.000000	      0.858	       0.00	     0.0000	    0.00626	    0.00000	    1.82467
20121207	 2633.000000	      0.473	       0.00	     0.0000	   -0.00679	   -0.00000	    1.82445
20121210	 2647.500000	      0.688	       0.00	     0.0000	    0.00551	    0.00000	    1.82423
20121211	 2682.750000	      1.250	       1.00	     0.0000	    0.01331	    0.01331	    1.83948
20121212	 2667.250000	      0.866	       0.00	     0.0000	   -0.00578	   -0.00000	    1.83925
20121213	 2648.750000	      0.444	       0.00	     0.0000	   -0.00694	   -0.00000	    1.83903
20121214	 2624.750000	     -0.141	       0.00	     0.0000	   -0.00906	   -0.00000	    1.83881
20121217	 2663.500000	      0.687	       0.00	     0.0000	    0.01476	    0.00000	    1.83859
20121218	 2701.000000	      1.799	       1.00	     0.0000	    0.01408	    0.01408	    1.85414
20121219	 2691.250000	      1.411	       1.00	     0.0000	   -0.00361	   -0.00361	    1.84708
20121220	 2690.000000	      1.314	       1.00	     0.0000	   -0.00046	   -0.00046	    1.84604
20121221	 2660.500000	      0.059	       0.00	     0.0000	   -0.01097	   -0.00000	    1.84582
20121224	 2648.750000	     -0.548	       0.00	     0.0000	   -0.00442	   -0.00000	    1.84560
20121226	 2628.500000	     -1.438	      -1.00	     0.0000	   -0.00765	    0.00765	    1.85606
20121227	 2622.500000	     -1.606	      -1.00	     0.0000	   -0.00228	    0.00228	    1.85957
20121228	 2586.000000	     -2.515	      -1.00	     0.0000	   -0.01392	    0.01392	    1.87488
20121231	 2655.250000	      0.039	       0.00	     0.0000	    0.02678	    0.00000	    1.87465
20130102	 2738.750000	      2.498	       1.00	     0.0000	    0.03145	    0.03145	    1.88543
20130103	 2725.500000	      1.826	       1.00	     0.0000	   -0.00484	   -0.00484	    1.87606
20130104	 2713.000000	      1.340	       1.00	     0.0000	   -0.00459	   -0.00459	    1.86723
20130107	 2717.750000	      1.317	       1.00	     0.0000	    0.00175	    0.00175	    1.86983
20130108	 2714.000000	      1.111	       0.00	     0.0000	   -0.00138	   -0.00000	    1.86960
20130109	 2722.000000	      1.185	       0.00	     0.0000	    0.00295	    0.00000	    1.86938
20130110	 2737.000000	      1.389	       1.00	     0.0000	    0.00551	    0.00551	    1.87715
20130111	 2743.750000	      1.402	       1.00	     0.0000	    0.00247	    0.00247	    1.88082
20130114	 2728.750000	      0.979	       0.00	     0.0000	   -0.00547	   -0.00000	    1.88059
20130115	 2714.250000	      0.598	       0.00	     0.0000	   -0.00531	   -0.00000	    1.88037
20130116	 2726.000000	      0.777	       0.00	     0.0000	    0.00433	    0.00000	    1.88014
20130117	 2751.000000	      1.215	       0.00	     0.0000	    0.00917	    0.00000	    1.87992
