20080123	 1263.700000	     -1.322	      -1.00	     0.0000	    0.02615	   -0.02615	    0.00000
20080124	 1274.400000	     -1.046	       0.00	     0.0000	    0.00847	    0.00000	   -0.20002
20080125	 1256.300000	     -1.238	       0.00	     0.0000	   -0.01420	   -0.00000	   -0.20000
20080128	 1276.800000	     -0.819	       0.00	     0.0000	    0.01632	    0.00000	   -0.19998
20080129	 1284.300000	     -0.611	       0.00	     0.0000	    0.00587	    0.00000	   -0.19997
20080130	 1272.800000	     -0.766	       0.00	     0.0000	   -0.00895	   -0.00000	   -0.19995
20080131	 1301.800000	     -0.067	       0.00	     0.0000	    0.02278	    0.00000	   -0.19994
20080201	 1319.300000	      0.443	       0.00	     0.0000	    0.01344	    0.00000	   -0.19992
20080204	 1301.000000	      0.086	       0.00	     0.0000	   -0.01387	   -0.00000	   -0.19991
20080205	 1265.400000	     -0.844	       0.00	     0.0000	   -0.02736	   -0.00000	   -0.19989
20080206	 1252.200000	     -1.130	       0.00	     0.0000	   -0.01043	   -0.00000	   -0.19988
20080207	 1262.400000	     -0.747	       0.00	     0.0000	    0.00815	    0.00000	   -0.19986
20080208	 1252.500000	     -0.957	       0.00	     0.0000	   -0.00784	   -0.00000	   -0.19985
20080211	 1260.400000	     -0.644	       0.00	     0.0000	    0.00631	    0.00000	   -0.19983
20080212	 1272.000000	     -0.168	       0.00	     0.0000	    0.00920	    0.00000	   -0.19982
20080213	 1285.900000	      0.536	       0.00	     0.0000	    0.01093	    0.00000	   -0.19980
20080214	 1273.300000	      0.058	       0.00	     0.0000	   -0.00980	   -0.00000	   -0.19978
20080215	 1273.500000	      0.130	       0.00	     0.0000	    0.00016	    0.00000	   -0.19977
20080219	 1277.600000	      0.298	       0.00	     0.0000	    0.00322	    0.00000	   -0.19975
20080220	 1281.200000	      0.412	       0.00	     0.0000	    0.00282	    0.00000	   -0.19974
20080221	 1269.200000	     -0.349	       0.00	     0.0000	   -0.00937	   -0.00000	   -0.19972
20080222	 1277.700000	      0.120	       0.00	     0.0000	    0.00670	    0.00000	   -0.19971
20080225	 1293.800000	      1.007	       0.00	     0.0000	    0.01260	    0.00000	   -0.19969
20080226	 1305.000000	      1.493	       1.00	     0.0000	    0.00866	    0.00866	   -0.12679
20080227	 1302.600000	      1.233	       0.00	     0.0000	   -0.00184	   -0.00000	   -0.12678
20080228	 1288.000000	      0.419	       0.00	     0.0000	   -0.01121	   -0.00000	   -0.12677
20080229	 1253.500000	     -1.358	      -1.00	     0.0000	   -0.02679	    0.02679	    0.04830
20080303	 1254.100000	     -1.205	       0.00	     0.0000	    0.00048	    0.00000	    0.04829
20080304	 1249.200000	     -1.410	      -1.00	     0.0000	   -0.00391	    0.00391	    0.06823
20080305	 1257.800000	     -0.840	       0.00	     0.0000	    0.00688	    0.00000	    0.06823
20080306	 1230.100000	     -2.112	      -1.00	     0.0000	   -0.02202	    0.02202	    0.15813
20080307	 1215.000000	     -2.406	      -1.00	     0.0000	   -0.01228	    0.01228	    0.20553
20080310	 1197.800000	     -2.500	      -1.00	     0.0000	   -0.01416	    0.01416	    0.25503
20080311	 1246.100000	     -0.694	       0.00	     0.0000	    0.04032	    0.00000	    0.25501
20080312	 1231.600000	     -1.137	       0.00	     0.0000	   -0.01164	   -0.00000	    0.25499
20080313	 1235.500000	     -0.918	       0.00	     0.0000	    0.00317	    0.00000	    0.25497
20080314	 1213.800000	     -1.489	      -1.00	     0.0000	   -0.01756	    0.01756	    0.30783
20080317	 1200.300000	     -1.692	      -1.00	     0.0000	   -0.01112	    0.01112	    0.34308
20080318	 1254.800000	      0.024	       0.00	     0.0000	    0.04541	    0.00000	    0.34306
20080319	 1220.200000	     -0.962	       0.00	     0.0000	   -0.02757	   -0.00000	    0.34303
20080320	 1245.500000	     -0.130	       0.00	     0.0000	    0.02073	    0.00000	    0.34300
20080324	 1272.400000	      0.714	       0.00	     0.0000	    0.02160	    0.00000	    0.34298
20080325	 1272.200000	      0.721	       0.00	     0.0000	   -0.00016	   -0.00000	    0.34295
20080326	 1256.200000	      0.284	       0.00	     0.0000	   -0.01258	   -0.00000	    0.34293
20080327	 1250.600000	      0.204	       0.00	     0.0000	   -0.00446	   -0.00000	    0.34290
20080328	 1239.700000	     -0.103	       0.00	     0.0000	   -0.00872	   -0.00000	    0.34287
20080331	 1244.800000	      0.226	       0.00	     0.0000	    0.00411	    0.00000	    0.34285
20080401	 1291.400000	      2.094	       1.00	     0.0000	    0.03744	    0.03744	    0.39490
20080402	 1291.700000	      1.852	       1.00	     0.0000	    0.00023	    0.00023	    0.39558
20080403	 1294.200000	      1.718	       1.00	     0.0000	    0.00194	    0.00194	    0.40136
20080404	 1292.700000	      1.513	       1.00	     0.0000	   -0.00116	   -0.00116	    0.39768
20080407	 1293.000000	      1.364	       1.00	     0.0000	    0.00023	    0.00023	    0.39836
20080408	 1291.800000	      1.203	       0.00	     0.0000	   -0.00093	   -0.00000	    0.39833
20080409	 1281.100000	      0.793	       0.00	     0.0000	   -0.00828	   -0.00000	    0.39830
20080410	 1283.600000	      0.807	       0.00	     0.0000	    0.00195	    0.00000	    0.39827
20080411	 1256.400000	     -0.162	       0.00	     0.0000	   -0.02119	   -0.00000	    0.39824
20080414	 1252.100000	     -0.345	       0.00	     0.0000	   -0.00342	   -0.00000	    0.39821
20080415	 1256.700000	     -0.276	       0.00	     0.0000	    0.00367	    0.00000	    0.39818
20080416	 1291.700000	      1.056	       0.00	     0.0000	    0.02785	    0.00000	    0.39815
20080417	 1293.000000	      1.015	       0.00	     0.0000	    0.00101	    0.00000	    0.39812
20080418	 1308.700000	      1.635	       1.00	     0.0000	    0.01214	    0.01214	    0.42807
20080421	 1309.100000	      1.494	       1.00	     0.0000	    0.00031	    0.00031	    0.42896
20080422	 1301.600000	      1.047	       0.00	     0.0000	   -0.00573	   -0.00000	    0.42893
20080423	 1299.300000	      0.867	       0.00	     0.0000	   -0.00177	   -0.00000	    0.42889
20080424	 1306.800000	      1.094	       0.00	     0.0000	    0.00577	    0.00000	    0.42886
20080425	 1317.900000	      1.445	       1.00	     0.0000	    0.00849	    0.00849	    0.45084
20080428	 1318.400000	      1.395	       1.00	     0.0000	    0.00038	    0.00038	    0.45194
20080429	 1312.100000	      1.045	       0.00	     0.0000	   -0.00478	   -0.00000	    0.45190
20080430	 1306.800000	      0.713	       0.00	     0.0000	   -0.00404	   -0.00000	    0.45187
20080501	 1332.400000	      1.789	       1.00	     0.0000	    0.01959	    0.01959	    0.48977
20080502	 1336.600000	      1.737	       1.00	     0.0000	    0.00315	    0.00315	    0.49830
20080505	 1329.100000	      1.273	       1.00	     0.0000	   -0.00561	   -0.00561	    0.48052
20080506	 1341.500000	      1.586	       1.00	     0.0000	    0.00933	    0.00933	    0.50274
20080507	 1316.100000	      0.537	       0.00	     0.0000	   -0.01893	   -0.00000	    0.50270
20080508	 1312.800000	      0.353	       0.00	     0.0000	   -0.00251	   -0.00000	    0.50266
20080509	 1309.800000	      0.187	       0.00	     0.0000	   -0.00229	   -0.00000	    0.50263
20080512	 1325.500000	      0.763	       0.00	     0.0000	    0.01199	    0.00000	    0.50259
20080513	 1325.500000	      0.733	       0.00	     0.0000	    0.00000	    0.00000	    0.50255
20080514	 1328.600000	      0.958	       0.00	     0.0000	    0.00234	    0.00000	    0.50251
20080515	 1345.400000	      1.941	       1.00	     0.0000	    0.01264	    0.01264	    0.52986
20080516	 1346.600000	      1.832	       1.00	     0.0000	    0.00089	    0.00089	    0.53228
20080519	 1350.600000	      1.825	       1.00	     0.0000	    0.00297	    0.00297	    0.54008
20080520	 1338.200000	      0.927	       0.00	     0.0000	   -0.00918	   -0.00000	    0.54004
20080521	 1313.700000	     -0.728	       0.00	     0.0000	   -0.01831	   -0.00000	    0.54000
20080522	 1314.000000	     -0.806	       0.00	     0.0000	    0.00023	    0.00000	    0.53996
20080523	 1294.200000	     -2.036	      -1.00	     0.0000	   -0.01507	    0.01507	    0.56942
20080527	 1305.500000	     -1.197	       0.00	     0.0000	    0.00873	    0.00000	    0.56938
20080528	 1312.300000	     -0.730	       0.00	     0.0000	    0.00521	    0.00000	    0.56934
20080529	 1318.600000	     -0.350	       0.00	     0.0000	    0.00480	    0.00000	    0.56929
20080530	 1321.400000	     -0.220	       0.00	     0.0000	    0.00212	    0.00000	    0.56925
20080602	 1306.200000	     -1.124	       0.00	     0.0000	   -0.01150	   -0.00000	    0.56921
20080603	 1299.400000	     -1.402	      -1.00	     0.0000	   -0.00521	    0.00521	    0.58191
20080604	 1298.400000	     -1.317	      -1.00	     0.0000	   -0.00077	    0.00077	    0.58393
20080605	 1326.100000	      0.417	       0.00	     0.0000	    0.02133	    0.00000	    0.58389
20080606	 1280.300000	     -2.076	      -1.00	     0.0000	   -0.03454	    0.03454	    0.61277
20080609	 1284.300000	     -1.650	      -1.00	     0.0000	    0.00312	   -0.00312	    0.60457
20080610	 1277.000000	     -1.781	      -1.00	     0.0000	   -0.00568	    0.00568	    0.61699
20080611	 1256.600000	     -2.236	      -1.00	     0.0000	   -0.01597	    0.01597	    0.64378
20080612	 1261.900000	     -1.753	      -1.00	     0.0000	    0.00422	   -0.00422	    0.63273
20080613	 1278.300000	     -1.032	       0.00	     0.0000	    0.01300	    0.00000	    0.63268
20080616	 1278.600000	     -0.936	       0.00	     0.0000	    0.00023	    0.00000	    0.63264
20080617	 1271.600000	     -1.117	       0.00	     0.0000	   -0.00547	   -0.00000	    0.63259
20080618	 1257.400000	     -1.594	      -1.00	     0.0000	   -0.01117	    0.01117	    0.65347
20080619	 1260.200000	     -1.378	      -1.00	     0.0000	    0.00223	   -0.00223	    0.64788
20080620	 1237.600000	     -2.021	      -1.00	     0.0000	   -0.01793	    0.01793	    0.67515
20080623	 1236.900000	     -1.789	      -1.00	     0.0000	   -0.00057	    0.00057	    0.67640
20080624	 1234.100000	     -1.659	      -1.00	     0.0000	   -0.00226	    0.00226	    0.68138
20080625	 1250.100000	     -0.994	       0.00	     0.0000	    0.01296	    0.00000	    0.68133
20080626	 1203.000000	     -2.208	      -1.00	     0.0000	   -0.03768	    0.03768	    0.70349
20080627	 1198.600000	     -2.030	      -1.00	     0.0000	   -0.00366	    0.00366	    0.71068
20080630	 1199.700000	     -1.789	      -1.00	     0.0000	    0.00092	   -0.00092	    0.70864
20080701	 1204.800000	     -1.479	      -1.00	     0.0000	    0.00425	   -0.00425	    0.69881
20080702	 1181.400000	     -1.866	      -1.00	     0.0000	   -0.01942	    0.01942	    0.72458
20080703	 1183.500000	     -1.614	      -1.00	     0.0000	    0.00178	   -0.00178	    0.72069
20080707	 1170.400000	     -1.821	      -1.00	     0.0000	   -0.01107	    0.01107	    0.73874
20080708	 1192.300000	     -1.122	       0.00	     0.0000	    0.01871	    0.00000	    0.73868
20080709	 1166.600000	     -1.620	      -1.00	     0.0000	   -0.02155	    0.02155	    0.76421
20080710	 1173.100000	     -1.316	      -1.00	     0.0000	    0.00557	   -0.00557	    0.75170
20080711	 1158.400000	     -1.509	      -1.00	     0.0000	   -0.01253	    0.01253	    0.77069
20080714	 1146.900000	     -1.593	      -1.00	     0.0000	   -0.00993	    0.00993	    0.78657
20080715	 1130.100000	     -1.783	      -1.00	     0.0000	   -0.01465	    0.01465	    0.80702
20080716	 1159.700000	     -1.012	       0.00	     0.0000	    0.02619	    0.00000	    0.80696
20080717	 1172.000000	     -0.639	       0.00	     0.0000	    0.01061	    0.00000	    0.80690
20080718	 1179.000000	     -0.380	       0.00	     0.0000	    0.00597	    0.00000	    0.80683
20080721	 1180.200000	     -0.264	       0.00	     0.0000	    0.00102	    0.00000	    0.80677
20080722	 1192.800000	      0.219	       0.00	     0.0000	    0.01068	    0.00000	    0.80671
20080723	 1201.000000	      0.599	       0.00	     0.0000	    0.00687	    0.00000	    0.80665
20080724	 1172.400000	     -0.374	       0.00	     0.0000	   -0.02381	   -0.00000	    0.80659
20080725	 1172.400000	     -0.289	       0.00	     0.0000	    0.00000	    0.00000	    0.80653
20080728	 1153.700000	     -1.143	       0.00	     0.0000	   -0.01595	   -0.00000	    0.80647
20080729	 1180.300000	      0.297	       0.00	     0.0000	    0.02306	    0.00000	    0.80641
20080730	 1203.300000	      1.509	       1.00	     0.0000	    0.01949	    0.01949	    0.82936
20080731	 1185.700000	      0.658	       0.00	     0.0000	   -0.01463	   -0.00000	    0.82930
20080801	 1178.900000	      0.281	       0.00	     0.0000	   -0.00574	   -0.00000	    0.82924
20080804	 1167.400000	     -0.329	       0.00	     0.0000	   -0.00975	   -0.00000	    0.82918
20080805	 1201.500000	      1.444	       1.00	     0.0000	    0.02921	    0.02921	    0.85180
20080806	 1206.300000	      1.590	       1.00	     0.0000	    0.00400	    0.00400	    0.85856
20080807	 1186.500000	      0.524	       0.00	     0.0000	   -0.01641	   -0.00000	    0.85849
20080808	 1210.900000	      1.570	       1.00	     0.0000	    0.02056	    0.02056	    0.88047
20080811	 1223.700000	      1.879	       1.00	     0.0000	    0.01057	    0.01057	    0.89547
20080812	 1210.100000	      1.176	       0.00	     0.0000	   -0.01111	   -0.00000	    0.89540
20080813	 1203.200000	      0.837	       0.00	     0.0000	   -0.00570	   -0.00000	    0.89533
20080814	 1212.400000	      1.224	       0.00	     0.0000	    0.00765	    0.00000	    0.89527
20080815	 1218.300000	      1.390	       1.00	     0.0000	    0.00487	    0.00487	    0.90314
20080818	 1200.700000	      0.395	       0.00	     0.0000	   -0.01445	   -0.00000	    0.90307
20080819	 1187.000000	     -0.369	       0.00	     0.0000	   -0.01141	   -0.00000	    0.90300
20080820	 1192.400000	     -0.072	       0.00	     0.0000	    0.00455	    0.00000	    0.90293
20080821	 1194.100000	      0.039	       0.00	     0.0000	    0.00143	    0.00000	    0.90287
20080822	 1210.800000	      0.870	       0.00	     0.0000	    0.01399	    0.00000	    0.90280
20080825	 1185.000000	     -0.625	       0.00	     0.0000	   -0.02131	   -0.00000	    0.90273
20080826	 1190.300000	     -0.502	       0.00	     0.0000	    0.00447	    0.00000	    0.90266
20080827	 1200.700000	      0.156	       0.00	     0.0000	    0.00874	    0.00000	    0.90259
20080828	 1216.700000	      1.212	       0.00	     0.0000	    0.01333	    0.00000	    0.90253
20080829	 1201.200000	      0.091	       0.00	     0.0000	   -0.01274	   -0.00000	    0.90246
20080902	 1195.100000	     -0.418	       0.00	     0.0000	   -0.00508	   -0.00000	    0.90239
20080903	 1193.800000	     -0.733	       0.00	     0.0000	   -0.00109	   -0.00000	    0.90232
20080904	 1155.200000	     -2.953	      -1.00	     0.0000	   -0.03233	    0.03233	    0.92146
20080905	 1159.700000	     -2.182	      -1.00	     0.0000	    0.00390	   -0.00390	    0.91409
20080908	 1185.600000	     -0.684	       0.00	     0.0000	    0.02233	    0.00000	    0.91402
20080909	 1145.100000	     -2.405	      -1.00	     0.0000	   -0.03416	    0.03416	    0.93243
20080910	 1151.900000	     -1.832	      -1.00	     0.0000	    0.00594	   -0.00594	    0.92133
20080911	 1169.500000	     -0.914	       0.00	     0.0000	    0.01528	    0.00000	    0.92126
20080912	 1175.800000	     -0.559	       0.00	     0.0000	    0.00539	    0.00000	    0.92119
20080915	 1113.500000	     -2.679	      -1.00	     0.0000	   -0.05299	    0.05299	    0.92227
20080916	 1133.600000	     -1.696	      -1.00	     0.0000	    0.01805	   -0.01805	    0.88635
20080917	 1080.300000	     -2.748	      -1.00	     0.0000	   -0.04702	    0.04702	    0.90131
20080918	 1120.600000	     -1.392	      -1.00	     0.0000	    0.03730	   -0.03730	    0.81976
20080919	 1170.900000	      0.054	       0.00	     0.0000	    0.04489	    0.00000	    0.81970
20080922	 1131.200000	     -0.979	       0.00	     0.0000	   -0.03391	   -0.00000	    0.81964
20080923	 1104.400000	     -1.552	      -1.00	     0.0000	   -0.02369	    0.02369	    0.84079
20080924	 1110.400000	     -1.250	       0.00	     0.0000	    0.00543	    0.00000	    0.84073
20080925	 1131.000000	     -0.633	       0.00	     0.0000	    0.01855	    0.00000	    0.84067
20080926	 1131.900000	     -0.539	       0.00	     0.0000	    0.00080	    0.00000	    0.84060
20080929	 1036.200000	     -2.609	      -1.00	     0.0000	   -0.08455	    0.08455	    0.82705
20080930	 1086.400000	     -1.262	      -1.00	     0.0000	    0.04845	   -0.04845	    0.74063
20081001	 1085.800000	     -1.171	       0.00	     0.0000	   -0.00055	   -0.00000	    0.74057
20081002	 1041.800000	     -2.001	      -1.00	     0.0000	   -0.04052	    0.04052	    0.76601
20081003	 1025.700000	     -2.016	      -1.00	     0.0000	   -0.01545	    0.01545	    0.78003
20081006	 970.700000	     -2.516	      -1.00	     0.0000	   -0.05362	    0.05362	    0.80404
20081007	 923.200000	     -2.642	      -1.00	     0.0000	   -0.04893	    0.04893	    0.82790
20081008	 898.400000	     -2.404	      -1.00	     0.0000	   -0.02686	    0.02686	    0.84708
20081009	 829.900000	     -2.553	      -1.00	     0.0000	   -0.07625	    0.07625	    0.86133
20081010	 808.400000	     -2.283	      -1.00	     0.0000	   -0.02591	    0.02591	    0.87895
20081013	 934.100000	     -1.010	       0.00	     0.0000	    0.15549	    0.00000	    0.87888
20081014	 919.700000	     -1.041	       0.00	     0.0000	   -0.01542	   -0.00000	    0.87882
20081015	 820.700000	     -1.714	      -1.00	     0.0000	   -0.10764	    0.10764	    0.87342
20081016	 858.400000	     -1.249	       0.00	     0.0000	    0.04594	    0.00000	    0.87335
20081017	 850.900000	     -1.187	       0.00	     0.0000	   -0.00874	   -0.00000	    0.87329
20081020	 907.800000	     -0.641	       0.00	     0.0000	    0.06687	    0.00000	    0.87322
20081021	 876.700000	     -0.831	       0.00	     0.0000	   -0.03426	   -0.00000	    0.87315
20081022	 820.200000	     -1.216	       0.00	     0.0000	   -0.06445	   -0.00000	    0.87309
20081023	 832.600000	     -1.012	       0.00	     0.0000	    0.01512	    0.00000	    0.87302
20081024	 783.400000	     -1.360	      -1.00	     0.0000	   -0.05909	    0.05909	    0.89489
20081027	 752.100000	     -1.556	      -1.00	     0.0000	   -0.03995	    0.03995	    0.91496
20081028	 856.100000	     -0.448	       0.00	     0.0000	    0.13828	    0.00000	    0.91489
20081029	 844.400000	     -0.499	       0.00	     0.0000	   -0.01367	   -0.00000	    0.91482
20081030	 878.900000	      0.015	       0.00	     0.0000	    0.04086	    0.00000	    0.91475
20081031	 884.700000	      0.226	       0.00	     0.0000	    0.00660	    0.00000	    0.91468
20081103	 886.900000	      0.438	       0.00	     0.0000	    0.00249	    0.00000	    0.91462
20081104	 920.600000	      1.213	       0.00	     0.0000	    0.03800	    0.00000	    0.91455
20081105	 875.400000	      0.348	       0.00	     0.0000	   -0.04910	   -0.00000	    0.91448
20081106	 821.900000	     -0.718	       0.00	     0.0000	   -0.06111	   -0.00000	    0.91441
20081107	 853.600000	     -0.064	       0.00	     0.0000	    0.03857	    0.00000	    0.91434
20081110	 838.900000	     -0.423	       0.00	     0.0000	   -0.01722	   -0.00000	    0.91427
20081111	 810.400000	     -0.976	       0.00	     0.0000	   -0.03397	   -0.00000	    0.91420
20081112	 770.900000	     -1.711	      -1.00	     0.0000	   -0.04874	    0.04874	    0.93507
20081113	 825.100000	     -0.466	       0.00	     0.0000	    0.07031	    0.00000	    0.93500
20081114	 778.900000	     -1.377	      -1.00	     0.0000	   -0.05599	    0.05599	    0.95554
20081117	 768.400000	     -1.438	      -1.00	     0.0000	   -0.01348	    0.01348	    0.96443
20081118	 783.900000	     -1.025	       0.00	     0.0000	    0.02017	    0.00000	    0.96436
20081119	 729.900000	     -1.882	      -1.00	     0.0000	   -0.06889	    0.06889	    0.98272
20081120	 665.700000	     -2.479	      -1.00	     0.0000	   -0.08796	    0.08796	    0.99537
20081121	 709.400000	     -1.561	      -1.00	     0.0000	    0.06565	   -0.06565	    0.92486
20081124	 765.400000	     -0.685	       0.00	     0.0000	    0.07894	    0.00000	    0.92479
20081125	 770.600000	     -0.627	       0.00	     0.0000	    0.00679	    0.00000	    0.92472
20081126	 803.600000	     -0.083	       0.00	     0.0000	    0.04282	    0.00000	    0.92465
20081128	 812.700000	      0.083	       0.00	     0.0000	    0.01132	    0.00000	    0.92458
20081201	 733.200000	     -1.057	       0.00	     0.0000	   -0.09782	   -0.00000	    0.92451
20081202	 766.400000	     -0.467	       0.00	     0.0000	    0.04528	    0.00000	    0.92444
20081203	 785.900000	     -0.072	       0.00	     0.0000	    0.02544	    0.00000	    0.92437
20081204	 764.900000	     -0.362	       0.00	     0.0000	   -0.02672	   -0.00000	    0.92430
20081205	 789.800000	      0.255	       0.00	     0.0000	    0.03255	    0.00000	    0.92424
20081208	 822.100000	      0.986	       0.00	     0.0000	    0.04090	    0.00000	    0.92417
20081209	 806.900000	      0.740	       0.00	     0.0000	   -0.01849	   -0.00000	    0.92410
20081210	 813.200000	      0.960	       0.00	     0.0000	    0.00781	    0.00000	    0.92403
20081211	 792.500000	      0.467	       0.00	     0.0000	   -0.02545	   -0.00000	    0.92396
20081212	 803.500000	      0.699	       0.00	     0.0000	    0.01388	    0.00000	    0.92389
20081215	 790.600000	      0.431	       0.00	     0.0000	   -0.01605	   -0.00000	    0.92382
20081216	 831.000000	      1.356	       1.00	     0.0000	    0.05110	    0.05110	    0.94396
20081217	 821.200000	      1.020	       0.00	     0.0000	   -0.01179	   -0.00000	    0.94389
20081218	 810.700000	      0.725	       0.00	     0.0000	   -0.01279	   -0.00000	    0.94382
20081219	 799.500000	      0.391	       0.00	     0.0000	   -0.01382	   -0.00000	    0.94375
20081222	 789.500000	     -0.005	       0.00	     0.0000	   -0.01251	   -0.00000	    0.94368
20081223	 776.800000	     -0.675	       0.00	     0.0000	   -0.01609	   -0.00000	    0.94361
20081224	 783.200000	     -0.455	       0.00	     0.0000	    0.00824	    0.00000	    0.94354
20081226	 787.100000	     -0.328	       0.00	     0.0000	    0.00498	    0.00000	    0.94347
20081229	 788.600000	     -0.230	       0.00	     0.0000	    0.00191	    0.00000	    0.94340
20081230	 806.400000	      0.581	       0.00	     0.0000	    0.02257	    0.00000	    0.94333
20081231	 818.300000	      1.149	       0.00	     0.0000	    0.01476	    0.00000	    0.94326
20090102	 843.600000	      2.204	       1.00	     0.0000	    0.03092	    0.03092	    0.95860
20090105	 845.600000	      1.962	       1.00	     0.0000	    0.00237	    0.00237	    0.96008
20090106	 848.700000	      1.907	       1.00	     0.0000	    0.00367	    0.00367	    0.96237
20090107	 823.400000	      0.651	       0.00	     0.0000	   -0.02981	   -0.00000	    0.96230
20090108	 824.900000	      0.712	       0.00	     0.0000	    0.00182	    0.00000	    0.96223
20090109	 803.700000	     -0.278	       0.00	     0.0000	   -0.02570	   -0.00000	    0.96216
20090112	 786.300000	     -1.009	       0.00	     0.0000	   -0.02165	   -0.00000	    0.96209
20090113	 786.800000	     -0.963	       0.00	     0.0000	    0.00064	    0.00000	    0.96201
20090114	 758.000000	     -1.944	      -1.00	     0.0000	   -0.03660	    0.03660	    0.97884
20090115	 757.500000	     -1.757	      -1.00	     0.0000	   -0.00066	    0.00066	    0.97920
20090116	 766.800000	     -1.271	      -1.00	     0.0000	    0.01228	   -0.01228	    0.97021
20090120	 724.200000	     -2.303	      -1.00	     0.0000	   -0.05556	    0.05556	    0.98980
20090121	 755.000000	     -1.198	       0.00	     0.0000	    0.04253	    0.00000	    0.98973
20090122	 743.700000	     -1.389	      -1.00	     0.0000	   -0.01497	    0.01497	    0.99814
20090123	 741.700000	     -1.316	      -1.00	     0.0000	   -0.00269	    0.00269	    0.99977
20090126	 749.000000	     -1.048	       0.00	     0.0000	    0.00984	    0.00000	    0.99970
20090127	 757.400000	     -0.776	       0.00	     0.0000	    0.01121	    0.00000	    0.99962
20090128	 789.700000	      0.082	       0.00	     0.0000	    0.04265	    0.00000	    0.99955
20090129	 761.000000	     -0.641	       0.00	     0.0000	   -0.03634	   -0.00000	    0.99947
20090130	 740.700000	     -1.069	       0.00	     0.0000	   -0.02668	   -0.00000	    0.99940
20090202	 739.500000	     -0.999	       0.00	     0.0000	   -0.00162	   -0.00000	    0.99932
20090203	 749.700000	     -0.666	       0.00	     0.0000	    0.01379	    0.00000	    0.99925
20090204	 748.000000	     -0.649	       0.00	     0.0000	   -0.00227	   -0.00000	    0.99918
20090205	 758.700000	     -0.231	       0.00	     0.0000	    0.01430	    0.00000	    0.99910
20090206	 785.900000	      0.925	       0.00	     0.0000	    0.03585	    0.00000	    0.99903
20090209	 783.300000	      1.068	       0.00	     0.0000	   -0.00331	   -0.00000	    0.99895
20090210	 745.100000	     -0.725	       0.00	     0.0000	   -0.04877	   -0.00000	    0.99888
20090211	 749.700000	     -0.404	       0.00	     0.0000	    0.00617	    0.00000	    0.99881
20090212	 753.600000	     -0.097	       0.00	     0.0000	    0.00520	    0.00000	    0.99873
20090213	 738.300000	     -0.972	       0.00	     0.0000	   -0.02030	   -0.00000	    0.99866
20090217	 703.800000	     -2.430	      -1.00	     0.0000	   -0.04673	    0.04673	    1.01688
20090218	 697.700000	     -2.242	      -1.00	     0.0000	   -0.00867	    0.00867	    1.02194
20090219	 697.600000	     -2.006	      -1.00	     0.0000	   -0.00014	    0.00014	    1.02195
20090220	 687.700000	     -2.024	      -1.00	     0.0000	   -0.01419	    0.01419	    1.02985
20090223	 663.200000	     -2.337	      -1.00	     0.0000	   -0.03563	    0.03563	    1.04555
20090224	 687.000000	     -1.448	      -1.00	     0.0000	    0.03589	   -0.03589	    1.01596
20090225	 679.700000	     -1.475	      -1.00	     0.0000	   -0.01063	    0.01063	    1.02198
20090226	 670.200000	     -1.532	      -1.00	     0.0000	   -0.01398	    0.01398	    1.02967
20090227	 652.400000	     -1.776	      -1.00	     0.0000	   -0.02656	    0.02656	    1.04254
20090302	 623.700000	     -2.093	      -1.00	     0.0000	   -0.04399	    0.04399	    1.05967
20090303	 607.700000	     -2.054	      -1.00	     0.0000	   -0.02565	    0.02565	    1.07201
20090304	 626.600000	     -1.488	      -1.00	     0.0000	    0.03110	   -0.03110	    1.04770
20090305	 604.300000	     -1.675	      -1.00	     0.0000	   -0.03559	    0.03559	    1.06295
20090306	 606.000000	     -1.466	      -1.00	     0.0000	    0.00281	   -0.00281	    1.06111
20090309	 594.100000	     -1.496	      -1.00	     0.0000	   -0.01964	    0.01964	    1.07105
20090310	 634.200000	     -0.755	       0.00	     0.0000	    0.06750	    0.00000	    1.07097
20090311	 638.700000	     -0.607	       0.00	     0.0000	    0.00710	    0.00000	    1.07089
20090312	 669.800000	      0.079	       0.00	     0.0000	    0.04869	    0.00000	    1.07081
20090313	 676.000000	      0.308	       0.00	     0.0000	    0.00926	    0.00000	    1.07073
20090316	 675.500000	      0.431	       0.00	     0.0000	   -0.00074	   -0.00000	    1.07065
20090317	 697.000000	      1.132	       0.00	     0.0000	    0.03183	    0.00000	    1.07057
20090318	 713.300000	      1.549	       1.00	     0.0000	    0.02339	    0.02339	    1.08192
20090319	 701.800000	      1.218	       0.00	     0.0000	   -0.01612	   -0.00000	    1.08184
20090320	 685.800000	      0.806	       0.00	     0.0000	   -0.02280	   -0.00000	    1.08176
20090323	 739.000000	      2.011	       1.00	     0.0000	    0.07757	    0.07757	    1.09767
20090324	 725.100000	      1.491	       1.00	     0.0000	   -0.01881	   -0.01881	    1.08471
20090325	 729.900000	      1.478	       1.00	     0.0000	    0.00662	    0.00662	    1.08833
20090326	 749.000000	      1.695	       1.00	     0.0000	    0.02617	    0.02617	    1.10031
20090327	 737.800000	      1.329	       1.00	     0.0000	   -0.01495	   -0.01495	    1.09033
20090330	 706.000000	      0.642	       0.00	     0.0000	   -0.04310	   -0.00000	    1.09025
20090331	 716.500000	      0.770	       0.00	     0.0000	    0.01487	    0.00000	    1.09017
20090401	 730.900000	      0.967	       0.00	     0.0000	    0.02010	    0.00000	    1.09009
20090402	 757.200000	      1.359	       1.00	     0.0000	    0.03598	    0.03598	    1.10477
20090403	 762.300000	      1.356	       1.00	     0.0000	    0.00674	    0.00674	    1.10841
20090406	 752.100000	      1.075	       0.00	     0.0000	   -0.01338	   -0.00000	    1.10833
20090407	 735.700000	      0.666	       0.00	     0.0000	   -0.02181	   -0.00000	    1.10825
20090408	 744.300000	      0.845	       0.00	     0.0000	    0.01169	    0.00000	    1.10816
20090409	 774.300000	      1.702	       1.00	     0.0000	    0.04031	    0.04031	    1.12359
20090413	 775.700000	      1.606	       1.00	     0.0000	    0.00181	    0.00181	    1.12454
20090414	 762.000000	      1.066	       0.00	     0.0000	   -0.01766	   -0.00000	    1.12445
20090415	 770.200000	      1.288	       1.00	     0.0000	    0.01076	    0.01076	    1.13004
20090416	 783.200000	      1.611	       1.00	     0.0000	    0.01688	    0.01688	    1.13834
20090417	 788.500000	      1.604	       1.00	     0.0000	    0.00677	    0.00677	    1.14195
20090420	 754.600000	      0.306	       0.00	     0.0000	   -0.04299	   -0.00000	    1.14186
20090421	 769.400000	      0.841	       0.00	     0.0000	    0.01961	    0.00000	    1.14178
20090422	 758.600000	      0.316	       0.00	     0.0000	   -0.01404	   -0.00000	    1.14169
20090423	 770.400000	      0.768	       0.00	     0.0000	    0.01555	    0.00000	    1.14161
20090424	 788.200000	      1.427	       1.00	     0.0000	    0.02310	    0.02310	    1.15223
20090427	 778.500000	      0.909	       0.00	     0.0000	   -0.01231	   -0.00000	    1.15215
20090428	 773.500000	      0.620	       0.00	     0.0000	   -0.00642	   -0.00000	    1.15206
20090429	 790.800000	      1.376	       1.00	     0.0000	    0.02237	    0.02237	    1.16238
20090430	 791.700000	      1.404	       1.00	     0.0000	    0.00114	    0.00114	    1.16295
20090501	 797.800000	      1.655	       1.00	     0.0000	    0.00770	    0.00770	    1.16700
20090504	 824.500000	      2.543	       1.00	     0.0000	    0.03347	    0.03347	    1.18052
20090505	 825.100000	      2.133	       1.00	     0.0000	    0.00073	    0.00073	    1.18084
20090506	 838.900000	      2.259	       1.00	     0.0000	    0.01673	    0.01673	    1.18893
20090507	 828.700000	      1.700	       1.00	     0.0000	   -0.01216	   -0.01216	    1.18113
20090508	 846.400000	      2.079	       1.00	     0.0000	    0.02136	    0.02136	    1.19096
20090511	 830.700000	      1.345	       1.00	     0.0000	   -0.01855	   -0.01855	    1.17856
20090512	 828.500000	      1.147	       0.00	     0.0000	   -0.00265	   -0.00000	    1.17848
20090513	 807.000000	      0.343	       0.00	     0.0000	   -0.02595	   -0.00000	    1.17839
20090514	 811.200000	      0.431	       0.00	     0.0000	    0.00520	    0.00000	    1.17830
20090515	 804.700000	      0.159	       0.00	     0.0000	   -0.00801	   -0.00000	    1.17822
20090518	 828.800000	      0.954	       0.00	     0.0000	    0.02995	    0.00000	    1.17813
20090519	 828.200000	      0.860	       0.00	     0.0000	   -0.00072	   -0.00000	    1.17804
20090520	 821.600000	      0.536	       0.00	     0.0000	   -0.00797	   -0.00000	    1.17796
20090521	 810.400000	     -0.016	       0.00	     0.0000	   -0.01363	   -0.00000	    1.17787
20090522	 806.600000	     -0.291	       0.00	     0.0000	   -0.00469	   -0.00000	    1.17778
20090526	 830.400000	      0.808	       0.00	     0.0000	    0.02951	    0.00000	    1.17770
20090527	 814.200000	     -0.110	       0.00	     0.0000	   -0.01951	   -0.00000	    1.17761
20090528	 826.800000	      0.535	       0.00	     0.0000	    0.01548	    0.00000	    1.17752
20090529	 839.800000	      1.308	       1.00	     0.0000	    0.01572	    0.01572	    1.18516
20090601	 860.800000	      2.403	       1.00	     0.0000	    0.02501	    0.02501	    1.19616
20090602	 864.300000	      2.263	       1.00	     0.0000	    0.00407	    0.00407	    1.19830
20090603	 853.400000	      1.427	       1.00	     0.0000	   -0.01261	   -0.01261	    1.19025
20090604	 862.200000	      1.694	       1.00	     0.0000	    0.01031	    0.01031	    1.19548
20090605	 862.200000	      1.538	       1.00	     0.0000	    0.00000	    0.00000	    1.19540
20090608	 860.500000	      1.312	       1.00	     0.0000	   -0.00197	   -0.00197	    1.19417
20090609	 861.300000	      1.273	       1.00	     0.0000	    0.00093	    0.00093	    1.19461
20090610	 862.200000	      1.198	       0.00	     0.0000	    0.00104	    0.00000	    1.19452
20090611	 863.800000	      1.155	       0.00	     0.0000	    0.00186	    0.00000	    1.19443
20090612	 866.400000	      1.157	       0.00	     0.0000	    0.00301	    0.00000	    1.19434
20090615	 845.300000	      0.169	       0.00	     0.0000	   -0.02435	   -0.00000	    1.19426
20090616	 833.700000	     -0.458	       0.00	     0.0000	   -0.01372	   -0.00000	    1.19417
20090617	 831.200000	     -0.590	       0.00	     0.0000	   -0.00300	   -0.00000	    1.19408
20090618	 839.100000	     -0.227	       0.00	     0.0000	    0.00950	    0.00000	    1.19399
20090619	 841.600000	     -0.154	       0.00	     0.0000	    0.00298	    0.00000	    1.19391
20090622	 814.500000	     -1.597	      -1.00	     0.0000	   -0.03220	    0.03220	    1.20684
20090623	 816.100000	     -1.610	      -1.00	     0.0000	    0.00196	   -0.00196	    1.20562
20090624	 823.900000	     -1.142	       0.00	     0.0000	    0.00956	    0.00000	    1.20553
20090625	 842.500000	     -0.221	       0.00	     0.0000	    0.02258	    0.00000	    1.20544
20090626	 839.800000	     -0.429	       0.00	     0.0000	   -0.00320	   -0.00000	    1.20536
20090629	 847.100000	     -0.008	       0.00	     0.0000	    0.00869	    0.00000	    1.20527
20090630	 841.400000	     -0.303	       0.00	     0.0000	   -0.00673	   -0.00000	    1.20518
20090701	 845.100000	     -0.019	       0.00	     0.0000	    0.00440	    0.00000	    1.20509
20090702	 819.200000	     -1.486	      -1.00	     0.0000	   -0.03065	    0.03065	    1.21755
20090706	 821.400000	     -1.227	       0.00	     0.0000	    0.00269	    0.00000	    1.21746
20090707	 805.200000	     -1.908	      -1.00	     0.0000	   -0.01972	    0.01972	    1.22649
20090708	 799.600000	     -1.924	      -1.00	     0.0000	   -0.00695	    0.00695	    1.23005
20090709	 804.800000	     -1.488	      -1.00	     0.0000	    0.00650	   -0.00650	    1.22610
20090710	 800.200000	     -1.563	      -1.00	     0.0000	   -0.00572	    0.00572	    1.22905
20090713	 821.500000	     -0.393	       0.00	     0.0000	    0.02662	    0.00000	    1.22896
20090714	 827.300000	      0.039	       0.00	     0.0000	    0.00706	    0.00000	    1.22887
20090715	 853.100000	      1.601	       1.00	     0.0000	    0.03119	    0.03119	    1.24132
20090716	 861.600000	      1.856	       1.00	     0.0000	    0.00996	    0.00996	    1.24629
20090717	 862.800000	      1.696	       1.00	     0.0000	    0.00139	    0.00139	    1.24696
20090720	 874.900000	      1.996	       1.00	     0.0000	    0.01402	    0.01402	    1.25369
20090721	 879.300000	      1.913	       1.00	     0.0000	    0.00503	    0.00503	    1.25628
