20020128	   2.042500	     -0.339	       0.00	     0.0000	   -0.00200	   -0.00000	    0.00000
20020129	   2.036100	     -0.708	       0.00	     0.0000	   -0.00313	   -0.00000	       -nan
20020130	   2.036100	     -0.646	       0.00	     0.0000	    0.00000	    0.00000	       -nan
20020131	   2.045100	     -0.029	       0.00	     0.0000	    0.00442	    0.00000	       -nan
20020201	   2.060200	      1.126	       0.00	     0.0000	    0.00738	    0.00000	       -nan
20020204	   2.049100	      0.309	       0.00	     0.0000	   -0.00539	   -0.00000	       -nan
20020205	   2.047900	      0.372	       0.00	     0.0000	   -0.00059	   -0.00000	       -nan
20020206	   2.037300	     -0.492	       0.00	     0.0000	   -0.00518	   -0.00000	       -nan
20020207	   2.037900	     -0.355	       0.00	     0.0000	    0.00029	    0.00000	       -nan
20020208	   2.048100	      0.792	       0.00	     0.0000	    0.00501	    0.00000	       -nan
20020211	   2.068200	      2.634	       1.00	     0.0000	    0.00981	    0.00981	    0.21257
20020212	   2.049400	      0.756	       0.00	     0.0000	   -0.00909	   -0.00000	    0.21255
20020213	   2.054700	      1.159	       0.00	     0.0000	    0.00259	    0.00000	    0.21253
20020214	   2.054900	      1.069	       0.00	     0.0000	    0.00010	    0.00000	    0.21251
20020215	   2.058500	      1.274	       1.00	     0.0000	    0.00175	    0.00175	    0.24654
20020219	   2.045000	     -0.015	       0.00	     0.0000	   -0.00656	   -0.00000	    0.24652
20020220	   2.039500	     -0.666	       0.00	     0.0000	   -0.00269	   -0.00000	    0.24650
20020221	   2.049800	      0.342	       0.00	     0.0000	    0.00505	    0.00000	    0.24648
20020222	   2.049300	      0.223	       0.00	     0.0000	   -0.00024	   -0.00000	    0.24645
20020225	   2.033400	     -1.541	      -1.00	     0.0000	   -0.00776	    0.00776	    0.32496
20020226	   2.056800	      1.004	       0.00	     0.0000	    0.01151	    0.00000	    0.32493
20020227	   2.052000	      0.432	       0.00	     0.0000	   -0.00233	   -0.00000	    0.32491
20020228	   2.067500	      1.865	       1.00	     0.0000	    0.00755	    0.00755	    0.38786
20020301	   2.078500	      2.446	       1.00	     0.0000	    0.00532	    0.00532	    0.43696
20020304	   2.071900	      1.622	       1.00	     0.0000	   -0.00318	   -0.00318	    0.38593
20020305	   2.089200	      2.477	       1.00	     0.0000	    0.00835	    0.00835	    0.44040
20020306	   2.089100	      2.064	       1.00	     0.0000	   -0.00005	   -0.00005	    0.43980
20020307	   2.101200	      2.285	       1.00	     0.0000	    0.00579	    0.00579	    0.48367
20020308	   2.102100	      1.998	       1.00	     0.0000	    0.00043	    0.00043	    0.48831
20020311	   2.116000	      2.233	       1.00	     0.0000	    0.00661	    0.00661	    0.53101
20020312	   2.115100	      1.881	       1.00	     0.0000	   -0.00043	   -0.00043	    0.52634
20020313	   2.113000	      1.592	       1.00	     0.0000	   -0.00099	   -0.00099	    0.51514
20020314	   2.110900	      1.356	       1.00	     0.0000	   -0.00099	   -0.00099	    0.50397
20020315	   2.104800	      1.030	       0.00	     0.0000	   -0.00289	   -0.00000	    0.50392
20020318	   2.117500	      1.334	       1.00	     0.0000	    0.00603	    0.00603	    0.54365
20020319	   2.113000	      1.069	       0.00	     0.0000	   -0.00213	   -0.00000	    0.54361
20020320	   2.108200	      0.822	       0.00	     0.0000	   -0.00227	   -0.00000	    0.54356
20020321	   2.121000	      1.172	       0.00	     0.0000	    0.00607	    0.00000	    0.54351
20020322	   2.114700	      0.862	       0.00	     0.0000	   -0.00297	   -0.00000	    0.54346
20020325	   2.111300	      0.662	       0.00	     0.0000	   -0.00161	   -0.00000	    0.54342
20020326	   2.125500	      1.217	       0.00	     0.0000	    0.00673	    0.00000	    0.54337
20020327	   2.123900	      1.078	       0.00	     0.0000	   -0.00075	   -0.00000	    0.54332
20020328	   2.122800	      1.015	       0.00	     0.0000	   -0.00052	   -0.00000	    0.54328
20020401	   2.126900	      1.220	       0.00	     0.0000	    0.00193	    0.00000	    0.54323
20020402	   2.137000	      1.749	       1.00	     0.0000	    0.00475	    0.00475	    0.57662
20020403	   2.135300	      1.667	       1.00	     0.0000	   -0.00080	   -0.00080	    0.56834
20020404	   2.116400	      0.079	       0.00	     0.0000	   -0.00885	   -0.00000	    0.56829
20020405	   2.115000	     -0.183	       0.00	     0.0000	   -0.00066	   -0.00000	    0.56824
20020408	   2.118700	      0.127	       0.00	     0.0000	    0.00175	    0.00000	    0.56819
20020409	   2.107200	     -1.256	      -1.00	     0.0000	   -0.00543	    0.00543	    0.60276
20020410	   2.107400	     -1.144	       0.00	     0.0000	    0.00009	    0.00000	    0.60271
20020411	   2.088700	     -2.550	      -1.00	     0.0000	   -0.00887	    0.00887	    0.63833
20020412	   2.065800	     -3.126	      -1.00	     0.0000	   -0.01096	    0.01096	    0.66859
20020415	   2.099900	     -0.860	       0.00	     0.0000	    0.01651	    0.00000	    0.66854
20020416	   2.103000	     -0.654	       0.00	     0.0000	    0.00148	    0.00000	    0.66848
20020417	   2.112400	     -0.042	       0.00	     0.0000	    0.00447	    0.00000	    0.66842
20020418	   2.108100	     -0.300	       0.00	     0.0000	   -0.00204	   -0.00000	    0.66836
20020419	   2.108100	     -0.299	       0.00	     0.0000	    0.00000	    0.00000	    0.66830
20020422	   2.118700	      0.382	       0.00	     0.0000	    0.00503	    0.00000	    0.66825
20020423	   2.120800	      0.494	       0.00	     0.0000	    0.00099	    0.00000	    0.66819
20020424	   2.115400	      0.140	       0.00	     0.0000	   -0.00255	   -0.00000	    0.66813
20020425	   2.122200	      0.585	       0.00	     0.0000	    0.00321	    0.00000	    0.66807
20020426	   2.126400	      0.840	       0.00	     0.0000	    0.00198	    0.00000	    0.66802
20020429	   2.132400	      1.160	       0.00	     0.0000	    0.00282	    0.00000	    0.66796
20020430	   2.132400	      1.125	       0.00	     0.0000	    0.00000	    0.00000	    0.66790
20020501	   2.118700	      0.364	       0.00	     0.0000	   -0.00642	   -0.00000	    0.66784
20020502	   2.111700	     -0.012	       0.00	     0.0000	   -0.00330	   -0.00000	    0.66779
20020503	   2.116900	      0.338	       0.00	     0.0000	    0.00246	    0.00000	    0.66773
20020506	   2.108400	     -0.215	       0.00	     0.0000	   -0.00402	   -0.00000	    0.66767
20020507	   2.118900	      0.493	       0.00	     0.0000	    0.00498	    0.00000	    0.66761
20020508	   2.127100	      0.961	       0.00	     0.0000	    0.00387	    0.00000	    0.66756
20020509	   2.135000	      1.334	       1.00	     0.0000	    0.00371	    0.00371	    0.69056
20020510	   2.138100	      1.403	       1.00	     0.0000	    0.00145	    0.00145	    0.70104
20020513	   2.142700	      1.949	       1.00	     0.0000	    0.00215	    0.00215	    0.71578
20020514	   2.152600	      2.358	       1.00	     0.0000	    0.00462	    0.00462	    0.74137
20020515	   2.118200	     -0.406	       0.00	     0.0000	   -0.01598	   -0.00000	    0.74131
20020516	   2.131100	      0.595	       0.00	     0.0000	    0.00609	    0.00000	    0.74124
20020517	   2.135500	      0.879	       0.00	     0.0000	    0.00206	    0.00000	    0.74118
20020520	   2.138300	      1.030	       0.00	     0.0000	    0.00131	    0.00000	    0.74111
20020521	   2.138300	      0.937	       0.00	     0.0000	    0.00000	    0.00000	    0.74105
20020522	   2.127400	     -0.052	       0.00	     0.0000	   -0.00510	   -0.00000	    0.74099
20020523	   2.123000	     -0.489	       0.00	     0.0000	   -0.00207	   -0.00000	    0.74092
20020524	   2.120300	     -0.724	       0.00	     0.0000	   -0.00127	   -0.00000	    0.74086
20020528	   2.107200	     -1.691	      -1.00	     0.0000	   -0.00618	    0.00618	    0.76933
20020529	   2.119500	     -0.604	       0.00	     0.0000	    0.00584	    0.00000	    0.76926
20020530	   2.099500	     -1.934	      -1.00	     0.0000	   -0.00944	    0.00944	    0.79639
20020531	   2.108600	     -1.174	       0.00	     0.0000	    0.00433	    0.00000	    0.79633
20020603	   2.106400	     -1.289	      -1.00	     0.0000	   -0.00104	    0.00104	    0.80328
20020604	   2.112900	     -0.803	       0.00	     0.0000	    0.00309	    0.00000	    0.80321
20020605	   2.107900	     -1.153	       0.00	     0.0000	   -0.00237	   -0.00000	    0.80314
20020606	   2.111900	     -0.834	       0.00	     0.0000	    0.00190	    0.00000	    0.80307
20020607	   2.111900	     -0.772	       0.00	     0.0000	    0.00000	    0.00000	    0.80301
20020610	   2.103700	     -1.206	       0.00	     0.0000	   -0.00388	   -0.00000	    0.80294
20020611	   2.103700	     -1.096	       0.00	     0.0000	    0.00000	    0.00000	    0.80287
20020612	   2.111100	     -0.528	       0.00	     0.0000	    0.00352	    0.00000	    0.80280
20020613	   2.111100	     -0.463	       0.00	     0.0000	    0.00000	    0.00000	    0.80273
20020614	   2.132600	      1.252	       1.00	     0.0000	    0.01018	    0.01018	    0.82763
20020617	   2.125600	      0.718	       0.00	     0.0000	   -0.00328	   -0.00000	    0.82756
20020618	   2.120000	      0.334	       0.00	     0.0000	   -0.00263	   -0.00000	    0.82749
20020619	   2.116200	      0.101	       0.00	     0.0000	   -0.00179	   -0.00000	    0.82742
20020620	   2.125600	      1.233	       0.00	     0.0000	    0.00444	    0.00000	    0.82735
20020621	   2.117200	      0.367	       0.00	     0.0000	   -0.00395	   -0.00000	    0.82728
20020624	   2.129200	      1.665	       1.00	     0.0000	    0.00567	    0.00567	    0.85173
20020625	   2.126500	      1.284	       1.00	     0.0000	   -0.00127	   -0.00127	    0.84248
20020626	   2.129200	      1.410	       1.00	     0.0000	    0.00127	    0.00127	    0.85022
20020627	   2.128500	      1.244	       0.00	     0.0000	   -0.00033	   -0.00000	    0.85015
20020628	   2.128800	      1.182	       0.00	     0.0000	    0.00014	    0.00000	    0.85008
20020701	   2.129500	      1.138	       0.00	     0.0000	    0.00033	    0.00000	    0.85001
20020702	   2.133500	      1.404	       1.00	     0.0000	    0.00188	    0.00188	    0.86098
20020703	   2.132300	      1.158	       0.00	     0.0000	   -0.00056	   -0.00000	    0.86090
20020708	   2.118300	     -0.310	       0.00	     0.0000	   -0.00657	   -0.00000	    0.86083
20020709	   2.122800	      0.110	       0.00	     0.0000	    0.00212	    0.00000	    0.86075
20020710	   2.132800	      1.078	       0.00	     0.0000	    0.00471	    0.00000	    0.86068
20020711	   2.133900	      1.139	       0.00	     0.0000	    0.00052	    0.00000	    0.86061
20020712	   2.145800	      2.333	       1.00	     0.0000	    0.00558	    0.00558	    0.88414
20020715	   2.135700	      1.055	       0.00	     0.0000	   -0.00471	   -0.00000	    0.88406
20020716	   2.149800	      2.452	       1.00	     0.0000	    0.00660	    0.00660	    0.90842
20020717	   2.147600	      1.902	       1.00	     0.0000	   -0.00102	   -0.00102	    0.90131
20020718	   2.141900	      1.167	       0.00	     0.0000	   -0.00265	   -0.00000	    0.90123
20020719	   2.142600	      1.127	       0.00	     0.0000	    0.00033	    0.00000	    0.90116
20020722	   2.123700	     -0.929	       0.00	     0.0000	   -0.00882	   -0.00000	    0.90108
20020723	   2.119500	     -1.313	      -1.00	     0.0000	   -0.00198	    0.00198	    0.91207
20020724	   2.130200	     -0.259	       0.00	     0.0000	    0.00505	    0.00000	    0.91200
20020725	   2.130200	     -0.265	       0.00	     0.0000	    0.00000	    0.00000	    0.91192
20020726	   2.126900	     -0.643	       0.00	     0.0000	   -0.00155	   -0.00000	    0.91184
20020729	   2.126100	     -0.711	       0.00	     0.0000	   -0.00038	   -0.00000	    0.91176
20020730	   2.140000	      0.787	       0.00	     0.0000	    0.00654	    0.00000	    0.91168
20020731	   2.131200	     -0.209	       0.00	     0.0000	   -0.00411	   -0.00000	    0.91161
20020801	   2.124800	     -0.886	       0.00	     0.0000	   -0.00300	   -0.00000	    0.91153
20020802	   2.132700	     -0.011	       0.00	     0.0000	    0.00372	    0.00000	    0.91145
20020805	   2.128700	     -0.431	       0.00	     0.0000	   -0.00188	   -0.00000	    0.91137
20020806	   2.135700	      0.263	       0.00	     0.0000	    0.00329	    0.00000	    0.91129
20020807	   2.128100	     -0.679	       0.00	     0.0000	   -0.00356	   -0.00000	    0.91122
20020808	   2.132000	     -0.202	       0.00	     0.0000	    0.00183	    0.00000	    0.91114
20020809	   2.130200	     -0.397	       0.00	     0.0000	   -0.00084	   -0.00000	    0.91106
20020812	   2.149200	      1.810	       1.00	     0.0000	    0.00892	    0.00892	    0.93444
20020813	   2.143800	      1.101	       0.00	     0.0000	   -0.00251	   -0.00000	    0.93436
20020814	   2.144600	      1.277	       1.00	     0.0000	    0.00037	    0.00037	    0.93654
20020815	   2.163000	      2.790	       1.00	     0.0000	    0.00858	    0.00858	    0.95962
20020816	   2.159700	      2.114	       1.00	     0.0000	   -0.00153	   -0.00153	    0.94948
20020819	   2.158000	      1.759	       1.00	     0.0000	   -0.00079	   -0.00079	    0.94444
20020820	   2.161900	      1.802	       1.00	     0.0000	    0.00181	    0.00181	    0.95394
20020821	   2.163800	      1.730	       1.00	     0.0000	    0.00088	    0.00088	    0.95882
20020822	   2.159500	      1.275	       1.00	     0.0000	   -0.00199	   -0.00199	    0.94534
20020823	   2.158900	      1.117	       0.00	     0.0000	   -0.00028	   -0.00000	    0.94526
20020826	   2.168800	      1.601	       1.00	     0.0000	    0.00459	    0.00459	    0.96447
20020827	   2.166200	      1.296	       1.00	     0.0000	   -0.00120	   -0.00120	    0.95674
20020828	   2.165000	      1.106	       0.00	     0.0000	   -0.00055	   -0.00000	    0.95666
20020829	   2.173500	      1.480	       1.00	     0.0000	    0.00393	    0.00393	    0.97392
20020830	   2.172500	      1.305	       1.00	     0.0000	   -0.00046	   -0.00046	    0.97105
20020903	   2.172500	      1.188	       0.00	     0.0000	    0.00000	    0.00000	    0.97097
20020904	   2.165000	      0.633	       0.00	     0.0000	   -0.00345	   -0.00000	    0.97089
20020905	   2.174700	      1.190	       0.00	     0.0000	    0.00448	    0.00000	    0.97080
20020906	   2.176800	      1.275	       1.00	     0.0000	    0.00097	    0.00097	    0.97605
20020909	   2.175700	      1.142	       0.00	     0.0000	   -0.00051	   -0.00000	    0.97597
20020910	   2.175400	      1.142	       0.00	     0.0000	   -0.00014	   -0.00000	    0.97588
20020911	   2.173800	      0.898	       0.00	     0.0000	   -0.00074	   -0.00000	    0.97580
20020912	   2.158700	     -0.909	       0.00	     0.0000	   -0.00695	   -0.00000	    0.97572
20020913	   2.169900	      0.400	       0.00	     0.0000	    0.00519	    0.00000	    0.97563
20020916	   2.165900	     -0.239	       0.00	     0.0000	   -0.00184	   -0.00000	    0.97555
20020917	   2.158500	     -1.363	      -1.00	     0.0000	   -0.00342	    0.00342	    0.99106
20020918	   2.159600	     -1.226	       0.00	     0.0000	    0.00051	    0.00000	    0.99097
20020919	   2.158800	     -1.294	      -1.00	     0.0000	   -0.00037	    0.00037	    0.99301
20020920	   2.150400	     -2.164	      -1.00	     0.0000	   -0.00389	    0.00389	    1.00981
20020923	   2.153600	     -1.619	      -1.00	     0.0000	    0.00149	   -0.00149	    1.00022
20020924	   2.154600	     -1.421	      -1.00	     0.0000	    0.00046	   -0.00046	    0.99735
20020925	   2.157100	     -1.020	       0.00	     0.0000	    0.00116	    0.00000	    0.99727
20020926	   2.159000	     -0.741	       0.00	     0.0000	    0.00088	    0.00000	    0.99718
20020927	   2.154300	     -1.188	       0.00	     0.0000	   -0.00218	   -0.00000	    0.99710
20020930	   2.154200	     -1.089	       0.00	     0.0000	   -0.00005	   -0.00000	    0.99701
20021001	   2.161900	     -0.168	       0.00	     0.0000	    0.00357	    0.00000	    0.99693
20021002	   2.159600	     -0.372	       0.00	     0.0000	   -0.00106	   -0.00000	    0.99684
20021003	   2.156300	     -0.707	       0.00	     0.0000	   -0.00153	   -0.00000	    0.99676
20021004	   2.162700	      0.118	       0.00	     0.0000	    0.00297	    0.00000	    0.99668
20021007	   2.164600	      0.469	       0.00	     0.0000	    0.00088	    0.00000	    0.99659
20021008	   2.165900	      0.786	       0.00	     0.0000	    0.00060	    0.00000	    0.99651
20021009	   2.167800	      1.255	       1.00	     0.0000	    0.00088	    0.00088	    1.00122
20021010	   2.163800	      0.763	       0.00	     0.0000	   -0.00185	   -0.00000	    1.00114
20021011	   2.165900	      1.071	       0.00	     0.0000	    0.00097	    0.00000	    1.00105
20021014	   2.171200	      2.010	       1.00	     0.0000	    0.00245	    0.00245	    1.01286
20021015	   2.166300	      1.101	       0.00	     0.0000	   -0.00226	   -0.00000	    1.01278
20021016	   2.166300	      1.008	       0.00	     0.0000	    0.00000	    0.00000	    1.01269
20021017	   2.172000	      1.760	       1.00	     0.0000	    0.00263	    0.00263	    1.02515
20021018	   2.167700	      0.966	       0.00	     0.0000	   -0.00198	   -0.00000	    1.02507
20021021	   2.152100	     -1.585	      -1.00	     0.0000	   -0.00720	    0.00720	    1.04630
20021022	   2.158900	     -0.532	       0.00	     0.0000	    0.00316	    0.00000	    1.04621
20021023	   2.158800	     -0.604	       0.00	     0.0000	   -0.00005	   -0.00000	    1.04612
20021024	   2.159800	     -0.457	       0.00	     0.0000	    0.00046	    0.00000	    1.04603
20021025	   2.137100	     -3.099	      -1.00	     0.0000	   -0.01051	    0.01051	    1.06365
20021028	   2.145000	     -1.874	      -1.00	     0.0000	    0.00370	   -0.00370	    1.03865
20021029	   2.135600	     -2.431	      -1.00	     0.0000	   -0.00438	    0.00438	    1.05560
20021030	   2.142100	     -1.576	      -1.00	     0.0000	    0.00304	   -0.00304	    1.03595
20021031	   2.149000	     -0.869	       0.00	     0.0000	    0.00322	    0.00000	    1.03586
20021101	   2.141400	     -1.418	      -1.00	     0.0000	   -0.00354	    0.00354	    1.05049
20021104	   2.138300	     -1.497	      -1.00	     0.0000	   -0.00145	    0.00145	    1.05743
20021105	   2.129800	     -1.876	      -1.00	     0.0000	   -0.00398	    0.00398	    1.07313
20021106	   2.129300	     -1.676	      -1.00	     0.0000	   -0.00023	    0.00023	    1.07427
20021107	   2.120600	     -1.956	      -1.00	     0.0000	   -0.00409	    0.00409	    1.09010
20021108	   2.121100	     -1.684	      -1.00	     0.0000	    0.00024	   -0.00024	    1.08874
20021111	   2.123000	     -1.408	      -1.00	     0.0000	    0.00090	   -0.00090	    1.08363
20021112	   2.128400	     -0.999	       0.00	     0.0000	    0.00254	    0.00000	    1.08354
20021113	   2.122100	     -1.258	      -1.00	     0.0000	   -0.00296	    0.00296	    1.09607
20021114	   2.121700	     -1.175	       0.00	     0.0000	   -0.00019	   -0.00000	    1.09597
20021115	   2.128600	     -0.683	       0.00	     0.0000	    0.00325	    0.00000	    1.09588
20021118	   2.128600	     -0.618	       0.00	     0.0000	    0.00000	    0.00000	    1.09579
20021119	   2.141900	      0.444	       0.00	     0.0000	    0.00625	    0.00000	    1.09570
20021120	   2.149200	      1.116	       0.00	     0.0000	    0.00341	    0.00000	    1.09560
20021121	   2.151900	      1.437	       1.00	     0.0000	    0.00126	    0.00126	    1.10159
20021122	   2.156000	      1.873	       1.00	     0.0000	    0.00191	    0.00191	    1.11027
20021125	   2.140800	      0.481	       0.00	     0.0000	   -0.00705	   -0.00000	    1.11018
20021126	   2.150900	      1.325	       1.00	     0.0000	    0.00472	    0.00472	    1.12706
20021127	   2.152300	      1.314	       1.00	     0.0000	    0.00065	    0.00065	    1.13022
20021202	   2.157400	      1.574	       1.00	     0.0000	    0.00237	    0.00237	    1.14054
20021203	   2.160900	      1.699	       1.00	     0.0000	    0.00162	    0.00162	    1.14797
20021204	   2.146200	      0.595	       0.00	     0.0000	   -0.00680	   -0.00000	    1.14788
20021205	   2.159400	      1.407	       1.00	     0.0000	    0.00615	    0.00615	    1.16632
20021206	   2.157800	      1.173	       0.00	     0.0000	   -0.00074	   -0.00000	    1.16622
20021209	   2.163900	      1.414	       1.00	     0.0000	    0.00283	    0.00283	    1.17787
20021210	   2.170400	      1.642	       1.00	     0.0000	    0.00300	    0.00300	    1.19000
20021211	   2.160300	      0.920	       0.00	     0.0000	   -0.00465	   -0.00000	    1.18990
20021212	   2.167700	      1.291	       1.00	     0.0000	    0.00343	    0.00343	    1.20317
20021213	   2.170000	      1.315	       1.00	     0.0000	    0.00106	    0.00106	    1.20809
20021216	   2.170000	      1.237	       0.00	     0.0000	    0.00000	    0.00000	    1.20799
20021217	   2.178200	      1.734	       1.00	     0.0000	    0.00378	    0.00378	    1.22204
20021218	   2.183100	      1.933	       1.00	     0.0000	    0.00225	    0.00225	    1.23155
20021219	   2.180900	      1.693	       1.00	     0.0000	   -0.00101	   -0.00101	    1.22596
20021220	   2.179200	      1.420	       1.00	     0.0000	   -0.00078	   -0.00078	    1.22168
20021223	   2.187000	      1.806	       1.00	     0.0000	    0.00358	    0.00358	    1.23513
20021224	   2.185900	      1.528	       1.00	     0.0000	   -0.00050	   -0.00050	    1.23239
20021226	   2.190700	      1.657	       1.00	     0.0000	    0.00220	    0.00220	    1.24166
20021227	   2.192300	      1.638	       1.00	     0.0000	    0.00073	    0.00073	    1.24506
20021230	   2.172000	      0.096	       0.00	     0.0000	   -0.00926	   -0.00000	    1.24495
20021231	   2.187100	      1.146	       0.00	     0.0000	    0.00695	    0.00000	    1.24485
20030102	   2.187500	      1.072	       0.00	     0.0000	    0.00018	    0.00000	    1.24474
20030103	   2.190900	      1.212	       0.00	     0.0000	    0.00155	    0.00000	    1.24464
20030106	   2.187000	      0.868	       0.00	     0.0000	   -0.00178	   -0.00000	    1.24453
20030107	   2.187500	      0.836	       0.00	     0.0000	    0.00023	    0.00000	    1.24443
20030108	   2.196300	      1.550	       1.00	     0.0000	    0.00402	    0.00402	    1.25875
20030109	   2.206500	      2.183	       1.00	     0.0000	    0.00464	    0.00464	    1.27412
20030110	   2.186100	      0.275	       0.00	     0.0000	   -0.00925	   -0.00000	    1.27401
20030113	   2.202900	      1.739	       1.00	     0.0000	    0.00768	    0.00768	    1.29085
20030114	   2.211600	      2.232	       1.00	     0.0000	    0.00395	    0.00395	    1.30458
20030115	   2.211600	      1.965	       1.00	     0.0000	    0.00000	    0.00000	    1.30447
20030116	   2.222800	      2.450	       1.00	     0.0000	    0.00506	    0.00506	    1.31996
20030117	   2.226800	      2.274	       1.00	     0.0000	    0.00180	    0.00180	    1.32745
20030121	   2.223300	      1.763	       1.00	     0.0000	   -0.00157	   -0.00157	    1.31883
20030122	   2.221900	      1.491	       1.00	     0.0000	   -0.00063	   -0.00063	    1.31552
20030123	   2.219600	      1.224	       0.00	     0.0000	   -0.00104	   -0.00000	    1.31541
20030124	   2.233700	      1.814	       1.00	     0.0000	    0.00635	    0.00635	    1.33181
20030127	   2.217200	      0.786	       0.00	     0.0000	   -0.00739	   -0.00000	    1.33170
20030128	   2.234500	      1.576	       1.00	     0.0000	    0.00780	    0.00780	    1.34771
20030129	   2.249900	      2.035	       1.00	     0.0000	    0.00689	    0.00689	    1.36382
20030130	   2.251500	      1.902	       1.00	     0.0000	    0.00071	    0.00071	    1.36686
20030131	   2.252600	      1.725	       1.00	     0.0000	    0.00049	    0.00049	    1.36894
20030203	   2.242200	      1.135	       0.00	     0.0000	   -0.00462	   -0.00000	    1.36883
20030204	   2.260000	      1.738	       1.00	     0.0000	    0.00794	    0.00794	    1.38431
20030205	   2.265600	      1.777	       1.00	     0.0000	    0.00248	    0.00248	    1.39354
20030206	   2.261500	      1.467	       1.00	     0.0000	   -0.00181	   -0.00181	    1.38402
20030207	   2.271000	      1.689	       1.00	     0.0000	    0.00420	    0.00420	    1.39729
20030210	   2.261200	      1.148	       0.00	     0.0000	   -0.00432	   -0.00000	    1.39717
20030211	   2.278500	      1.777	       1.00	     0.0000	    0.00765	    0.00765	    1.41251
20030212	   2.275000	      1.485	       1.00	     0.0000	   -0.00154	   -0.00154	    1.40470
20030213	   2.282100	      1.624	       1.00	     0.0000	    0.00312	    0.00312	    1.41547
20030214	   2.276700	      1.270	       1.00	     0.0000	   -0.00237	   -0.00237	    1.40290
20030218	   2.277700	      1.196	       0.00	     0.0000	    0.00044	    0.00000	    1.40278
20030219	   2.283000	      1.301	       1.00	     0.0000	    0.00233	    0.00233	    1.41136
20030220	   2.265500	      0.440	       0.00	     0.0000	   -0.00767	   -0.00000	    1.41124
20030221	   2.285100	      1.267	       1.00	     0.0000	    0.00865	    0.00865	    1.42570
20030224	   2.295200	      1.640	       1.00	     0.0000	    0.00442	    0.00442	    1.43886
20030225	   2.277800	      0.684	       0.00	     0.0000	   -0.00758	   -0.00000	    1.43874
20030226	   2.303900	      2.020	       1.00	     0.0000	    0.01146	    0.01146	    1.44778
20030227	   2.291600	      1.240	       0.00	     0.0000	   -0.00534	   -0.00000	    1.44766
20030228	   2.290600	      1.078	       0.00	     0.0000	   -0.00044	   -0.00000	    1.44754
20030303	   2.285800	      0.696	       0.00	     0.0000	   -0.00210	   -0.00000	    1.44742
20030304	   2.299100	      1.445	       1.00	     0.0000	    0.00582	    0.00582	    1.46190
20030305	   2.302400	      1.630	       1.00	     0.0000	    0.00144	    0.00144	    1.46725
20030306	   2.311200	      1.995	       1.00	     0.0000	    0.00382	    0.00382	    1.47892
20030307	   2.327500	      2.504	       1.00	     0.0000	    0.00705	    0.00705	    1.49357
20030310	   2.311200	      1.390	       1.00	     0.0000	   -0.00700	   -0.00700	    1.45001
20030311	   2.312000	      1.298	       1.00	     0.0000	    0.00035	    0.00035	    1.45129
20030312	   2.328400	      2.011	       1.00	     0.0000	    0.00709	    0.00709	    1.46619
20030313	   2.297800	      0.206	       0.00	     0.0000	   -0.01314	   -0.00000	    1.46607
20030314	   2.280500	     -0.833	       0.00	     0.0000	   -0.00753	   -0.00000	    1.46594
20030317	   2.251700	     -2.164	      -1.00	     0.0000	   -0.01263	    0.01263	    1.47320
20030318	   2.224500	     -2.743	      -1.00	     0.0000	   -0.01208	    0.01208	    1.48255
20030319	   2.221600	     -2.341	      -1.00	     0.0000	   -0.00130	    0.00130	    1.48706
20030320	   2.201500	     -2.424	      -1.00	     0.0000	   -0.00905	    0.00905	    1.50109
20030321	   2.165500	     -2.666	      -1.00	     0.0000	   -0.01635	    0.01635	    1.49802
20030324	   2.194700	     -1.728	      -1.00	     0.0000	    0.01348	   -0.01348	    1.40960
20030325	   2.168700	     -1.942	      -1.00	     0.0000	   -0.01185	    0.01185	    1.42299
20030326	   2.185700	     -1.443	      -1.00	     0.0000	    0.00784	   -0.00784	    1.38363
20030327	   2.208800	     -0.929	       0.00	     0.0000	    0.01057	    0.00000	    1.38352
20030328	   2.192500	     -1.111	       0.00	     0.0000	   -0.00738	   -0.00000	    1.38340
20030331	   2.215300	     -0.644	       0.00	     0.0000	    0.01040	    0.00000	    1.38329
20030401	   2.197500	     -0.875	       0.00	     0.0000	   -0.00804	   -0.00000	    1.38317
20030402	   2.184200	     -1.006	       0.00	     0.0000	   -0.00605	   -0.00000	    1.38306
20030403	   2.188000	     -0.854	       0.00	     0.0000	    0.00174	    0.00000	    1.38294
20030404	   2.182200	     -0.871	       0.00	     0.0000	   -0.00265	   -0.00000	    1.38282
20030407	   2.176100	     -0.909	       0.00	     0.0000	   -0.00280	   -0.00000	    1.38271
20030408	   2.180900	     -0.745	       0.00	     0.0000	    0.00221	    0.00000	    1.38259
20030409	   2.203700	     -0.189	       0.00	     0.0000	    0.01045	    0.00000	    1.38248
20030410	   2.183100	     -0.632	       0.00	     0.0000	   -0.00935	   -0.00000	    1.38236
20030411	   2.192500	     -0.272	       0.00	     0.0000	    0.00431	    0.00000	    1.38225
20030414	   2.188600	     -0.344	       0.00	     0.0000	   -0.00178	   -0.00000	    1.38213
20030415	   2.198300	      0.334	       0.00	     0.0000	    0.00443	    0.00000	    1.38202
20030416	   2.200400	      0.601	       0.00	     0.0000	    0.00096	    0.00000	    1.38190
20030417	   2.212900	      1.606	       1.00	     0.0000	    0.00568	    0.00568	    1.39528
20030421	   2.216700	      1.715	       1.00	     0.0000	    0.00172	    0.00172	    1.40052
20030422	   2.205000	      0.830	       0.00	     0.0000	   -0.00528	   -0.00000	    1.40040
20030423	   2.183400	     -0.760	       0.00	     0.0000	   -0.00980	   -0.00000	    1.40029
20030424	   2.193200	     -0.125	       0.00	     0.0000	    0.00449	    0.00000	    1.40017
20030425	   2.182800	     -0.965	       0.00	     0.0000	   -0.00474	   -0.00000	    1.40005
20030428	   2.168800	     -1.840	      -1.00	     0.0000	   -0.00641	    0.00641	    1.41413
20030429	   2.163100	     -1.944	      -1.00	     0.0000	   -0.00263	    0.00263	    1.42170
20030430	   2.175600	     -1.001	       0.00	     0.0000	    0.00578	    0.00000	    1.42158
20030501	   2.177400	     -0.795	       0.00	     0.0000	    0.00083	    0.00000	    1.42146
20030502	   2.171400	     -1.144	       0.00	     0.0000	   -0.00276	   -0.00000	    1.42134
20030505	   2.192600	      0.318	       0.00	     0.0000	    0.00976	    0.00000	    1.42123
20030506	   2.175200	     -0.856	       0.00	     0.0000	   -0.00794	   -0.00000	    1.42111
20030507	   2.189000	      0.048	       0.00	     0.0000	    0.00634	    0.00000	    1.42099
20030508	   2.199100	      0.687	       0.00	     0.0000	    0.00461	    0.00000	    1.42087
20030509	   2.206800	      1.196	       0.00	     0.0000	    0.00350	    0.00000	    1.42075
20030512	   2.198500	      0.575	       0.00	     0.0000	   -0.00376	   -0.00000	    1.42064
20030513	   2.223200	      1.937	       1.00	     0.0000	    0.01123	    0.01123	    1.43481
20030514	   2.238600	      2.318	       1.00	     0.0000	    0.00693	    0.00693	    1.44898
20030515	   2.229100	      1.625	       1.00	     0.0000	   -0.00424	   -0.00424	    1.43136
20030516	   2.232900	      1.614	       1.00	     0.0000	    0.00170	    0.00170	    1.43640
20030519	   2.218000	      0.926	       0.00	     0.0000	   -0.00667	   -0.00000	    1.43628
20030520	   2.221600	      1.064	       0.00	     0.0000	    0.00162	    0.00000	    1.43616
20030521	   2.232300	      1.403	       1.00	     0.0000	    0.00482	    0.00482	    1.44781
20030522	   2.226900	      1.069	       0.00	     0.0000	   -0.00242	   -0.00000	    1.44769
20030523	   2.228600	      1.042	       0.00	     0.0000	    0.00076	    0.00000	    1.44757
20030527	   2.231300	      1.043	       0.00	     0.0000	    0.00121	    0.00000	    1.44745
20030528	   2.218100	      0.454	       0.00	     0.0000	   -0.00592	   -0.00000	    1.44733
20030529	   2.230000	      0.878	       0.00	     0.0000	    0.00536	    0.00000	    1.44721
20030530	   2.234700	      1.001	       0.00	     0.0000	    0.00211	    0.00000	    1.44709
20030602	   2.248200	      1.493	       1.00	     0.0000	    0.00604	    0.00604	    1.46029
20030603	   2.250500	      1.527	       1.00	     0.0000	    0.00102	    0.00102	    1.46336
20030604	   2.241800	      0.996	       0.00	     0.0000	   -0.00387	   -0.00000	    1.46324
20030605	   2.255500	      1.684	       1.00	     0.0000	    0.00611	    0.00611	    1.47640
20030606	   2.265300	      2.070	       1.00	     0.0000	    0.00434	    0.00434	    1.48709
20030609	   2.264800	      1.850	       1.00	     0.0000	   -0.00022	   -0.00022	    1.48623
20030610	   2.271100	      1.951	       1.00	     0.0000	    0.00278	    0.00278	    1.49381
20030611	   2.274100	      1.958	       1.00	     0.0000	    0.00132	    0.00132	    1.49770
20030612	   2.253400	      0.701	       0.00	     0.0000	   -0.00910	   -0.00000	    1.49757
20030613	   2.234700	     -0.368	       0.00	     0.0000	   -0.00830	   -0.00000	    1.49745
20030616	   2.236500	     -0.288	       0.00	     0.0000	    0.00081	    0.00000	    1.49733
20030617	   2.243200	      0.074	       0.00	     0.0000	    0.00300	    0.00000	    1.49720
20030618	   2.236800	     -0.372	       0.00	     0.0000	   -0.00285	   -0.00000	    1.49708
20030619	   2.228800	     -0.908	       0.00	     0.0000	   -0.00358	   -0.00000	    1.49695
20030620	   2.247200	      0.212	       0.00	     0.0000	    0.00826	    0.00000	    1.49683
20030623	   2.242500	     -0.140	       0.00	     0.0000	   -0.00209	   -0.00000	    1.49671
20030624	   2.238400	     -0.453	       0.00	     0.0000	   -0.00183	   -0.00000	    1.49658
20030625	   2.266400	      1.298	       1.00	     0.0000	    0.01251	    0.01251	    1.50850
20030626	   2.241500	     -0.465	       0.00	     0.0000	   -0.01099	   -0.00000	    1.50838
20030627	   2.250600	      0.133	       0.00	     0.0000	    0.00406	    0.00000	    1.50826
20030630	   2.271900	      1.566	       1.00	     0.0000	    0.00946	    0.00946	    1.52239
20030701	   2.276300	      1.659	       1.00	     0.0000	    0.00194	    0.00194	    1.52776
20030702	   2.270300	      1.144	       0.00	     0.0000	   -0.00264	   -0.00000	    1.52764
20030703	   2.266400	      0.808	       0.00	     0.0000	   -0.00172	   -0.00000	    1.52751
20030707	   2.264600	      0.654	       0.00	     0.0000	   -0.00079	   -0.00000	    1.52739
20030708	   2.270200	      0.989	       0.00	     0.0000	    0.00247	    0.00000	    1.52726
20030709	   2.290800	      2.002	       1.00	     0.0000	    0.00907	    0.00907	    1.54126
20030710	   2.290900	      1.813	       1.00	     0.0000	    0.00004	    0.00004	    1.54127
20030711	   2.293500	      1.777	       1.00	     0.0000	    0.00113	    0.00113	    1.54449
20030714	   2.294200	      1.598	       1.00	     0.0000	    0.00031	    0.00031	    1.54531
20030715	   2.298200	      1.589	       1.00	     0.0000	    0.00174	    0.00174	    1.55013
20030716	   2.278100	      0.614	       0.00	     0.0000	   -0.00875	   -0.00000	    1.55000
20030717	   2.285300	      0.860	       0.00	     0.0000	    0.00316	    0.00000	    1.54988
20030718	   2.290000	      0.988	       0.00	     0.0000	    0.00206	    0.00000	    1.54975
20030721	   2.285100	      0.689	       0.00	     0.0000	   -0.00214	   -0.00000	    1.54962
20030722	   2.251700	     -1.097	       0.00	     0.0000	   -0.01462	   -0.00000	    1.54949
20030723	   2.258100	     -0.838	       0.00	     0.0000	    0.00284	    0.00000	    1.54937
20030724	   2.269800	     -0.293	       0.00	     0.0000	    0.00518	    0.00000	    1.54924
20030725	   2.269400	     -0.329	       0.00	     0.0000	   -0.00018	   -0.00000	    1.54911
20030728	   2.267700	     -0.581	       0.00	     0.0000	   -0.00075	   -0.00000	    1.54898
20030729	   2.272800	     -0.321	       0.00	     0.0000	    0.00225	    0.00000	    1.54885
