19970721	   1.741500	     -0.434	       0.00	     0.0000	    0.00126	    0.00000	    0.00000
19970722	   1.745400	     -0.080	       0.00	     0.0000	    0.00224	    0.00000	       -nan
19970723	   1.750900	      0.492	       0.00	     0.0000	    0.00315	    0.00000	       -nan
19970724	   1.752300	      0.583	       0.00	     0.0000	    0.00080	    0.00000	       -nan
19970725	   1.759000	      1.273	       1.00	     0.0000	    0.00382	    0.00382	    0.23730
19970728	   1.757700	      1.021	       0.00	     0.0000	   -0.00074	   -0.00000	    0.23728
19970729	   1.760100	      1.207	       0.00	     0.0000	    0.00137	    0.00000	    0.23725
19970730	   1.775100	      2.359	       1.00	     0.0000	    0.00852	    0.00852	    0.31358
19970731	   1.774500	      2.102	       1.00	     0.0000	   -0.00034	   -0.00034	    0.30475
19970801	   1.778200	      2.173	       1.00	     0.0000	    0.00209	    0.00209	    0.34907
19970804	   1.798600	      2.791	       1.00	     0.0000	    0.01147	    0.01147	    0.40579
19970805	   1.793700	      2.076	       1.00	     0.0000	   -0.00272	   -0.00272	    0.35660
19970806	   1.792300	      1.737	       1.00	     0.0000	   -0.00078	   -0.00078	    0.34392
19970807	   1.788200	      1.368	       1.00	     0.0000	   -0.00229	   -0.00229	    0.30478
19970808	   1.783600	      1.039	       0.00	     0.0000	   -0.00257	   -0.00000	    0.30475
19970811	   1.783700	      0.950	       0.00	     0.0000	    0.00006	    0.00000	    0.30471
19970812	   1.789100	      1.119	       0.00	     0.0000	    0.00303	    0.00000	    0.30468
19970813	   1.799800	      1.485	       1.00	     0.0000	    0.00598	    0.00598	    0.36985
19970814	   1.790800	      0.951	       0.00	     0.0000	   -0.00500	   -0.00000	    0.36981
19970815	   1.789000	      0.782	       0.00	     0.0000	   -0.00101	   -0.00000	    0.36977
19970818	   1.787400	      0.631	       0.00	     0.0000	   -0.00089	   -0.00000	    0.36973
19970819	   1.792500	      0.841	       0.00	     0.0000	    0.00285	    0.00000	    0.36969
19970820	   1.788600	      0.543	       0.00	     0.0000	   -0.00218	   -0.00000	    0.36965
19970821	   1.777300	     -0.303	       0.00	     0.0000	   -0.00632	   -0.00000	    0.36961
19970822	   1.778700	     -0.333	       0.00	     0.0000	    0.00079	    0.00000	    0.36957
19970825	   1.773300	     -0.908	       0.00	     0.0000	   -0.00304	   -0.00000	    0.36953
19970826	   1.773500	     -1.092	       0.00	     0.0000	    0.00011	    0.00000	    0.36949
19970827	   1.784800	     -0.070	       0.00	     0.0000	    0.00637	    0.00000	    0.36945
19970828	   1.782300	     -0.438	       0.00	     0.0000	   -0.00140	   -0.00000	    0.36941
19970829	   1.782200	     -0.524	       0.00	     0.0000	   -0.00006	   -0.00000	    0.36938
19970902	   1.783800	     -0.353	       0.00	     0.0000	    0.00090	    0.00000	    0.36934
19970903	   1.783800	     -0.277	       0.00	     0.0000	    0.00000	    0.00000	    0.36930
19970904	   1.781800	     -0.510	       0.00	     0.0000	   -0.00112	   -0.00000	    0.36926
19970905	   1.787300	      0.396	       0.00	     0.0000	    0.00309	    0.00000	    0.36922
19970908	   1.784800	      0.021	       0.00	     0.0000	   -0.00140	   -0.00000	    0.36918
19970909	   1.782900	     -0.281	       0.00	     0.0000	   -0.00106	   -0.00000	    0.36914
19970910	   1.781700	     -0.457	       0.00	     0.0000	   -0.00067	   -0.00000	    0.36910
19970911	   1.782500	     -0.281	       0.00	     0.0000	    0.00045	    0.00000	    0.36906
19970912	   1.782300	     -0.219	       0.00	     0.0000	   -0.00011	   -0.00000	    0.36902
19970915	   1.776700	     -1.228	       0.00	     0.0000	   -0.00314	   -0.00000	    0.36898
19970916	   1.785700	      0.660	       0.00	     0.0000	    0.00507	    0.00000	    0.36894
19970917	   1.780300	     -0.416	       0.00	     0.0000	   -0.00302	   -0.00000	    0.36890
19970918	   1.778400	     -0.778	       0.00	     0.0000	   -0.00107	   -0.00000	    0.36886
19970919	   1.778200	     -0.757	       0.00	     0.0000	   -0.00011	   -0.00000	    0.36882
19970922	   1.783200	      0.501	       0.00	     0.0000	    0.00281	    0.00000	    0.36878
19970923	   1.783500	      0.523	       0.00	     0.0000	    0.00017	    0.00000	    0.36874
19970924	   1.788000	      1.674	       1.00	     0.0000	    0.00252	    0.00252	    0.40019
19970925	   1.797200	      3.283	       1.00	     0.0000	    0.00515	    0.00515	    0.45202
19970926	   1.803700	      3.176	       1.00	     0.0000	    0.00362	    0.00362	    0.49052
19970929	   1.808000	      2.818	       1.00	     0.0000	    0.00238	    0.00238	    0.51746
19970930	   1.806500	      2.167	       1.00	     0.0000	   -0.00083	   -0.00083	    0.50597
19971001	   1.803300	      1.600	       1.00	     0.0000	   -0.00177	   -0.00177	    0.48035
19971002	   1.810600	      1.981	       1.00	     0.0000	    0.00405	    0.00405	    0.52030
19971003	   1.816500	      2.100	       1.00	     0.0000	    0.00326	    0.00326	    0.55329
19971006	   1.801800	      0.840	       0.00	     0.0000	   -0.00809	   -0.00000	    0.55323
19971007	   1.805500	      1.033	       0.00	     0.0000	    0.00205	    0.00000	    0.55317
19971008	   1.810600	      1.286	       1.00	     0.0000	    0.00282	    0.00282	    0.58205
19971009	   1.812700	      1.300	       1.00	     0.0000	    0.00116	    0.00116	    0.59528
19971010	   1.812900	      1.189	       0.00	     0.0000	    0.00011	    0.00000	    0.59521
19971013	   1.801100	      0.278	       0.00	     0.0000	   -0.00651	   -0.00000	    0.59515
19971014	   1.795200	     -0.240	       0.00	     0.0000	   -0.00328	   -0.00000	    0.59508
19971015	   1.792600	     -0.482	       0.00	     0.0000	   -0.00145	   -0.00000	    0.59502
19971016	   1.797300	     -0.178	       0.00	     0.0000	    0.00262	    0.00000	    0.59496
19971017	   1.788900	     -1.006	       0.00	     0.0000	   -0.00467	   -0.00000	    0.59489
19971020	   1.795000	     -0.579	       0.00	     0.0000	    0.00341	    0.00000	    0.59483
19971021	   1.795100	     -0.678	       0.00	     0.0000	    0.00006	    0.00000	    0.59477
19971022	   1.803900	      0.209	       0.00	     0.0000	    0.00490	    0.00000	    0.59470
19971023	   1.798700	     -0.538	       0.00	     0.0000	   -0.00288	   -0.00000	    0.59464
19971024	   1.795900	     -0.898	       0.00	     0.0000	   -0.00156	   -0.00000	    0.59458
19971027	   1.803100	      0.063	       0.00	     0.0000	    0.00401	    0.00000	    0.59451
19971028	   1.791000	     -1.383	      -1.00	     0.0000	   -0.00671	    0.00671	    0.63906
19971029	   1.797300	     -0.523	       0.00	     0.0000	    0.00352	    0.00000	    0.63900
19971030	   1.800600	     -0.084	       0.00	     0.0000	    0.00184	    0.00000	    0.63893
19971031	   1.798300	     -0.315	       0.00	     0.0000	   -0.00128	   -0.00000	    0.63886
19971103	   1.797600	     -0.328	       0.00	     0.0000	   -0.00039	   -0.00000	    0.63879
19971104	   1.791100	     -1.192	       0.00	     0.0000	   -0.00362	   -0.00000	    0.63872
19971105	   1.788200	     -1.443	      -1.00	     0.0000	   -0.00162	    0.00162	    0.65545
19971106	   1.791400	     -0.917	       0.00	     0.0000	    0.00179	    0.00000	    0.65538
19971107	   1.794400	     -0.393	       0.00	     0.0000	    0.00167	    0.00000	    0.65531
19971110	   1.786200	     -1.904	      -1.00	     0.0000	   -0.00457	    0.00457	    0.69105
19971111	   1.790500	     -0.922	       0.00	     0.0000	    0.00241	    0.00000	    0.69097
19971112	   1.789600	     -1.026	       0.00	     0.0000	   -0.00050	   -0.00000	    0.69090
19971113	   1.791100	     -0.698	       0.00	     0.0000	    0.00084	    0.00000	    0.69083
19971114	   1.794600	      0.040	       0.00	     0.0000	    0.00195	    0.00000	    0.69075
19971117	   1.783300	     -2.034	      -1.00	     0.0000	   -0.00630	    0.00630	    0.72935
19971118	   1.780800	     -2.088	      -1.00	     0.0000	   -0.00140	    0.00140	    0.74295
19971119	   1.780700	     -1.815	      -1.00	     0.0000	   -0.00006	    0.00006	    0.74348
19971120	   1.779400	     -1.808	      -1.00	     0.0000	   -0.00073	    0.00073	    0.75088
19971121	   1.781100	     -1.398	      -1.00	     0.0000	    0.00096	   -0.00096	    0.73975
19971124	   1.782400	     -1.097	       0.00	     0.0000	    0.00073	    0.00000	    0.73967
19971125	   1.783200	     -0.915	       0.00	     0.0000	    0.00045	    0.00000	    0.73959
19971126	   1.772600	     -2.109	      -1.00	     0.0000	   -0.00594	    0.00594	    0.77545
19971201	   1.772000	     -1.900	      -1.00	     0.0000	   -0.00034	    0.00034	    0.77881
19971202	   1.777200	     -1.157	       0.00	     0.0000	    0.00293	    0.00000	    0.77873
19971203	   1.775400	     -1.287	      -1.00	     0.0000	   -0.00101	    0.00101	    0.78841
19971204	   1.772900	     -1.499	      -1.00	     0.0000	   -0.00141	    0.00141	    0.80145
19971205	   1.772600	     -1.384	      -1.00	     0.0000	   -0.00017	    0.00017	    0.80310
19971208	   1.773500	     -1.142	       0.00	     0.0000	    0.00051	    0.00000	    0.80302
19971209	   1.769600	     -1.490	      -1.00	     0.0000	   -0.00220	    0.00220	    0.82193
19971210	   1.767900	     -1.570	      -1.00	     0.0000	   -0.00096	    0.00096	    0.83105
19971211	   1.768300	     -1.361	      -1.00	     0.0000	    0.00023	   -0.00023	    0.82858
19971212	   1.767300	     -1.359	      -1.00	     0.0000	   -0.00057	    0.00057	    0.83408
19971215	   1.765900	     -1.406	      -1.00	     0.0000	   -0.00079	    0.00079	    0.84167
19971216	   1.765600	     -1.353	      -1.00	     0.0000	   -0.00017	    0.00017	    0.84331
19971217	   1.767400	     -1.120	       0.00	     0.0000	    0.00102	    0.00000	    0.84322
19971218	   1.773900	      0.018	       0.00	     0.0000	    0.00368	    0.00000	    0.84313
19971219	   1.769700	     -0.639	       0.00	     0.0000	   -0.00237	   -0.00000	    0.84304
19971222	   1.764100	     -1.483	      -1.00	     0.0000	   -0.00316	    0.00316	    0.86731
19971223	   1.767000	     -0.883	       0.00	     0.0000	    0.00164	    0.00000	    0.86722
19971224	   1.766400	     -0.915	       0.00	     0.0000	   -0.00034	   -0.00000	    0.86712
19971226	   1.761400	     -1.763	      -1.00	     0.0000	   -0.00283	    0.00283	    0.88927
19971229	   1.755800	     -2.621	      -1.00	     0.0000	   -0.00318	    0.00318	    0.91291
19971230	   1.758000	     -1.871	      -1.00	     0.0000	    0.00125	   -0.00125	    0.89892
19971231	   1.756200	     -1.886	      -1.00	     0.0000	   -0.00102	    0.00102	    0.90824
19980102	   1.755700	     -1.772	      -1.00	     0.0000	   -0.00028	    0.00028	    0.91093
19980105	   1.749300	     -2.353	      -1.00	     0.0000	   -0.00365	    0.00365	    0.93616
19980106	   1.750300	     -1.906	      -1.00	     0.0000	    0.00057	   -0.00057	    0.93012
19980107	   1.748600	     -1.863	      -1.00	     0.0000	   -0.00097	    0.00097	    0.93886
19980108	   1.750100	     -1.506	      -1.00	     0.0000	    0.00086	   -0.00086	    0.92967
19980109	   1.743500	     -2.002	      -1.00	     0.0000	   -0.00377	    0.00377	    0.95493
19980112	   1.741600	     -1.906	      -1.00	     0.0000	   -0.00109	    0.00109	    0.96449
19980113	   1.741000	     -1.724	      -1.00	     0.0000	   -0.00034	    0.00034	    0.96766
19980114	   1.741500	     -1.491	      -1.00	     0.0000	    0.00029	   -0.00029	    0.96468
19980115	   1.739200	     -1.523	      -1.00	     0.0000	   -0.00132	    0.00132	    0.97600
19980116	   1.744000	     -0.978	       0.00	     0.0000	    0.00276	    0.00000	    0.97590
19980120	   1.739500	     -1.267	      -1.00	     0.0000	   -0.00258	    0.00258	    0.99526
19980121	   1.738500	     -1.280	      -1.00	     0.0000	   -0.00057	    0.00057	    1.00045
19980122	   1.735300	     -1.480	      -1.00	     0.0000	   -0.00184	    0.00184	    1.01525
19980123	   1.730500	     -1.753	      -1.00	     0.0000	   -0.00277	    0.00277	    1.03520
19980126	   1.751200	      0.401	       0.00	     0.0000	    0.01196	    0.00000	    1.03509
19980127	   1.753600	      0.810	       0.00	     0.0000	    0.00137	    0.00000	    1.03498
19980128	   1.758900	      1.501	       1.00	     0.0000	    0.00302	    0.00302	    1.05587
19980129	   1.766000	      2.103	       1.00	     0.0000	    0.00404	    0.00404	    1.07986
19980130	   1.751100	      0.484	       0.00	     0.0000	   -0.00844	   -0.00000	    1.07975
19980202	   1.748100	      0.186	       0.00	     0.0000	   -0.00171	   -0.00000	    1.07963
19980203	   1.741300	     -0.559	       0.00	     0.0000	   -0.00389	   -0.00000	    1.07952
19980204	   1.738700	     -0.806	       0.00	     0.0000	   -0.00149	   -0.00000	    1.07940
19980205	   1.742400	     -0.315	       0.00	     0.0000	    0.00213	    0.00000	    1.07929
19980206	   1.737400	     -0.847	       0.00	     0.0000	   -0.00287	   -0.00000	    1.07917
19980209	   1.737000	     -0.816	       0.00	     0.0000	   -0.00023	   -0.00000	    1.07906
19980210	   1.736400	     -0.831	       0.00	     0.0000	   -0.00035	   -0.00000	    1.07895
19980211	   1.735500	     -0.885	       0.00	     0.0000	   -0.00052	   -0.00000	    1.07883
19980212	   1.736400	     -0.747	       0.00	     0.0000	    0.00052	    0.00000	    1.07872
19980213	   1.739400	     -0.393	       0.00	     0.0000	    0.00173	    0.00000	    1.07860
19980217	   1.735200	     -0.835	       0.00	     0.0000	   -0.00241	   -0.00000	    1.07849
19980218	   1.750500	      0.823	       0.00	     0.0000	    0.00882	    0.00000	    1.07838
19980219	   1.743500	      0.035	       0.00	     0.0000	   -0.00400	   -0.00000	    1.07826
19980220	   1.736700	     -0.700	       0.00	     0.0000	   -0.00390	   -0.00000	    1.07815
19980223	   1.727000	     -1.626	      -1.00	     0.0000	   -0.00559	    0.00559	    1.10328
19980224	   1.730100	     -1.300	      -1.00	     0.0000	    0.00180	   -0.00180	    1.08406
19980225	   1.732500	     -0.956	       0.00	     0.0000	    0.00139	    0.00000	    1.08394
19980226	   1.727400	     -1.340	      -1.00	     0.0000	   -0.00294	    0.00294	    1.10350
19980227	   1.729600	     -1.046	       0.00	     0.0000	    0.00127	    0.00000	    1.10339
19980302	   1.726000	     -1.557	      -1.00	     0.0000	   -0.00208	    0.00208	    1.11855
19980303	   1.728500	     -1.141	       0.00	     0.0000	    0.00145	    0.00000	    1.11843
19980304	   1.727800	     -1.162	       0.00	     0.0000	   -0.00040	   -0.00000	    1.11831
19980305	   1.728500	     -0.956	       0.00	     0.0000	    0.00041	    0.00000	    1.11819
19980306	   1.722000	     -1.721	      -1.00	     0.0000	   -0.00376	    0.00376	    1.14017
19980309	   1.717700	     -2.015	      -1.00	     0.0000	   -0.00250	    0.00250	    1.15717
19980310	   1.717900	     -1.729	      -1.00	     0.0000	    0.00012	   -0.00012	    1.15600
19980311	   1.714900	     -1.816	      -1.00	     0.0000	   -0.00175	    0.00175	    1.16888
19980312	   1.714500	     -1.634	      -1.00	     0.0000	   -0.00023	    0.00023	    1.17078
19980313	   1.711500	     -1.707	      -1.00	     0.0000	   -0.00175	    0.00175	    1.18362
19980316	   1.701100	     -2.252	      -1.00	     0.0000	   -0.00608	    0.00608	    1.20597
19980317	   1.698000	     -2.124	      -1.00	     0.0000	   -0.00182	    0.00182	    1.21886
19980318	   1.721200	     -0.237	       0.00	     0.0000	    0.01366	    0.00000	    1.21873
19980319	   1.712400	     -0.896	       0.00	     0.0000	   -0.00511	   -0.00000	    1.21860
19980320	   1.709200	     -1.115	       0.00	     0.0000	   -0.00187	   -0.00000	    1.21847
19980323	   1.734700	      1.389	       1.00	     0.0000	    0.01492	    0.01492	    1.18071
19980324	   1.727100	      0.640	       0.00	     0.0000	   -0.00438	   -0.00000	    1.18059
19980325	   1.736900	      1.510	       1.00	     0.0000	    0.00567	    0.00567	    1.20338
19980326	   1.740800	      1.744	       1.00	     0.0000	    0.00225	    0.00225	    1.21688
19980327	   1.738700	      1.435	       1.00	     0.0000	   -0.00121	   -0.00121	    1.20691
19980330	   1.728400	      0.564	       0.00	     0.0000	   -0.00592	   -0.00000	    1.20678
19980331	   1.720100	     -0.122	       0.00	     0.0000	   -0.00480	   -0.00000	    1.20666
19980401	   1.719800	     -0.113	       0.00	     0.0000	   -0.00017	   -0.00000	    1.20653
19980402	   1.723900	      0.260	       0.00	     0.0000	    0.00238	    0.00000	    1.20640
19980403	   1.729100	      0.709	       0.00	     0.0000	    0.00302	    0.00000	    1.20628
19980406	   1.720200	     -0.058	       0.00	     0.0000	   -0.00515	   -0.00000	    1.20615
19980407	   1.718300	     -0.226	       0.00	     0.0000	   -0.00110	   -0.00000	    1.20602
19980408	   1.725300	      0.353	       0.00	     0.0000	    0.00407	    0.00000	    1.20590
19980409	   1.724300	      0.228	       0.00	     0.0000	   -0.00058	   -0.00000	    1.20577
19980413	   1.721800	     -0.021	       0.00	     0.0000	   -0.00145	   -0.00000	    1.20565
19980414	   1.718100	     -0.383	       0.00	     0.0000	   -0.00215	   -0.00000	    1.20552
19980415	   1.721800	     -0.154	       0.00	     0.0000	    0.00215	    0.00000	    1.20539
19980416	   1.726300	      0.199	       0.00	     0.0000	    0.00261	    0.00000	    1.20527
19980417	   1.716900	     -0.918	       0.00	     0.0000	   -0.00545	   -0.00000	    1.20514
19980420	   1.718000	     -0.850	       0.00	     0.0000	    0.00064	    0.00000	    1.20501
19980421	   1.721300	     -0.563	       0.00	     0.0000	    0.00192	    0.00000	    1.20489
19980422	   1.714900	     -1.325	      -1.00	     0.0000	   -0.00372	    0.00372	    1.22385
19980423	   1.715100	     -1.176	       0.00	     0.0000	    0.00012	    0.00000	    1.22373
19980424	   1.717200	     -0.823	       0.00	     0.0000	    0.00122	    0.00000	    1.22360
19980427	   1.720600	     -0.236	       0.00	     0.0000	    0.00198	    0.00000	    1.22347
19980428	   1.725400	      1.006	       0.00	     0.0000	    0.00279	    0.00000	    1.22334
19980429	   1.718400	     -0.631	       0.00	     0.0000	   -0.00406	   -0.00000	    1.22321
19980430	   1.725600	      1.152	       0.00	     0.0000	    0.00419	    0.00000	    1.22309
19980501	   1.736400	      2.824	       1.00	     0.0000	    0.00626	    0.00626	    1.24510
19980504	   1.733400	      1.938	       1.00	     0.0000	   -0.00173	   -0.00173	    1.23075
19980505	   1.732400	      1.667	       1.00	     0.0000	   -0.00058	   -0.00058	    1.22628
19980506	   1.726400	      0.607	       0.00	     0.0000	   -0.00346	   -0.00000	    1.22615
19980507	   1.726900	      0.625	       0.00	     0.0000	    0.00029	    0.00000	    1.22602
19980508	   1.725300	      0.357	       0.00	     0.0000	   -0.00093	   -0.00000	    1.22589
19980511	   1.724100	      0.158	       0.00	     0.0000	   -0.00070	   -0.00000	    1.22576
19980512	   1.725100	      0.299	       0.00	     0.0000	    0.00058	    0.00000	    1.22564
19980513	   1.721100	     -0.401	       0.00	     0.0000	   -0.00232	   -0.00000	    1.22551
19980514	   1.720100	     -0.554	       0.00	     0.0000	   -0.00058	   -0.00000	    1.22538
19980515	   1.714600	     -1.332	      -1.00	     0.0000	   -0.00320	    0.00320	    1.24225
19980518	   1.713800	     -1.396	      -1.00	     0.0000	   -0.00047	    0.00047	    1.24534
19980519	   1.716400	     -0.965	       0.00	     0.0000	    0.00152	    0.00000	    1.24521
19980520	   1.713000	     -1.362	      -1.00	     0.0000	   -0.00198	    0.00198	    1.25695
19980521	   1.712300	     -1.414	      -1.00	     0.0000	   -0.00041	    0.00041	    1.25964
19980522	   1.711900	     -1.410	      -1.00	     0.0000	   -0.00023	    0.00023	    1.26115
19980526	   1.711000	     -1.429	      -1.00	     0.0000	   -0.00053	    0.00053	    1.26461
19980527	   1.715100	     -0.828	       0.00	     0.0000	    0.00240	    0.00000	    1.26448
19980528	   1.715000	     -0.769	       0.00	     0.0000	   -0.00006	   -0.00000	    1.26434
19980529	   1.719700	     -0.162	       0.00	     0.0000	    0.00274	    0.00000	    1.26421
19980601	   1.715200	     -0.686	       0.00	     0.0000	   -0.00262	   -0.00000	    1.26408
19980602	   1.713600	     -0.842	       0.00	     0.0000	   -0.00093	   -0.00000	    1.26395
19980603	   1.717100	     -0.245	       0.00	     0.0000	    0.00204	    0.00000	    1.26382
19980604	   1.721500	      0.662	       0.00	     0.0000	    0.00256	    0.00000	    1.26369
19980605	   1.722800	      0.990	       0.00	     0.0000	    0.00076	    0.00000	    1.26355
19980608	   1.720100	      0.558	       0.00	     0.0000	   -0.00157	   -0.00000	    1.26342
19980609	   1.714700	     -0.558	       0.00	     0.0000	   -0.00314	   -0.00000	    1.26329
19980610	   1.717800	      0.266	       0.00	     0.0000	    0.00181	    0.00000	    1.26316
19980611	   1.711800	     -1.216	       0.00	     0.0000	   -0.00349	   -0.00000	    1.26303
19980612	   1.715800	     -0.021	       0.00	     0.0000	    0.00234	    0.00000	    1.26290
19980615	   1.711500	     -1.182	       0.00	     0.0000	   -0.00251	   -0.00000	    1.26277
19980616	   1.717200	      0.480	       0.00	     0.0000	    0.00333	    0.00000	    1.26263
19980617	   1.721000	      1.434	       1.00	     0.0000	    0.00221	    0.00221	    1.27537
19980618	   1.719000	      0.819	       0.00	     0.0000	   -0.00116	   -0.00000	    1.27524
19980619	   1.718400	      0.587	       0.00	     0.0000	   -0.00035	   -0.00000	    1.27511
19980622	   1.718600	      0.573	       0.00	     0.0000	    0.00012	    0.00000	    1.27497
19980623	   1.718700	      0.531	       0.00	     0.0000	    0.00006	    0.00000	    1.27484
19980624	   1.722400	      1.521	       1.00	     0.0000	    0.00215	    0.00215	    1.28725
19980625	   1.711600	     -1.655	      -1.00	     0.0000	   -0.00627	    0.00627	    1.30799
19980626	   1.709500	     -1.975	      -1.00	     0.0000	   -0.00123	    0.00123	    1.31553
19980629	   1.707900	     -2.017	      -1.00	     0.0000	   -0.00094	    0.00094	    1.32140
19980630	   1.706500	     -2.003	      -1.00	     0.0000	   -0.00082	    0.00082	    1.32658
19980701	   1.709400	     -1.302	      -1.00	     0.0000	    0.00170	   -0.00170	    1.31291
19980702	   1.706600	     -1.638	      -1.00	     0.0000	   -0.00164	    0.00164	    1.32259
19980706	   1.697600	     -2.591	      -1.00	     0.0000	   -0.00527	    0.00527	    1.34259
19980707	   1.696100	     -2.332	      -1.00	     0.0000	   -0.00088	    0.00088	    1.34807
19980708	   1.699500	     -1.642	      -1.00	     0.0000	    0.00200	   -0.00200	    1.33185
19980709	   1.700100	     -1.398	      -1.00	     0.0000	    0.00035	   -0.00035	    1.32922
19980710	   1.695800	     -1.693	      -1.00	     0.0000	   -0.00253	    0.00253	    1.34270
19980713	   1.691900	     -1.849	      -1.00	     0.0000	   -0.00230	    0.00230	    1.35519
19980714	   1.698300	     -1.061	       0.00	     0.0000	    0.00378	    0.00000	    1.35505
19980715	   1.702900	     -0.535	       0.00	     0.0000	    0.00271	    0.00000	    1.35491
19980716	   1.699900	     -0.768	       0.00	     0.0000	   -0.00176	   -0.00000	    1.35477
19980717	   1.691700	     -1.477	      -1.00	     0.0000	   -0.00482	    0.00482	    1.37388
19980720	   1.685800	     -1.843	      -1.00	     0.0000	   -0.00349	    0.00349	    1.39019
19980721	   1.694100	     -0.927	       0.00	     0.0000	    0.00492	    0.00000	    1.39005
19980722	   1.695400	     -0.720	       0.00	     0.0000	    0.00077	    0.00000	    1.38991
19980723	   1.691100	     -1.114	       0.00	     0.0000	   -0.00254	   -0.00000	    1.38976
19980724	   1.688700	     -1.403	      -1.00	     0.0000	   -0.00142	    0.00142	    1.39798
19980727	   1.693000	     -0.750	       0.00	     0.0000	    0.00255	    0.00000	    1.39783
19980728	   1.690700	     -1.001	       0.00	     0.0000	   -0.00136	   -0.00000	    1.39769
19980729	   1.685800	     -1.589	      -1.00	     0.0000	   -0.00290	    0.00290	    1.41207
19980730	   1.689800	     -0.900	       0.00	     0.0000	    0.00237	    0.00000	    1.41192
19980731	   1.688300	     -1.102	       0.00	     0.0000	   -0.00089	   -0.00000	    1.41177
19980803	   1.681400	     -2.140	      -1.00	     0.0000	   -0.00409	    0.00409	    1.42914
19980804	   1.682900	     -1.641	      -1.00	     0.0000	    0.00089	   -0.00089	    1.42261
19980805	   1.682200	     -1.555	      -1.00	     0.0000	   -0.00042	    0.00042	    1.42512
19980806	   1.686300	     -0.813	       0.00	     0.0000	    0.00244	    0.00000	    1.42497
19980807	   1.687800	     -0.496	       0.00	     0.0000	    0.00089	    0.00000	    1.42482
19980810	   1.668300	     -2.835	      -1.00	     0.0000	   -0.01155	    0.01155	    1.42593
19980811	   1.668600	     -2.267	      -1.00	     0.0000	    0.00018	   -0.00018	    1.42464
19980812	   1.667700	     -2.025	      -1.00	     0.0000	   -0.00054	    0.00054	    1.42774
19980813	   1.675600	     -1.103	       0.00	     0.0000	    0.00474	    0.00000	    1.42759
19980814	   1.671500	     -1.432	      -1.00	     0.0000	   -0.00245	    0.00245	    1.43970
19980817	   1.669000	     -1.523	      -1.00	     0.0000	   -0.00150	    0.00150	    1.44777
19980818	   1.663800	     -1.801	      -1.00	     0.0000	   -0.00312	    0.00312	    1.46202
19980819	   1.664500	     -1.548	      -1.00	     0.0000	    0.00042	   -0.00042	    1.45914
19980820	   1.675500	     -0.420	       0.00	     0.0000	    0.00661	    0.00000	    1.45899
19980821	   1.664900	     -1.349	      -1.00	     0.0000	   -0.00633	    0.00633	    1.47718
19980824	   1.667700	     -0.972	       0.00	     0.0000	    0.00168	    0.00000	    1.47703
19980825	   1.670600	     -0.609	       0.00	     0.0000	    0.00174	    0.00000	    1.47687
19980826	   1.666700	     -0.941	       0.00	     0.0000	   -0.00233	   -0.00000	    1.47672
19980827	   1.661800	     -1.342	      -1.00	     0.0000	   -0.00294	    0.00294	    1.49018
19980828	   1.666400	     -0.767	       0.00	     0.0000	    0.00277	    0.00000	    1.49003
19980831	   1.662900	     -1.101	       0.00	     0.0000	   -0.00210	   -0.00000	    1.48987
19980901	   1.674300	      0.378	       0.00	     0.0000	    0.00686	    0.00000	    1.48972
19980902	   1.672300	      0.196	       0.00	     0.0000	   -0.00119	   -0.00000	    1.48957
19980903	   1.692600	      2.542	       1.00	     0.0000	    0.01214	    0.01214	    1.48911
19980904	   1.688800	      2.016	       1.00	     0.0000	   -0.00225	   -0.00225	    1.47346
19980908	   1.685100	      1.646	       1.00	     0.0000	   -0.00219	   -0.00219	    1.45829
19980909	   1.680200	      0.969	       0.00	     0.0000	   -0.00291	   -0.00000	    1.45814
19980910	   1.693400	      2.095	       1.00	     0.0000	    0.00786	    0.00786	    1.47536
19980911	   1.686000	      1.203	       0.00	     0.0000	   -0.00437	   -0.00000	    1.47521
19980914	   1.686300	      1.141	       0.00	     0.0000	    0.00018	    0.00000	    1.47506
19980915	   1.685500	      0.976	       0.00	     0.0000	   -0.00047	   -0.00000	    1.47491
19980916	   1.685700	      0.908	       0.00	     0.0000	    0.00012	    0.00000	    1.47476
19980917	   1.689100	      1.114	       0.00	     0.0000	    0.00202	    0.00000	    1.47461
19980918	   1.700200	      1.869	       1.00	     0.0000	    0.00657	    0.00657	    1.49260
19980921	   1.698100	      1.497	       1.00	     0.0000	   -0.00124	   -0.00124	    1.48480
19980922	   1.702600	      1.659	       1.00	     0.0000	    0.00265	    0.00265	    1.49650
19980923	   1.702700	      1.492	       1.00	     0.0000	    0.00006	    0.00006	    1.49668
19980924	   1.707400	      1.637	       1.00	     0.0000	    0.00276	    0.00276	    1.50869
19980925	   1.702300	      1.154	       0.00	     0.0000	   -0.00299	   -0.00000	    1.50854
19980928	   1.700500	      0.952	       0.00	     0.0000	   -0.00106	   -0.00000	    1.50839
19980929	   1.705200	      1.243	       0.00	     0.0000	    0.00276	    0.00000	    1.50823
19980930	   1.709400	      1.562	       1.00	     0.0000	    0.00246	    0.00246	    1.51922
19981001	   1.692900	     -0.075	       0.00	     0.0000	   -0.00965	   -0.00000	    1.51906
19981002	   1.699000	      0.480	       0.00	     0.0000	    0.00360	    0.00000	    1.51891
19981005	   1.693900	     -0.125	       0.00	     0.0000	   -0.00300	   -0.00000	    1.51875
19981006	   1.696600	      0.150	       0.00	     0.0000	    0.00159	    0.00000	    1.51860
19981007	   1.689600	     -0.727	       0.00	     0.0000	   -0.00413	   -0.00000	    1.51844
19981008	   1.678700	     -2.015	      -1.00	     0.0000	   -0.00645	    0.00645	    1.53589
19981009	   1.679200	     -1.724	      -1.00	     0.0000	    0.00030	   -0.00030	    1.53404
19981012	   1.673400	     -2.074	      -1.00	     0.0000	   -0.00345	    0.00345	    1.54776
19981013	   1.673400	     -1.853	      -1.00	     0.0000	    0.00000	   -0.00000	    1.54760
19981014	   1.668800	     -1.989	      -1.00	     0.0000	   -0.00275	    0.00275	    1.55929
19981015	   1.668800	     -1.773	      -1.00	     0.0000	    0.00000	   -0.00000	    1.55913
19981016	   1.672500	     -1.360	      -1.00	     0.0000	    0.00222	   -0.00222	    1.54461
19981019	   1.658500	     -2.007	      -1.00	     0.0000	   -0.00837	    0.00837	    1.56001
19981020	   1.659500	     -1.694	      -1.00	     0.0000	    0.00060	   -0.00060	    1.55645
19981021	   1.667600	     -1.090	       0.00	     0.0000	    0.00488	    0.00000	    1.55629
19981022	   1.662800	     -1.247	       0.00	     0.0000	   -0.00288	   -0.00000	    1.55613
19981023	   1.664900	     -1.028	       0.00	     0.0000	    0.00126	    0.00000	    1.55597
19981026	   1.668500	     -0.731	       0.00	     0.0000	    0.00216	    0.00000	    1.55581
19981027	   1.663900	     -0.930	       0.00	     0.0000	   -0.00276	   -0.00000	    1.55565
19981028	   1.667000	     -0.661	       0.00	     0.0000	    0.00186	    0.00000	    1.55549
19981029	   1.665200	     -0.737	       0.00	     0.0000	   -0.00108	   -0.00000	    1.55533
19981030	   1.668600	     -0.397	       0.00	     0.0000	    0.00204	    0.00000	    1.55517
19981102	   1.666100	     -0.542	       0.00	     0.0000	   -0.00150	   -0.00000	    1.55501
19981103	   1.664200	     -0.664	       0.00	     0.0000	   -0.00114	   -0.00000	    1.55485
19981104	   1.661900	     -0.938	       0.00	     0.0000	   -0.00138	   -0.00000	    1.55470
19981105	   1.661500	     -1.044	       0.00	     0.0000	   -0.00024	   -0.00000	    1.55454
19981106	   1.657900	     -1.582	      -1.00	     0.0000	   -0.00217	    0.00217	    1.56407
19981109	   1.650600	     -2.587	      -1.00	     0.0000	   -0.00440	    0.00440	    1.57936
19981110	   1.652900	     -1.914	      -1.00	     0.0000	    0.00139	   -0.00139	    1.57092
19981111	   1.654300	     -1.528	      -1.00	     0.0000	    0.00085	   -0.00085	    1.56592
19981112	   1.660600	     -0.380	       0.00	     0.0000	    0.00381	    0.00000	    1.56576
19981113	   1.652700	     -1.577	      -1.00	     0.0000	   -0.00476	    0.00476	    1.58152
19981116	   1.643100	     -2.610	      -1.00	     0.0000	   -0.00581	    0.00581	    1.59808
19981117	   1.637000	     -2.670	      -1.00	     0.0000	   -0.00371	    0.00371	    1.61175
19981118	   1.640800	     -1.903	      -1.00	     0.0000	    0.00232	   -0.00232	    1.59716
19981119	   1.639900	     -1.746	      -1.00	     0.0000	   -0.00055	    0.00055	    1.59976
19981120	   1.641700	     -1.399	      -1.00	     0.0000	    0.00110	   -0.00110	    1.59334
19981123	   1.632200	     -1.962	      -1.00	     0.0000	   -0.00579	    0.00579	    1.60974
19981124	   1.625700	     -2.131	      -1.00	     0.0000	   -0.00398	    0.00398	    1.62380
19981125	   1.622800	     -2.001	      -1.00	     0.0000	   -0.00178	    0.00178	    1.63157
19981130	   1.605600	     -2.545	      -1.00	     0.0000	   -0.01060	    0.01060	    1.64077
19981201	   1.604800	     -2.164	      -1.00	     0.0000	   -0.00050	    0.00050	    1.64302
19981202	   1.607600	     -1.774	      -1.00	     0.0000	    0.00174	   -0.00174	    1.63288
19981203	   1.606500	     -1.629	      -1.00	     0.0000	   -0.00068	    0.00068	    1.63598
19981204	   1.604800	     -1.536	      -1.00	     0.0000	   -0.00106	    0.00106	    1.64070
19981207	   1.609100	     -1.207	       0.00	     0.0000	    0.00268	    0.00000	    1.64053
19981208	   1.604300	     -1.312	      -1.00	     0.0000	   -0.00298	    0.00298	    1.65190
19981209	   1.603400	     -1.235	       0.00	     0.0000	   -0.00056	   -0.00000	    1.65173
19981210	   1.597400	     -1.376	      -1.00	     0.0000	   -0.00374	    0.00374	    1.66487
19981211	   1.598600	     -1.202	       0.00	     0.0000	    0.00075	    0.00000	    1.66470
19981214	   1.606700	     -0.735	       0.00	     0.0000	    0.00507	    0.00000	    1.66453
19981215	   1.614300	     -0.267	       0.00	     0.0000	    0.00473	    0.00000	    1.66436
19981216	   1.626500	      0.549	       0.00	     0.0000	    0.00756	    0.00000	    1.66419
19981217	   1.599300	     -1.070	       0.00	     0.0000	   -0.01672	   -0.00000	    1.66402
19981218	   1.600200	     -0.925	       0.00	     0.0000	    0.00056	    0.00000	    1.66385
19981221	   1.593500	     -1.287	      -1.00	     0.0000	   -0.00419	    0.00419	    1.67776
19981222	   1.595500	     -1.085	       0.00	     0.0000	    0.00126	    0.00000	    1.67759
19981223	   1.598000	     -0.871	       0.00	     0.0000	    0.00157	    0.00000	    1.67742
19981224	   1.595400	     -1.077	       0.00	     0.0000	   -0.00163	   -0.00000	    1.67725
19981228	   1.596600	     -0.899	       0.00	     0.0000	    0.00075	    0.00000	    1.67708
19981229	   1.601200	     -0.280	       0.00	     0.0000	    0.00288	    0.00000	    1.67691
19981230	   1.598700	     -0.567	       0.00	     0.0000	   -0.00156	   -0.00000	    1.67674
19981231	   1.600300	     -0.326	       0.00	     0.0000	    0.00100	    0.00000	    1.67656
19990104	   1.609400	      0.861	       0.00	     0.0000	    0.00569	    0.00000	    1.67639
19990105	   1.601500	     -0.146	       0.00	     0.0000	   -0.00491	   -0.00000	    1.67622
19990106	   1.615300	      1.514	       1.00	     0.0000	    0.00862	    0.00862	    1.69005
19990107	   1.617400	      1.625	       1.00	     0.0000	    0.00130	    0.00130	    1.69560
19990108	   1.619800	      1.679	       1.00	     0.0000	    0.00148	    0.00148	    1.70184
19990111	   1.627800	      2.115	       1.00	     0.0000	    0.00494	    0.00494	    1.71647
19990112	   1.614600	      0.790	       0.00	     0.0000	   -0.00811	   -0.00000	    1.71629
19990113	   1.600000	     -0.595	       0.00	     0.0000	   -0.00904	   -0.00000	    1.71612
19990114	   1.593100	     -1.146	       0.00	     0.0000	   -0.00431	   -0.00000	    1.71595
19990115	   1.590500	     -1.247	       0.00	     0.0000	   -0.00163	   -0.00000	    1.71577
19990119	   1.587200	     -1.450	      -1.00	     0.0000	   -0.00207	    0.00207	    1.72405
19990120	   1.578400	     -1.957	      -1.00	     0.0000	   -0.00554	    0.00554	    1.73901
