20110203	   2.859400	      1.604	       1.00	     0.0000	   -0.00463	   -0.00463	    0.00000
20110204	   2.808700	      0.870	       0.00	     0.0000	   -0.01773	   -0.00000	   -0.18020
20110207	   2.798100	      0.663	       0.00	     0.0000	   -0.00377	   -0.00000	   -0.18019
20110208	   2.823800	      1.003	       0.00	     0.0000	    0.00918	    0.00000	   -0.18018
20110209	   2.860900	      1.498	       1.00	     0.0000	    0.01314	    0.01314	    0.11004
20110210	   2.802700	      0.444	       0.00	     0.0000	   -0.02034	   -0.00000	    0.11003
20110211	   2.787800	      0.126	       0.00	     0.0000	   -0.00532	   -0.00000	    0.11003
20110214	   2.842400	      1.020	       0.00	     0.0000	    0.01959	    0.00000	    0.11002
20110215	   2.821000	      0.559	       0.00	     0.0000	   -0.00753	   -0.00000	    0.11001
20110216	   2.866800	      1.279	       1.00	     0.0000	    0.01624	    0.01624	    0.20833
20110217	   2.826800	      0.484	       0.00	     0.0000	   -0.01395	   -0.00000	    0.20832
20110218	   2.811900	      0.132	       0.00	     0.0000	   -0.00527	   -0.00000	    0.20830
20110222	   2.889400	      1.499	       1.00	     0.0000	    0.02756	    0.02756	    0.26999
20110223	   3.002500	      2.865	       1.00	     0.0000	    0.03914	    0.03914	    0.31408
20110224	   2.979100	      2.251	       1.00	     0.0000	   -0.00779	   -0.00779	    0.28416
20110225	   3.031400	      2.479	       1.00	     0.0000	    0.01756	    0.01756	    0.32636
20110228	   3.024800	      2.061	       1.00	     0.0000	   -0.00218	   -0.00218	    0.31907
20110301	   3.109400	      2.496	       1.00	     0.0000	    0.02797	    0.02797	    0.36592
20110302	   3.143600	      2.313	       1.00	     0.0000	    0.01100	    0.01100	    0.39158
20110303	   3.135200	      1.906	       1.00	     0.0000	   -0.00267	   -0.00267	    0.38363
20110304	   3.175200	      1.912	       1.00	     0.0000	    0.01276	    0.01276	    0.41156
20110307	   3.151600	      1.533	       1.00	     0.0000	   -0.00743	   -0.00743	    0.38832
20110308	   3.097000	      1.037	       0.00	     0.0000	   -0.01732	   -0.00000	    0.38830
20110309	   3.156600	      1.319	       1.00	     0.0000	    0.01924	    0.01924	    0.42337
20110310	   3.130800	      1.034	       0.00	     0.0000	   -0.00817	   -0.00000	    0.42334
20110311	   3.114900	      0.839	       0.00	     0.0000	   -0.00508	   -0.00000	    0.42331
20110314	   3.149700	      0.991	       0.00	     0.0000	    0.01117	    0.00000	    0.42329
20110315	   3.039700	      0.123	       0.00	     0.0000	   -0.03492	   -0.00000	    0.42326
20110316	   3.083600	      0.392	       0.00	     0.0000	    0.01444	    0.00000	    0.42323
20110317	   3.153400	      0.887	       0.00	     0.0000	    0.02264	    0.00000	    0.42321
20110318	   3.115300	      0.485	       0.00	     0.0000	   -0.01208	   -0.00000	    0.42318
20110321	   3.146100	      0.718	       0.00	     0.0000	    0.00989	    0.00000	    0.42316
20110322	   3.171000	      1.017	       0.00	     0.0000	    0.00791	    0.00000	    0.42313
20110323	   3.150800	      0.737	       0.00	     0.0000	   -0.00637	   -0.00000	    0.42310
20110324	   3.157600	      0.785	       0.00	     0.0000	    0.00216	    0.00000	    0.42308
20110325	   3.150400	      0.607	       0.00	     0.0000	   -0.00228	   -0.00000	    0.42305
20110328	   3.120100	     -0.186	       0.00	     0.0000	   -0.00962	   -0.00000	    0.42302
20110329	   3.136200	      0.108	       0.00	     0.0000	    0.00516	    0.00000	    0.42300
20110330	   3.132300	     -0.050	       0.00	     0.0000	   -0.00124	   -0.00000	    0.42297
20110331	   3.191400	      1.641	       1.00	     0.0000	    0.01887	    0.01887	    0.45565
20110401	   3.213400	      1.953	       1.00	     0.0000	    0.00689	    0.00689	    0.47097
20110404	   3.250300	      2.418	       1.00	     0.0000	    0.01148	    0.01148	    0.49365
20110405	   3.263900	      2.238	       1.00	     0.0000	    0.00418	    0.00418	    0.50325
20110406	   3.270100	      2.007	       1.00	     0.0000	    0.00190	    0.00190	    0.50780
20110407	   3.284900	      1.937	       1.00	     0.0000	    0.00453	    0.00453	    0.51806
20110408	   3.398600	      2.762	       1.00	     0.0000	    0.03461	    0.03461	    0.54484
20110411	   3.331400	      1.686	       1.00	     0.0000	   -0.01977	   -0.01977	    0.48568
20110412	   3.251500	      0.696	       0.00	     0.0000	   -0.02398	   -0.00000	    0.48565
20110413	   3.281700	      0.969	       0.00	     0.0000	    0.00929	    0.00000	    0.48562
20110414	   3.267900	      0.725	       0.00	     0.0000	   -0.00421	   -0.00000	    0.48559
20110415	   3.303100	      1.067	       0.00	     0.0000	    0.01077	    0.00000	    0.48556
20110418	   3.261600	      0.475	       0.00	     0.0000	   -0.01256	   -0.00000	    0.48553
20110419	   3.238900	      0.122	       0.00	     0.0000	   -0.00696	   -0.00000	    0.48550
20110420	   3.302300	      0.891	       0.00	     0.0000	    0.01957	    0.00000	    0.48547
20110421	   3.282600	      0.556	       0.00	     0.0000	   -0.00597	   -0.00000	    0.48544
20110425	   3.265300	      0.255	       0.00	     0.0000	   -0.00527	   -0.00000	    0.48541
20110426	   3.293700	      0.590	       0.00	     0.0000	    0.00870	    0.00000	    0.48538
20110427	   3.314500	      0.844	       0.00	     0.0000	    0.00632	    0.00000	    0.48535
20110428	   3.312300	      0.753	       0.00	     0.0000	   -0.00066	   -0.00000	    0.48532
20110429	   3.342200	      1.335	       1.00	     0.0000	    0.00903	    0.00903	    0.50198
20110502	   3.318500	      0.749	       0.00	     0.0000	   -0.00709	   -0.00000	    0.50195
20110503	   3.257200	     -0.874	       0.00	     0.0000	   -0.01847	   -0.00000	    0.50192
20110504	   3.209400	     -1.933	      -1.00	     0.0000	   -0.01468	    0.01468	    0.52554
20110505	   2.953300	     -3.823	      -1.00	     0.0000	   -0.07980	    0.07980	    0.50490
20110506	   2.912100	     -2.993	      -1.00	     0.0000	   -0.01395	    0.01395	    0.52272
20110509	   3.028200	     -1.727	      -1.00	     0.0000	    0.03987	   -0.03987	    0.43661
20110510	   3.067600	     -1.281	      -1.00	     0.0000	    0.01301	   -0.01301	    0.41534
20110511	   2.964700	     -1.817	      -1.00	     0.0000	   -0.03354	    0.03354	    0.44779
20110512	   2.980100	     -1.512	      -1.00	     0.0000	    0.00519	   -0.00519	    0.44014
20110513	   3.008600	     -1.188	       0.00	     0.0000	    0.00956	    0.00000	    0.44012
20110516	   2.940800	     -1.463	      -1.00	     0.0000	   -0.02254	    0.02254	    0.46447
20110517	   2.911500	     -1.470	      -1.00	     0.0000	   -0.00996	    0.00996	    0.47676
20110518	   2.972000	     -0.999	       0.00	     0.0000	    0.02078	    0.00000	    0.47673
20110519	   2.961200	     -0.969	       0.00	     0.0000	   -0.00363	   -0.00000	    0.47670
20110520	   2.984700	     -0.751	       0.00	     0.0000	    0.00794	    0.00000	    0.47667
20110523	   2.912400	     -1.080	       0.00	     0.0000	   -0.02422	   -0.00000	    0.47664
20110524	   2.974000	     -0.636	       0.00	     0.0000	    0.02115	    0.00000	    0.47661
20110525	   3.045000	     -0.131	       0.00	     0.0000	    0.02387	    0.00000	    0.47658
20110526	   3.046100	     -0.044	       0.00	     0.0000	    0.00036	    0.00000	    0.47655
20110527	   3.054100	      0.107	       0.00	     0.0000	    0.00263	    0.00000	    0.47652
20110531	   3.105700	      0.685	       0.00	     0.0000	    0.01690	    0.00000	    0.47649
20110601	   3.061400	      0.492	       0.00	     0.0000	   -0.01426	   -0.00000	    0.47646
20110602	   3.096600	      1.167	       0.00	     0.0000	    0.01150	    0.00000	    0.47643
20110603	   3.109400	      1.641	       1.00	     0.0000	    0.00413	    0.00413	    0.48183
20110606	   3.070100	      0.934	       0.00	     0.0000	   -0.01264	   -0.00000	    0.48180
20110607	   3.129700	      1.672	       1.00	     0.0000	    0.01941	    0.01941	    0.50286
20110608	   3.146400	      1.697	       1.00	     0.0000	    0.00534	    0.00534	    0.50965
20110609	   3.190500	      2.004	       1.00	     0.0000	    0.01402	    0.01402	    0.52566
20110610	   3.157800	      1.422	       1.00	     0.0000	   -0.01025	   -0.01025	    0.51032
20110613	   3.158500	      1.287	       1.00	     0.0000	    0.00022	    0.00022	    0.51059
20110614	   3.178500	      1.364	       1.00	     0.0000	    0.00633	    0.00633	    0.51847
20110615	   3.037500	     -0.289	       0.00	     0.0000	   -0.04436	   -0.00000	    0.51844
20110616	   3.056500	     -0.161	       0.00	     0.0000	    0.00626	    0.00000	    0.51841
20110617	   3.036000	     -0.482	       0.00	     0.0000	   -0.00671	   -0.00000	    0.51837
20110620	   2.984700	     -1.208	       0.00	     0.0000	   -0.01690	   -0.00000	    0.51834
20110621	   2.944000	     -1.671	      -1.00	     0.0000	   -0.01364	    0.01364	    0.53382
20110622	   3.008700	     -0.978	       0.00	     0.0000	    0.02198	    0.00000	    0.53379
20110623	   2.837200	     -2.776	      -1.00	     0.0000	   -0.05700	    0.05700	    0.56141
20110624	   2.806700	     -2.479	      -1.00	     0.0000	   -0.01075	    0.01075	    0.57303
20110627	   2.819200	     -2.000	      -1.00	     0.0000	    0.00445	   -0.00445	    0.56728
20110628	   2.879300	     -1.333	      -1.00	     0.0000	    0.02132	   -0.02132	    0.53552
20110629	   2.972500	     -0.502	       0.00	     0.0000	    0.03237	    0.00000	    0.53549
20110630	   2.984100	     -0.373	       0.00	     0.0000	    0.00390	    0.00000	    0.53546
20110701	   2.962300	     -0.503	       0.00	     0.0000	   -0.00731	   -0.00000	    0.53542
20110705	   2.994400	     -0.191	       0.00	     0.0000	    0.01084	    0.00000	    0.53539
20110706	   3.001100	     -0.107	       0.00	     0.0000	    0.00224	    0.00000	    0.53536
20110707	   3.139800	      1.066	       0.00	     0.0000	    0.04622	    0.00000	    0.53532
20110708	   3.134200	      1.030	       0.00	     0.0000	   -0.00178	   -0.00000	    0.53529
20110711	   3.125300	      1.016	       0.00	     0.0000	   -0.00284	   -0.00000	    0.53526
20110712	   3.125400	      1.048	       0.00	     0.0000	    0.00003	    0.00000	    0.53523
20110713	   3.137500	      1.180	       0.00	     0.0000	    0.00387	    0.00000	    0.53519
20110714	   3.122700	      1.107	       0.00	     0.0000	   -0.00472	   -0.00000	    0.53516
20110715	   3.155800	      1.306	       1.00	     0.0000	    0.01060	    0.01060	    0.54655
20110718	   3.117100	      0.915	       0.00	     0.0000	   -0.01226	   -0.00000	    0.54652
20110719	   3.137300	      1.023	       0.00	     0.0000	    0.00648	    0.00000	    0.54648
20110720	   3.158600	      1.101	       0.00	     0.0000	    0.00679	    0.00000	    0.54645
20110721	   3.139500	      0.857	       0.00	     0.0000	   -0.00605	   -0.00000	    0.54642
20110722	   3.168100	      1.005	       0.00	     0.0000	    0.00911	    0.00000	    0.54638
20110725	   3.147300	      0.765	       0.00	     0.0000	   -0.00657	   -0.00000	    0.54635
20110726	   3.151700	      0.751	       0.00	     0.0000	    0.00140	    0.00000	    0.54632
20110727	   3.121000	      0.377	       0.00	     0.0000	   -0.00974	   -0.00000	    0.54628
20110728	   3.141000	      0.564	       0.00	     0.0000	    0.00641	    0.00000	    0.54625
20110729	   3.126000	      0.268	       0.00	     0.0000	   -0.00478	   -0.00000	    0.54621
20110801	   3.124000	      0.147	       0.00	     0.0000	   -0.00064	   -0.00000	    0.54618
20110802	   3.118200	     -0.112	       0.00	     0.0000	   -0.00186	   -0.00000	    0.54615
20110803	   3.045500	     -2.139	      -1.00	     0.0000	   -0.02331	    0.02331	    0.56728
20110804	   2.920500	     -3.863	      -1.00	     0.0000	   -0.04104	    0.04104	    0.59437
20110805	   2.968300	     -2.355	      -1.00	     0.0000	    0.01637	   -0.01637	    0.57237
20110808	   2.828300	     -3.099	      -1.00	     0.0000	   -0.04717	    0.04717	    0.59964
20110809	   2.791400	     -2.656	      -1.00	     0.0000	   -0.01305	    0.01305	    0.61194
20110810	   2.891900	     -1.540	      -1.00	     0.0000	    0.03600	   -0.03600	    0.55932
20110811	   2.925800	     -1.134	       0.00	     0.0000	    0.01172	    0.00000	    0.55929
20110812	   2.930300	     -0.999	       0.00	     0.0000	    0.00154	    0.00000	    0.55925
20110815	   2.970700	     -0.603	       0.00	     0.0000	    0.01379	    0.00000	    0.55922
20110816	   2.959200	     -0.635	       0.00	     0.0000	   -0.00387	   -0.00000	    0.55918
20110817	   2.988200	     -0.344	       0.00	     0.0000	    0.00980	    0.00000	    0.55915
20110818	   2.901400	     -0.973	       0.00	     0.0000	   -0.02905	   -0.00000	    0.55912
20110819	   2.931200	     -0.650	       0.00	     0.0000	    0.01027	    0.00000	    0.55908
20110822	   2.936500	     -0.533	       0.00	     0.0000	    0.00181	    0.00000	    0.55905
20110823	   2.967000	     -0.193	       0.00	     0.0000	    0.01039	    0.00000	    0.55901
20110824	   2.986800	      0.072	       0.00	     0.0000	    0.00667	    0.00000	    0.55898
20110825	   3.011000	      0.387	       0.00	     0.0000	    0.00810	    0.00000	    0.55894
20110826	   3.033600	      0.734	       0.00	     0.0000	    0.00751	    0.00000	    0.55891
20110829	   3.035100	      0.860	       0.00	     0.0000	    0.00049	    0.00000	    0.55887
20110830	   3.094500	      1.660	       1.00	     0.0000	    0.01957	    0.01957	    0.57578
20110831	   3.101800	      1.797	       1.00	     0.0000	    0.00236	    0.00236	    0.57818
20110901	   3.069600	      1.341	       1.00	     0.0000	   -0.01038	   -0.01038	    0.56611
20110902	   3.015200	      0.592	       0.00	     0.0000	   -0.01772	   -0.00000	    0.56607
20110906	   3.028000	      0.709	       0.00	     0.0000	    0.00425	    0.00000	    0.56604
20110907	   3.093400	      1.420	       1.00	     0.0000	    0.02160	    0.02160	    0.58406
20110908	   3.062100	      1.004	       0.00	     0.0000	   -0.01012	   -0.00000	    0.58403
20110909	   3.003600	      0.024	       0.00	     0.0000	   -0.01910	   -0.00000	    0.58399
20110912	   2.965300	     -0.662	       0.00	     0.0000	   -0.01275	   -0.00000	    0.58396
20110913	   2.953900	     -0.896	       0.00	     0.0000	   -0.00384	   -0.00000	    0.58392
20110914	   2.962800	     -0.731	       0.00	     0.0000	    0.00301	    0.00000	    0.58388
20110915	   3.042400	      0.590	       0.00	     0.0000	    0.02687	    0.00000	    0.58385
20110916	   3.026700	      0.283	       0.00	     0.0000	   -0.00516	   -0.00000	    0.58381
20110919	   2.962500	     -0.971	       0.00	     0.0000	   -0.02121	   -0.00000	    0.58378
20110920	   2.979500	     -0.730	       0.00	     0.0000	    0.00574	    0.00000	    0.58374
20110921	   2.953400	     -1.304	      -1.00	     0.0000	   -0.00876	    0.00876	    0.59209
20110922	   2.866100	     -2.524	      -1.00	     0.0000	   -0.02956	    0.02956	    0.61383
20110923	   2.814100	     -2.631	      -1.00	     0.0000	   -0.01814	    0.01814	    0.62905
20110926	   2.811200	     -2.195	      -1.00	     0.0000	   -0.00103	    0.00103	    0.63005
20110927	   2.893900	     -1.093	       0.00	     0.0000	    0.02942	    0.00000	    0.63001
20110928	   2.835300	     -1.569	      -1.00	     0.0000	   -0.02025	    0.02025	    0.64637
20110929	   2.834800	     -1.422	      -1.00	     0.0000	   -0.00018	    0.00018	    0.64651
20110930	   2.787500	     -1.732	      -1.00	     0.0000	   -0.01669	    0.01669	    0.66047
20111003	   2.761100	     -1.772	      -1.00	     0.0000	   -0.00947	    0.00947	    0.66905
20111004	   2.731600	     -1.794	      -1.00	     0.0000	   -0.01068	    0.01068	    0.67858
20111005	   2.784800	     -1.172	       0.00	     0.0000	    0.01948	    0.00000	    0.67853
20111006	   2.869300	     -0.310	       0.00	     0.0000	    0.03034	    0.00000	    0.67849
20111007	   2.867000	     -0.258	       0.00	     0.0000	   -0.00080	   -0.00000	    0.67845
20111010	   2.912100	      0.289	       0.00	     0.0000	    0.01573	    0.00000	    0.67841
20111011	   2.912300	      0.326	       0.00	     0.0000	    0.00007	    0.00000	    0.67837
20111012	   2.942900	      0.687	       0.00	     0.0000	    0.01051	    0.00000	    0.67833
20111013	   2.979600	      1.090	       0.00	     0.0000	    0.01247	    0.00000	    0.67828
20111014	   3.064000	      1.996	       1.00	     0.0000	    0.02833	    0.02833	    0.69794
20111017	   3.027600	      1.588	       1.00	     0.0000	   -0.01188	   -0.01188	    0.68456
20111018	   3.044500	      1.638	       1.00	     0.0000	    0.00558	    0.00558	    0.68973
20111019	   2.997400	      1.122	       0.00	     0.0000	   -0.01547	   -0.00000	    0.68969
20111020	   3.044000	      1.487	       1.00	     0.0000	    0.01555	    0.01555	    0.70247
20111021	   3.033300	      1.250	       0.00	     0.0000	   -0.00352	   -0.00000	    0.70243
20111024	   3.071600	      1.441	       1.00	     0.0000	    0.01263	    0.01263	    0.71314
20111025	   3.068600	      1.275	       1.00	     0.0000	   -0.00098	   -0.00098	    0.71212
20111026	   3.038400	      0.922	       0.00	     0.0000	   -0.00984	   -0.00000	    0.71207
20111027	   3.121100	      1.471	       1.00	     0.0000	    0.02722	    0.02722	    0.73067
20111028	   3.083800	      1.049	       0.00	     0.0000	   -0.01195	   -0.00000	    0.73062
20111031	   3.075700	      0.897	       0.00	     0.0000	   -0.00263	   -0.00000	    0.73058
20111101	   3.055300	      0.652	       0.00	     0.0000	   -0.00663	   -0.00000	    0.73053
20111102	   3.018100	      0.201	       0.00	     0.0000	   -0.01218	   -0.00000	    0.73049
20111103	   3.055500	      0.580	       0.00	     0.0000	    0.01239	    0.00000	    0.73045
20111104	   3.088100	      0.970	       0.00	     0.0000	    0.01067	    0.00000	    0.73040
20111107	   3.137200	      1.670	       1.00	     0.0000	    0.01590	    0.01590	    0.74307
20111108	   3.133500	      1.525	       1.00	     0.0000	   -0.00118	   -0.00118	    0.74186
20111109	   3.116000	      1.199	       0.00	     0.0000	   -0.00558	   -0.00000	    0.74182
20111110	   3.168500	      2.113	       1.00	     0.0000	    0.01685	    0.01685	    0.75498
20111111	   3.189000	      2.219	       1.00	     0.0000	    0.00647	    0.00647	    0.76072
20111114	   3.179600	      1.762	       1.00	     0.0000	   -0.00295	   -0.00295	    0.75773
20111115	   3.188700	      1.694	       1.00	     0.0000	    0.00286	    0.00286	    0.76036
20111116	   3.152000	      0.963	       0.00	     0.0000	   -0.01151	   -0.00000	    0.76031
20111117	   3.101200	      0.005	       0.00	     0.0000	   -0.01612	   -0.00000	    0.76027
20111118	   3.052400	     -0.919	       0.00	     0.0000	   -0.01574	   -0.00000	    0.76022
20111121	   3.015400	     -1.561	      -1.00	     0.0000	   -0.01212	    0.01212	    0.77023
20111122	   3.057600	     -0.768	       0.00	     0.0000	    0.01399	    0.00000	    0.77019
20111123	   2.982500	     -1.876	      -1.00	     0.0000	   -0.02456	    0.02456	    0.78692
20111125	   2.951600	     -2.087	      -1.00	     0.0000	   -0.01036	    0.01036	    0.79556
20111128	   2.993800	     -1.311	      -1.00	     0.0000	    0.01430	   -0.01430	    0.77957
20111129	   3.044700	     -0.552	       0.00	     0.0000	    0.01700	    0.00000	    0.77953
20111130	   3.036200	     -0.639	       0.00	     0.0000	   -0.00279	   -0.00000	    0.77948
20111201	   2.980600	     -1.311	      -1.00	     0.0000	   -0.01831	    0.01831	    0.79308
20111202	   3.001100	     -1.014	       0.00	     0.0000	    0.00688	    0.00000	    0.79304
20111205	   3.003500	     -0.930	       0.00	     0.0000	    0.00080	    0.00000	    0.79299
20111206	   3.032800	     -0.511	       0.00	     0.0000	    0.00976	    0.00000	    0.79294
20111207	   2.993500	     -0.927	       0.00	     0.0000	   -0.01296	   -0.00000	    0.79289
20111208	   2.940900	     -1.433	      -1.00	     0.0000	   -0.01757	    0.01757	    0.80598
20111209	   2.923600	     -1.466	      -1.00	     0.0000	   -0.00588	    0.00588	    0.81109
20111212	   2.907200	     -1.505	      -1.00	     0.0000	   -0.00561	    0.00561	    0.81597
20111213	   2.939900	     -1.046	       0.00	     0.0000	    0.01125	    0.00000	    0.81592
20111214	   2.841000	     -2.066	      -1.00	     0.0000	   -0.03364	    0.03364	    0.83448
20111215	   2.833600	     -2.021	      -1.00	     0.0000	   -0.00260	    0.00260	    0.83677
20111216	   2.812200	     -2.091	      -1.00	     0.0000	   -0.00755	    0.00755	    0.84307
20111219	   2.791900	     -2.060	      -1.00	     0.0000	   -0.00722	    0.00722	    0.84912
20111220	   2.860800	     -1.101	       0.00	     0.0000	    0.02468	    0.00000	    0.84906
20111221	   2.919200	     -0.326	       0.00	     0.0000	    0.02041	    0.00000	    0.84901
20111222	   2.917000	     -0.284	       0.00	     0.0000	   -0.00075	   -0.00000	    0.84896
20111223	   2.901100	     -0.445	       0.00	     0.0000	   -0.00545	   -0.00000	    0.84891
20111227	   2.917500	     -0.206	       0.00	     0.0000	    0.00565	    0.00000	    0.84886
20111228	   2.902800	     -0.349	       0.00	     0.0000	   -0.00504	   -0.00000	    0.84880
20111229	   2.921700	     -0.015	       0.00	     0.0000	    0.00651	    0.00000	    0.84875
20111230	   2.915800	     -0.019	       0.00	     0.0000	   -0.00202	   -0.00000	    0.84870
20120103	   3.039800	      1.759	       1.00	     0.0000	    0.04253	    0.04253	    0.86710
20120104	   3.091500	      2.203	       1.00	     0.0000	    0.01701	    0.01701	    0.87916
20120105	   3.040400	      1.462	       1.00	     0.0000	   -0.01653	   -0.01653	    0.86121
20120106	   3.071800	      1.770	       1.00	     0.0000	    0.01033	    0.01033	    0.86925
20120109	   3.074600	      1.655	       1.00	     0.0000	    0.00091	    0.00091	    0.87001
20120110	   3.103000	      1.738	       1.00	     0.0000	    0.00924	    0.00924	    0.87729
20120111	   3.066200	      1.225	       0.00	     0.0000	   -0.01186	   -0.00000	    0.87724
20120112	   3.055700	      1.021	       0.00	     0.0000	   -0.00342	   -0.00000	    0.87718
20120113	   3.028800	      0.702	       0.00	     0.0000	   -0.00880	   -0.00000	    0.87713
20120117	   3.038800	      0.723	       0.00	     0.0000	    0.00330	    0.00000	    0.87708
20120118	   3.015000	      0.415	       0.00	     0.0000	   -0.00783	   -0.00000	    0.87702
20120119	   3.037300	      0.579	       0.00	     0.0000	    0.00740	    0.00000	    0.87697
20120120	   2.988600	     -0.092	       0.00	     0.0000	   -0.01603	   -0.00000	    0.87692
20120123	   3.007300	      0.068	       0.00	     0.0000	    0.00626	    0.00000	    0.87686
20120124	   3.018900	      0.173	       0.00	     0.0000	    0.00386	    0.00000	    0.87681
20120125	   3.014200	      0.035	       0.00	     0.0000	   -0.00156	   -0.00000	    0.87676
20120126	   3.048400	      0.500	       0.00	     0.0000	    0.01135	    0.00000	    0.87670
20120127	   3.063100	      0.679	       0.00	     0.0000	    0.00482	    0.00000	    0.87665
20120130	   3.041600	      0.194	       0.00	     0.0000	   -0.00702	   -0.00000	    0.87660
20120131	   3.054700	      0.399	       0.00	     0.0000	    0.00431	    0.00000	    0.87654
20120201	   3.049300	      0.147	       0.00	     0.0000	   -0.00177	   -0.00000	    0.87649
20120202	   3.056700	      0.381	       0.00	     0.0000	    0.00243	    0.00000	    0.87644
20120203	   3.118200	      2.308	       1.00	     0.0000	    0.02012	    0.02012	    0.88984
20120206	   3.174500	      2.924	       1.00	     0.0000	    0.01806	    0.01806	    0.90219
20120207	   3.194700	      2.626	       1.00	     0.0000	    0.00636	    0.00636	    0.90732
20120208	   3.193300	      2.166	       1.00	     0.0000	   -0.00044	   -0.00044	    0.90688
20120209	   3.212300	      2.120	       1.00	     0.0000	    0.00595	    0.00595	    0.91169
20120210	   3.185900	      1.536	       1.00	     0.0000	   -0.00822	   -0.00822	    0.90360
20120213	   3.163800	      1.119	       0.00	     0.0000	   -0.00694	   -0.00000	    0.90355
20120214	   3.168600	      1.074	       0.00	     0.0000	    0.00152	    0.00000	    0.90349
20120215	   3.195400	      1.287	       1.00	     0.0000	    0.00846	    0.00846	    0.91012
20120216	   3.213500	      1.366	       1.00	     0.0000	    0.00566	    0.00566	    0.91471
20120217	   3.192700	      1.004	       0.00	     0.0000	   -0.00647	   -0.00000	    0.91465
20120221	   3.243100	      1.488	       1.00	     0.0000	    0.01579	    0.01579	    0.92570
20120222	   3.273300	      1.674	       1.00	     0.0000	    0.00931	    0.00931	    0.93286
20120223	   3.298300	      1.763	       1.00	     0.0000	    0.00764	    0.00764	    0.93885
20120224	   3.321300	      1.823	       1.00	     0.0000	    0.00697	    0.00697	    0.94437
20120227	   3.291200	      1.339	       1.00	     0.0000	   -0.00906	   -0.00906	    0.93541
20120228	   3.228400	      0.536	       0.00	     0.0000	   -0.01908	   -0.00000	    0.93535
20120229	   3.214200	      0.286	       0.00	     0.0000	   -0.00440	   -0.00000	    0.93530
20120301	   3.283600	      1.127	       0.00	     0.0000	    0.02159	    0.00000	    0.93524
20120302	   3.210100	     -0.016	       0.00	     0.0000	   -0.02238	   -0.00000	    0.93518
20120305	   3.225700	      0.129	       0.00	     0.0000	    0.00486	    0.00000	    0.93512
20120306	   3.196500	     -0.580	       0.00	     0.0000	   -0.00905	   -0.00000	    0.93507
20120307	   3.227700	      0.052	       0.00	     0.0000	    0.00976	    0.00000	    0.93501
20120308	   3.277800	      1.078	       0.00	     0.0000	    0.01552	    0.00000	    0.93496
20120309	   3.272100	      0.865	       0.00	     0.0000	   -0.00174	   -0.00000	    0.93490
20120312	   3.251200	      0.361	       0.00	     0.0000	   -0.00639	   -0.00000	    0.93484
20120313	   3.279500	      0.901	       0.00	     0.0000	    0.00870	    0.00000	    0.93479
20120314	   3.270100	      0.619	       0.00	     0.0000	   -0.00287	   -0.00000	    0.93473
20120315	   3.230800	     -0.441	       0.00	     0.0000	   -0.01202	   -0.00000	    0.93467
20120316	   3.290200	      1.037	       0.00	     0.0000	    0.01839	    0.00000	    0.93462
20120319	   3.275100	      0.560	       0.00	     0.0000	   -0.00459	   -0.00000	    0.93456
20120320	   3.249100	     -0.255	       0.00	     0.0000	   -0.00794	   -0.00000	    0.93450
20120321	   3.230200	     -0.796	       0.00	     0.0000	   -0.00582	   -0.00000	    0.93445
20120322	   3.192000	     -1.687	      -1.00	     0.0000	   -0.01183	    0.01183	    0.94315
20120323	   3.223900	     -0.729	       0.00	     0.0000	    0.00999	    0.00000	    0.94310
20120326	   3.245700	     -0.008	       0.00	     0.0000	    0.00676	    0.00000	    0.94304
20120327	   3.235200	     -0.275	       0.00	     0.0000	   -0.00324	   -0.00000	    0.94298
20120328	   3.221400	     -0.728	       0.00	     0.0000	   -0.00427	   -0.00000	    0.94293
20120329	   3.169000	     -2.160	      -1.00	     0.0000	   -0.01627	    0.01627	    0.95405
20120330	   3.169300	     -1.878	      -1.00	     0.0000	    0.00009	   -0.00009	    0.95391
20120402	   3.248800	      0.333	       0.00	     0.0000	    0.02508	    0.00000	    0.95385
20120403	   3.226700	     -0.303	       0.00	     0.0000	   -0.00680	   -0.00000	    0.95379
20120404	   3.160100	     -2.000	      -1.00	     0.0000	   -0.02064	    0.02064	    0.96678
20120405	   3.168400	     -1.590	      -1.00	     0.0000	    0.00263	   -0.00263	    0.96437
20120406	   3.168400	     -1.428	      -1.00	     0.0000	    0.00000	   -0.00000	    0.96431
20120409	   3.145100	     -1.745	      -1.00	     0.0000	   -0.00735	    0.00735	    0.97001
20120410	   3.094900	     -2.330	      -1.00	     0.0000	   -0.01596	    0.01596	    0.98081
20120411	   3.114100	     -1.729	      -1.00	     0.0000	    0.00620	   -0.00620	    0.97495
20120412	   3.165500	     -0.688	       0.00	     0.0000	    0.01651	    0.00000	    0.97489
20120413	   3.173800	     -0.477	       0.00	     0.0000	    0.00262	    0.00000	    0.97483
20120416	   3.116900	     -1.463	      -1.00	     0.0000	   -0.01793	    0.01793	    0.98651
20120417	   3.125700	     -1.195	       0.00	     0.0000	    0.00282	    0.00000	    0.98645
20120418	   3.116800	     -1.261	      -1.00	     0.0000	   -0.00285	    0.00285	    0.98875
20120419	   3.123300	     -1.023	       0.00	     0.0000	    0.00209	    0.00000	    0.98869
20120420	   3.135700	     -0.698	       0.00	     0.0000	    0.00397	    0.00000	    0.98863
20120423	   3.137800	     -0.584	       0.00	     0.0000	    0.00067	    0.00000	    0.98857
20120424	   3.129500	     -0.693	       0.00	     0.0000	   -0.00265	   -0.00000	    0.98851
20120425	   3.161800	      0.151	       0.00	     0.0000	    0.01032	    0.00000	    0.98845
20120426	   3.193300	      1.033	       0.00	     0.0000	    0.00996	    0.00000	    0.98839
20120427	   3.178400	      0.620	       0.00	     0.0000	   -0.00467	   -0.00000	    0.98833
20120430	   3.179100	      0.623	       0.00	     0.0000	    0.00022	    0.00000	    0.98827
20120501	   3.172000	      0.637	       0.00	     0.0000	   -0.00223	   -0.00000	    0.98821
20120502	   3.137400	     -0.377	       0.00	     0.0000	   -0.01091	   -0.00000	    0.98815
20120503	   3.081800	     -2.052	      -1.00	     0.0000	   -0.01772	    0.01772	    0.99966
20120504	   3.003700	     -3.118	      -1.00	     0.0000	   -0.02534	    0.02534	    1.01375
20120507	   2.976300	     -2.779	      -1.00	     0.0000	   -0.00912	    0.00912	    1.02047
20120508	   2.985000	     -2.159	      -1.00	     0.0000	    0.00292	   -0.00292	    1.01783
20120509	   2.994000	     -1.777	      -1.00	     0.0000	    0.00302	   -0.00302	    1.01510
20120510	   2.978300	     -1.752	      -1.00	     0.0000	   -0.00524	    0.00524	    1.01917
20120511	   2.958500	     -1.755	      -1.00	     0.0000	   -0.00665	    0.00665	    1.02424
20120514	   2.924400	     -1.881	      -1.00	     0.0000	   -0.01153	    0.01153	    1.03239
20120515	   2.927900	     -1.618	      -1.00	     0.0000	    0.00120	   -0.00120	    1.03130
20120516	   2.892500	     -1.738	      -1.00	     0.0000	   -0.01209	    0.01209	    1.03975
20120517	   2.843900	     -1.899	      -1.00	     0.0000	   -0.01680	    0.01680	    1.05054
20120518	   2.823500	     -1.800	      -1.00	     0.0000	   -0.00717	    0.00717	    1.05592
20120521	   2.853700	     -1.385	      -1.00	     0.0000	    0.01070	   -0.01070	    1.04548
20120522	   2.853800	     -1.249	       0.00	     0.0000	    0.00004	    0.00000	    1.04542
20120523	   2.803800	     -1.467	      -1.00	     0.0000	   -0.01752	    0.01752	    1.05646
20120524	   2.814000	     -1.263	      -1.00	     0.0000	    0.00364	   -0.00364	    1.05319
20120525	   2.821200	     -1.118	       0.00	     0.0000	    0.00256	    0.00000	    1.05313
20120529	   2.801500	     -1.185	       0.00	     0.0000	   -0.00698	   -0.00000	    1.05306
20120530	   2.732100	     -1.641	      -1.00	     0.0000	   -0.02477	    0.02477	    1.06648
20120531	   2.691500	     -1.862	      -1.00	     0.0000	   -0.01486	    0.01486	    1.07618
20120601	   2.616200	     -2.263	      -1.00	     0.0000	   -0.02798	    0.02798	    1.09004
20120604	   2.615200	     -2.023	      -1.00	     0.0000	   -0.00038	    0.00038	    1.09029
20120605	   2.621900	     -1.738	      -1.00	     0.0000	    0.00256	   -0.00256	    1.08803
20120606	   2.660000	     -1.292	      -1.00	     0.0000	    0.01453	   -0.01453	    1.07355
20120607	   2.655400	     -1.213	       0.00	     0.0000	   -0.00173	   -0.00000	    1.07348
20120608	   2.660400	     -1.081	       0.00	     0.0000	    0.00188	    0.00000	    1.07342
20120611	   2.624000	     -1.281	      -1.00	     0.0000	   -0.01368	    0.01368	    1.08242
20120612	   2.609800	     -1.297	      -1.00	     0.0000	   -0.00541	    0.00541	    1.08646
20120613	   2.599200	     -1.279	      -1.00	     0.0000	   -0.00406	    0.00406	    1.08953
20120614	   2.616100	     -1.045	       0.00	     0.0000	    0.00650	    0.00000	    1.08946
20120615	   2.634800	     -0.790	       0.00	     0.0000	    0.00715	    0.00000	    1.08940
20120618	   2.606000	     -0.992	       0.00	     0.0000	   -0.01093	   -0.00000	    1.08933
20120619	   2.623400	     -0.733	       0.00	     0.0000	    0.00668	    0.00000	    1.08927
20120620	   2.573800	     -1.183	       0.00	     0.0000	   -0.01891	   -0.00000	    1.08920
20120621	   2.512300	     -1.750	      -1.00	     0.0000	   -0.02389	    0.02389	    1.10201
20120622	   2.521200	     -1.510	      -1.00	     0.0000	    0.00354	   -0.00354	    1.09891
20120625	   2.524000	     -1.395	      -1.00	     0.0000	    0.00111	   -0.00111	    1.09793
20120626	   2.562400	     -0.878	       0.00	     0.0000	    0.01521	    0.00000	    1.09786
20120627	   2.579400	     -0.587	       0.00	     0.0000	    0.00663	    0.00000	    1.09780
20120628	   2.536400	     -1.333	      -1.00	     0.0000	   -0.01667	    0.01667	    1.10806
20120629	   2.699100	      1.934	       1.00	     0.0000	    0.06415	    0.06415	    1.11297
20120702	   2.665100	      1.166	       0.00	     0.0000	   -0.01260	   -0.00000	    1.11290
20120703	   2.747700	      2.260	       1.00	     0.0000	    0.03099	    0.03099	    1.12656
20120705	   2.757600	      2.048	       1.00	     0.0000	    0.00360	    0.00360	    1.12914
20120706	   2.699100	      1.137	       0.00	     0.0000	   -0.02121	   -0.00000	    1.12907
20120709	   2.738200	      1.543	       1.00	     0.0000	    0.01449	    0.01449	    1.13792
20120710	   2.708700	      1.088	       0.00	     0.0000	   -0.01077	   -0.00000	    1.13785
20120711	   2.751000	      1.471	       1.00	     0.0000	    0.01562	    0.01562	    1.14718
20120712	   2.762500	      1.441	       1.00	     0.0000	    0.00418	    0.00418	    1.15013
20120713	   2.777400	      1.439	       1.00	     0.0000	    0.00539	    0.00539	    1.15389
20120716	   2.816900	      1.645	       1.00	     0.0000	    0.01422	    0.01422	    1.16254
20120717	   2.831200	      1.583	       1.00	     0.0000	    0.00508	    0.00508	    1.16609
20120718	   2.866100	      1.676	       1.00	     0.0000	    0.01233	    0.01233	    1.17380
20120719	   2.935800	      1.950	       1.00	     0.0000	    0.02432	    0.02432	    1.18582
20120720	   2.912800	      1.565	       1.00	     0.0000	   -0.00783	   -0.00783	    1.17911
20120723	   2.809600	      0.696	       0.00	     0.0000	   -0.03543	   -0.00000	    1.17904
20120724	   2.815300	      0.670	       0.00	     0.0000	    0.00203	    0.00000	    1.17897
20120725	   2.835700	      0.781	       0.00	     0.0000	    0.00725	    0.00000	    1.17890
20120726	   2.858400	      0.924	       0.00	     0.0000	    0.00801	    0.00000	    1.17883
20120727	   2.879500	      1.068	       0.00	     0.0000	    0.00738	    0.00000	    1.17876
20120730	   2.870400	      0.978	       0.00	     0.0000	   -0.00316	   -0.00000	    1.17868
20120731	   2.837000	      0.464	       0.00	     0.0000	   -0.01164	   -0.00000	    1.17861
