19910807	 753.450000	      1.858	       1.00	     0.0000	    0.00033	    0.00033	    0.00000
19910808	 751.650000	      1.277	       0.00	     0.0000	   -0.00239	   -0.00000	    0.33248
19910809	 749.350000	      0.553	       0.00	     0.0000	   -0.00306	   -0.00000	    0.33241
19910812	 750.800000	      0.898	       0.00	     0.0000	    0.00194	    0.00000	    0.33234
19910813	 751.600000	      1.037	       0.00	     0.0000	    0.00107	    0.00000	    0.33227
19910814	 752.700000	      1.229	       0.00	     0.0000	    0.00146	    0.00000	    0.33220
19910815	 752.450000	      1.052	       0.00	     0.0000	   -0.00033	   -0.00000	    0.33213
19910816	 748.350000	     -0.125	       0.00	     0.0000	   -0.00545	   -0.00000	    0.33206
19910819	 740.350000	     -2.046	      -1.00	     0.0000	   -0.01069	    0.01069	    0.34214
19910820	 742.000000	     -1.485	       0.00	     0.0000	    0.00223	    0.00000	    0.34206
19910821	 753.750000	      1.211	       0.00	     0.0000	    0.01584	    0.00000	    0.34199
19910822	 753.850000	      1.138	       0.00	     0.0000	    0.00013	    0.00000	    0.34192
19910823	 756.150000	      1.545	       1.00	     0.0000	    0.00305	    0.00305	    0.41978
19910826	 756.000000	      1.385	       0.00	     0.0000	   -0.00020	   -0.00000	    0.41969
19910827	 756.050000	      1.265	       0.00	     0.0000	    0.00007	    0.00000	    0.41960
19910828	 758.300000	      1.604	       1.00	     0.0000	    0.00298	    0.00298	    0.49101
19910829	 758.500000	      1.469	       0.00	     0.0000	    0.00026	    0.00000	    0.49091
19910830	 757.050000	      1.055	       0.00	     0.0000	   -0.00191	   -0.00000	    0.49080
19910903	 754.200000	      0.407	       0.00	     0.0000	   -0.00376	   -0.00000	    0.49070
19910904	 752.700000	      0.044	       0.00	     0.0000	   -0.00199	   -0.00000	    0.49060
19910905	 751.250000	     -0.250	       0.00	     0.0000	   -0.00193	   -0.00000	    0.49049
19910906	 750.950000	     -0.289	       0.00	     0.0000	   -0.00040	   -0.00000	    0.49039
19910909	 750.150000	     -0.444	       0.00	     0.0000	   -0.00107	   -0.00000	    0.49029
19910910	 746.600000	     -1.150	       0.00	     0.0000	   -0.00473	   -0.00000	    0.49018
19910911	 746.200000	     -1.149	       0.00	     0.0000	   -0.00054	   -0.00000	    0.49008
19910912	 749.200000	     -0.514	       0.00	     0.0000	    0.00402	    0.00000	    0.48998
19910913	 745.000000	     -1.234	       0.00	     0.0000	   -0.00561	   -0.00000	    0.48987
19910916	 747.800000	     -0.644	       0.00	     0.0000	    0.00376	    0.00000	    0.48977
19910917	 747.100000	     -0.760	       0.00	     0.0000	   -0.00094	   -0.00000	    0.48967
19910918	 748.050000	     -0.725	       0.00	     0.0000	    0.00127	    0.00000	    0.48956
19910919	 748.800000	     -0.705	       0.00	     0.0000	    0.00100	    0.00000	    0.48946
19910920	 749.200000	     -0.558	       0.00	     0.0000	    0.00053	    0.00000	    0.48936
19910923	 748.100000	     -0.747	       0.00	     0.0000	   -0.00147	   -0.00000	    0.48926
19910924	 749.200000	     -0.426	       0.00	     0.0000	    0.00147	    0.00000	    0.48915
19910925	 748.150000	     -0.606	       0.00	     0.0000	   -0.00140	   -0.00000	    0.48905
19910926	 748.700000	     -0.402	       0.00	     0.0000	    0.00074	    0.00000	    0.48895
19910927	 747.650000	     -0.612	       0.00	     0.0000	   -0.00140	   -0.00000	    0.48885
19910930	 749.200000	     -0.035	       0.00	     0.0000	    0.00207	    0.00000	    0.48874
19911001	 750.550000	      0.726	       0.00	     0.0000	    0.00180	    0.00000	    0.48864
19911002	 748.350000	     -0.201	       0.00	     0.0000	   -0.00293	   -0.00000	    0.48854
19911003	 744.600000	     -2.116	      -1.00	     0.0000	   -0.00501	    0.00501	    0.57960
19911004	 741.300000	     -2.959	      -1.00	     0.0000	   -0.00443	    0.00443	    0.65634
19911007	 740.900000	     -2.520	      -1.00	     0.0000	   -0.00054	    0.00054	    0.66904
19911008	 740.950000	     -2.106	      -1.00	     0.0000	    0.00007	   -0.00007	    0.66722
19911009	 737.200000	     -2.617	      -1.00	     0.0000	   -0.00506	    0.00506	    0.74082
19911010	 741.200000	     -1.353	       0.00	     0.0000	    0.00543	    0.00000	    0.74066
19911011	 741.700000	     -1.105	       0.00	     0.0000	    0.00067	    0.00000	    0.74051
19911014	 747.450000	      0.379	       0.00	     0.0000	    0.00775	    0.00000	    0.74036
19911015	 751.100000	      1.251	       0.00	     0.0000	    0.00488	    0.00000	    0.74020
19911016	 753.500000	      1.652	       1.00	     0.0000	    0.00320	    0.00320	    0.79431
19911017	 752.650000	      1.338	       0.00	     0.0000	   -0.00113	   -0.00000	    0.79414
19911018	 753.450000	      1.399	       0.00	     0.0000	    0.00106	    0.00000	    0.79397
19911021	 751.200000	      0.884	       0.00	     0.0000	   -0.00299	   -0.00000	    0.79381
19911022	 748.300000	      0.271	       0.00	     0.0000	   -0.00386	   -0.00000	    0.79364
19911023	 748.750000	      0.371	       0.00	     0.0000	    0.00060	    0.00000	    0.79348
19911024	 745.200000	     -0.348	       0.00	     0.0000	   -0.00474	   -0.00000	    0.79331
19911025	 744.200000	     -0.512	       0.00	     0.0000	   -0.00134	   -0.00000	    0.79315
19911028	 749.500000	      0.578	       0.00	     0.0000	    0.00712	    0.00000	    0.79298
19911029	 751.800000	      1.011	       0.00	     0.0000	    0.00307	    0.00000	    0.79282
19911030	 752.650000	      1.141	       0.00	     0.0000	    0.00113	    0.00000	    0.79265
19911031	 752.200000	      0.990	       0.00	     0.0000	   -0.00060	   -0.00000	    0.79249
19911101	 750.700000	      0.637	       0.00	     0.0000	   -0.00199	   -0.00000	    0.79232
19911104	 750.750000	      0.577	       0.00	     0.0000	    0.00007	    0.00000	    0.79216
19911105	 748.600000	      0.076	       0.00	     0.0000	   -0.00286	   -0.00000	    0.79199
19911106	 749.950000	      0.289	       0.00	     0.0000	    0.00180	    0.00000	    0.79183
19911107	 753.200000	      1.027	       0.00	     0.0000	    0.00433	    0.00000	    0.79167
19911108	 752.350000	      0.747	       0.00	     0.0000	   -0.00113	   -0.00000	    0.79150
19911111	 753.150000	      0.999	       0.00	     0.0000	    0.00106	    0.00000	    0.79134
19911112	 756.200000	      1.868	       1.00	     0.0000	    0.00405	    0.00405	    0.85024
19911113	 757.200000	      1.907	       1.00	     0.0000	    0.00132	    0.00132	    0.87544
19911114	 756.850000	      1.640	       1.00	     0.0000	   -0.00046	   -0.00046	    0.86487
19911115	 742.400000	     -2.202	      -1.00	     0.0000	   -0.01909	    0.01909	    0.79541
19911118	 744.950000	     -1.378	       0.00	     0.0000	    0.00343	    0.00000	    0.79525
19911119	 739.850000	     -2.180	      -1.00	     0.0000	   -0.00685	    0.00685	    0.85422
19911120	 737.300000	     -2.250	      -1.00	     0.0000	   -0.00345	    0.00345	    0.89052
19911121	 740.150000	     -1.540	      -1.00	     0.0000	    0.00387	   -0.00387	    0.83124
19911122	 734.400000	     -2.155	      -1.00	     0.0000	   -0.00777	    0.00777	    0.89036
19911125	 735.450000	     -1.783	      -1.00	     0.0000	    0.00143	   -0.00143	    0.87157
19911126	 738.400000	     -1.240	       0.00	     0.0000	    0.00401	    0.00000	    0.87139
19911127	 736.000000	     -1.398	       0.00	     0.0000	   -0.00325	   -0.00000	    0.87121
19911129	 734.600000	     -1.411	       0.00	     0.0000	   -0.00190	   -0.00000	    0.87103
19911202	 741.100000	     -0.541	       0.00	     0.0000	    0.00885	    0.00000	    0.87085
19911203	 739.450000	     -0.680	       0.00	     0.0000	   -0.00223	   -0.00000	    0.87067
19911204	 739.450000	     -0.615	       0.00	     0.0000	    0.00000	    0.00000	    0.87049
19911205	 737.050000	     -0.839	       0.00	     0.0000	   -0.00325	   -0.00000	    0.87031
19911206	 738.350000	     -0.612	       0.00	     0.0000	    0.00176	    0.00000	    0.87013
19911209	 737.750000	     -0.615	       0.00	     0.0000	   -0.00081	   -0.00000	    0.86995
19911210	 737.500000	     -0.576	       0.00	     0.0000	   -0.00034	   -0.00000	    0.86977
19911211	 736.850000	     -0.591	       0.00	     0.0000	   -0.00088	   -0.00000	    0.86959
19911212	 740.500000	      0.038	       0.00	     0.0000	    0.00495	    0.00000	    0.86941
19911213	 743.700000	      0.844	       0.00	     0.0000	    0.00432	    0.00000	    0.86924
19911216	 743.900000	      1.631	       1.00	     0.0000	    0.00027	    0.00027	    0.87227
19911217	 741.950000	      0.996	       0.00	     0.0000	   -0.00262	   -0.00000	    0.87209
19911218	 742.850000	      1.418	       0.00	     0.0000	    0.00121	    0.00000	    0.87191
19911219	 741.900000	      1.018	       0.00	     0.0000	   -0.00128	   -0.00000	    0.87173
19911220	 745.650000	      1.970	       1.00	     0.0000	    0.00505	    0.00505	    0.91681
19911223	 756.350000	      3.315	       1.00	     0.0000	    0.01435	    0.01435	    0.96388
19911224	 758.200000	      2.775	       1.00	     0.0000	    0.00245	    0.00245	    0.98643
19911226	 763.300000	      2.720	       1.00	     0.0000	    0.00673	    0.00673	    1.03309
19911227	 765.200000	      2.371	       1.00	     0.0000	    0.00249	    0.00249	    1.05525
19911230	 773.700000	      2.571	       1.00	     0.0000	    0.01111	    0.01111	    1.10391
19911231	 775.500000	      2.253	       1.00	     0.0000	    0.00233	    0.00233	    1.12357
19920102	 777.650000	      2.037	       1.00	     0.0000	    0.00277	    0.00277	    1.14630
19920103	 777.550000	      1.761	       1.00	     0.0000	   -0.00013	   -0.00013	    1.14482
19920106	 777.100000	      1.533	       1.00	     0.0000	   -0.00058	   -0.00058	    1.13885
19920107	 776.750000	      1.359	       0.00	     0.0000	   -0.00045	   -0.00000	    1.13861
19920108	 776.500000	      1.216	       0.00	     0.0000	   -0.00032	   -0.00000	    1.13838
19920109	 776.250000	      1.093	       0.00	     0.0000	   -0.00032	   -0.00000	    1.13815
19920110	 773.550000	      0.843	       0.00	     0.0000	   -0.00348	   -0.00000	    1.13791
19920113	 773.100000	      0.739	       0.00	     0.0000	   -0.00058	   -0.00000	    1.13768
19920114	 778.950000	      1.034	       0.00	     0.0000	    0.00757	    0.00000	    1.13745
19920115	 778.900000	      0.942	       0.00	     0.0000	   -0.00006	   -0.00000	    1.13722
19920116	 776.850000	      0.723	       0.00	     0.0000	   -0.00263	   -0.00000	    1.13699
19920117	 776.600000	      0.637	       0.00	     0.0000	   -0.00032	   -0.00000	    1.13675
19920120	 774.700000	      0.410	       0.00	     0.0000	   -0.00245	   -0.00000	    1.13652
19920121	 771.750000	      0.014	       0.00	     0.0000	   -0.00381	   -0.00000	    1.13629
19920122	 776.550000	      0.524	       0.00	     0.0000	    0.00622	    0.00000	    1.13606
19920123	 772.400000	     -0.272	       0.00	     0.0000	   -0.00534	   -0.00000	    1.13583
19920124	 773.050000	     -0.378	       0.00	     0.0000	    0.00084	    0.00000	    1.13560
19920127	 772.900000	     -0.683	       0.00	     0.0000	   -0.00019	   -0.00000	    1.13537
19920128	 772.750000	     -1.182	       0.00	     0.0000	   -0.00019	   -0.00000	    1.13514
19920129	 768.200000	     -2.557	      -1.00	     0.0000	   -0.00589	    0.00589	    1.17391
19920130	 769.350000	     -1.837	      -1.00	     0.0000	    0.00150	   -0.00150	    1.15841
19920131	 765.900000	     -2.400	      -1.00	     0.0000	   -0.00448	    0.00448	    1.19053
19920203	 766.900000	     -1.830	      -1.00	     0.0000	    0.00131	   -0.00131	    1.17722
19920204	 771.100000	     -0.640	       0.00	     0.0000	    0.00548	    0.00000	    1.17698
19920205	 770.950000	     -0.613	       0.00	     0.0000	   -0.00019	   -0.00000	    1.17675
19920206	 771.750000	     -0.340	       0.00	     0.0000	    0.00104	    0.00000	    1.17651
19920207	 769.450000	     -0.889	       0.00	     0.0000	   -0.00298	   -0.00000	    1.17627
19920210	 771.200000	     -0.371	       0.00	     0.0000	    0.00227	    0.00000	    1.17603
19920211	 771.850000	     -0.174	       0.00	     0.0000	    0.00084	    0.00000	    1.17579
19920212	 775.550000	      0.959	       0.00	     0.0000	    0.00479	    0.00000	    1.17555
19920213	 771.600000	     -0.122	       0.00	     0.0000	   -0.00509	   -0.00000	    1.17532
19920214	 769.550000	     -0.729	       0.00	     0.0000	   -0.00266	   -0.00000	    1.17508
19920218	 765.600000	     -1.902	      -1.00	     0.0000	   -0.00513	    0.00513	    1.20972
19920219	 766.200000	     -1.520	      -1.00	     0.0000	    0.00078	   -0.00078	    1.20193
19920220	 771.150000	      0.165	       0.00	     0.0000	    0.00646	    0.00000	    1.20169
19920221	 769.450000	     -0.333	       0.00	     0.0000	   -0.00220	   -0.00000	    1.20144
19920224	 768.700000	     -0.556	       0.00	     0.0000	   -0.00097	   -0.00000	    1.20120
19920225	 767.600000	     -0.890	       0.00	     0.0000	   -0.00143	   -0.00000	    1.20096
19920226	 772.600000	      1.065	       0.00	     0.0000	    0.00651	    0.00000	    1.20072
19920227	 772.350000	      0.983	       0.00	     0.0000	   -0.00032	   -0.00000	    1.20048
19920228	 769.650000	     -0.110	       0.00	     0.0000	   -0.00350	   -0.00000	    1.20023
19920302	 770.300000	      0.131	       0.00	     0.0000	    0.00084	    0.00000	    1.19999
19920303	 769.700000	     -0.194	       0.00	     0.0000	   -0.00078	   -0.00000	    1.19975
19920304	 766.700000	     -1.469	       0.00	     0.0000	   -0.00390	   -0.00000	    1.19951
19920305	 764.700000	     -1.966	      -1.00	     0.0000	   -0.00261	    0.00261	    1.21998
19920306	 761.200000	     -2.550	      -1.00	     0.0000	   -0.00458	    0.00458	    1.25135
19920309	 762.750000	     -1.789	      -1.00	     0.0000	    0.00204	   -0.00204	    1.23050
19920310	 764.450000	     -1.184	       0.00	     0.0000	    0.00223	    0.00000	    1.23026
19920311	 761.950000	     -1.648	      -1.00	     0.0000	   -0.00327	    0.00327	    1.25451
19920312	 761.700000	     -1.522	      -1.00	     0.0000	   -0.00033	    0.00033	    1.25718
19920313	 763.100000	     -1.106	       0.00	     0.0000	    0.00184	    0.00000	    1.25693
19920316	 764.150000	     -0.744	       0.00	     0.0000	    0.00138	    0.00000	    1.25667
19920317	 766.850000	      0.040	       0.00	     0.0000	    0.00353	    0.00000	    1.25642
19920318	 766.850000	      0.023	       0.00	     0.0000	    0.00000	    0.00000	    1.25617
19920319	 767.100000	      0.082	       0.00	     0.0000	    0.00033	    0.00000	    1.25592
19920320	 766.900000	      0.086	       0.00	     0.0000	   -0.00026	   -0.00000	    1.25567
19920323	 767.200000	      0.209	       0.00	     0.0000	    0.00039	    0.00000	    1.25541
19920324	 765.700000	     -0.199	       0.00	     0.0000	   -0.00196	   -0.00000	    1.25516
19920325	 765.400000	     -0.258	       0.00	     0.0000	   -0.00039	   -0.00000	    1.25491
19920326	 764.800000	     -0.363	       0.00	     0.0000	   -0.00078	   -0.00000	    1.25466
19920327	 760.050000	     -1.842	      -1.00	     0.0000	   -0.00621	    0.00621	    1.29128
19920330	 759.350000	     -1.852	      -1.00	     0.0000	   -0.00092	    0.00092	    1.29882
19920331	 760.200000	     -1.460	       0.00	     0.0000	    0.00112	    0.00000	    1.29856
19920401	 761.350000	     -0.987	       0.00	     0.0000	    0.00151	    0.00000	    1.29830
19920402	 755.600000	     -2.516	      -1.00	     0.0000	   -0.00755	    0.00755	    1.33672
19920403	 757.300000	     -1.713	      -1.00	     0.0000	    0.00225	   -0.00225	    1.31440
19920406	 761.800000	     -0.381	       0.00	     0.0000	    0.00594	    0.00000	    1.31414
19920407	 753.750000	     -2.274	      -1.00	     0.0000	   -0.01057	    0.01057	    1.35220
19920408	 751.250000	     -2.337	      -1.00	     0.0000	   -0.00332	    0.00332	    1.37466
19920409	 759.200000	     -0.578	       0.00	     0.0000	    0.01058	    0.00000	    1.37438
19920410	 761.500000	     -0.081	       0.00	     0.0000	    0.00303	    0.00000	    1.37411
19920413	 761.100000	     -0.147	       0.00	     0.0000	   -0.00053	   -0.00000	    1.37383
19920414	 769.650000	      1.544	       1.00	     0.0000	    0.01123	    0.01123	    1.40922
19920415	 773.450000	      2.041	       1.00	     0.0000	    0.00494	    0.00494	    1.43779
19920416	 771.700000	      1.590	       1.00	     0.0000	   -0.00226	   -0.00226	    1.41730
19920420	 767.000000	      0.771	       0.00	     0.0000	   -0.00609	   -0.00000	    1.41701
19920421	 766.200000	      0.640	       0.00	     0.0000	   -0.00104	   -0.00000	    1.41673
19920422	 766.100000	      0.636	       0.00	     0.0000	   -0.00013	   -0.00000	    1.41645
19920423	 766.950000	      0.770	       0.00	     0.0000	    0.00111	    0.00000	    1.41617
19920424	 764.800000	      0.399	       0.00	     0.0000	   -0.00280	   -0.00000	    1.41589
19920427	 765.350000	      0.490	       0.00	     0.0000	    0.00072	    0.00000	    1.41560
19920428	 765.450000	      0.462	       0.00	     0.0000	    0.00013	    0.00000	    1.41532
19920429	 768.650000	      0.933	       0.00	     0.0000	    0.00418	    0.00000	    1.41504
19920430	 770.800000	      1.181	       0.00	     0.0000	    0.00280	    0.00000	    1.41476
19920501	 768.600000	      0.746	       0.00	     0.0000	   -0.00285	   -0.00000	    1.41448
19920504	 772.500000	      1.273	       0.00	     0.0000	    0.00507	    0.00000	    1.41420
19920505	 772.750000	      1.198	       0.00	     0.0000	    0.00032	    0.00000	    1.41392
19920506	 772.600000	      1.065	       0.00	     0.0000	   -0.00019	   -0.00000	    1.41364
19920507	 771.950000	      0.903	       0.00	     0.0000	   -0.00084	   -0.00000	    1.41336
19920508	 772.700000	      1.102	       0.00	     0.0000	    0.00097	    0.00000	    1.41308
19920511	 774.300000	      1.414	       0.00	     0.0000	    0.00207	    0.00000	    1.41280
19920512	 772.600000	      0.912	       0.00	     0.0000	   -0.00220	   -0.00000	    1.41252
19920513	 772.150000	      0.741	       0.00	     0.0000	   -0.00058	   -0.00000	    1.41224
19920514	 768.800000	     -0.311	       0.00	     0.0000	   -0.00434	   -0.00000	    1.41196
19920515	 767.200000	     -0.741	       0.00	     0.0000	   -0.00208	   -0.00000	    1.41168
19920518	 769.450000	      0.024	       0.00	     0.0000	    0.00293	    0.00000	    1.41140
19920519	 773.350000	      1.182	       0.00	     0.0000	    0.00507	    0.00000	    1.41112
19920520	 772.250000	      0.749	       0.00	     0.0000	   -0.00142	   -0.00000	    1.41084
19920521	 768.700000	     -0.474	       0.00	     0.0000	   -0.00460	   -0.00000	    1.41056
19920522	 770.150000	     -0.033	       0.00	     0.0000	    0.00189	    0.00000	    1.41029
19920526	 767.850000	     -0.969	       0.00	     0.0000	   -0.00299	   -0.00000	    1.41001
19920527	 768.700000	     -0.773	       0.00	     0.0000	    0.00111	    0.00000	    1.40973
19920528	 772.900000	      0.936	       0.00	     0.0000	    0.00546	    0.00000	    1.40945
19920529	 770.900000	     -0.053	       0.00	     0.0000	   -0.00259	   -0.00000	    1.40917
19920601	 772.800000	      0.804	       0.00	     0.0000	    0.00246	    0.00000	    1.40890
19920602	 770.450000	     -0.365	       0.00	     0.0000	   -0.00304	   -0.00000	    1.40862
19920603	 770.200000	     -0.437	       0.00	     0.0000	   -0.00032	   -0.00000	    1.40834
19920604	 769.500000	     -0.710	       0.00	     0.0000	   -0.00091	   -0.00000	    1.40806
19920605	 770.300000	     -0.262	       0.00	     0.0000	    0.00104	    0.00000	    1.40779
19920608	 769.600000	     -0.559	       0.00	     0.0000	   -0.00091	   -0.00000	    1.40751
19920609	 765.600000	     -2.154	      -1.00	     0.0000	   -0.00520	    0.00520	    1.43657
19920610	 763.600000	     -2.524	      -1.00	     0.0000	   -0.00261	    0.00261	    1.45379
19920611	 765.400000	     -1.597	      -1.00	     0.0000	    0.00236	   -0.00236	    1.43273
19920612	 765.800000	     -1.300	       0.00	     0.0000	    0.00052	    0.00000	    1.43245
19920615	 766.800000	     -0.866	       0.00	     0.0000	    0.00131	    0.00000	    1.43217
19920616	 764.100000	     -1.699	      -1.00	     0.0000	   -0.00352	    0.00352	    1.45402
19920617	 757.200000	     -2.910	      -1.00	     0.0000	   -0.00903	    0.00903	    1.48869
19920618	 756.500000	     -2.483	      -1.00	     0.0000	   -0.00092	    0.00092	    1.49506
19920619	 759.350000	     -1.631	      -1.00	     0.0000	    0.00377	   -0.00377	    1.46039
19920622	 759.250000	     -1.470	       0.00	     0.0000	   -0.00013	   -0.00000	    1.46010
19920623	 759.800000	     -1.226	       0.00	     0.0000	    0.00072	    0.00000	    1.45981
19920624	 759.650000	     -1.142	       0.00	     0.0000	   -0.00020	   -0.00000	    1.45953
19920625	 758.300000	     -1.260	       0.00	     0.0000	   -0.00178	   -0.00000	    1.45924
19920626	 759.300000	     -0.986	       0.00	     0.0000	    0.00132	    0.00000	    1.45896
19920629	 764.750000	      0.108	       0.00	     0.0000	    0.00718	    0.00000	    1.45867
19920630	 764.700000	      0.189	       0.00	     0.0000	   -0.00007	   -0.00000	    1.45839
19920701	 768.200000	      0.991	       0.00	     0.0000	    0.00458	    0.00000	    1.45810
19920702	 767.350000	      0.865	       0.00	     0.0000	   -0.00111	   -0.00000	    1.45782
19920706	 769.400000	      1.338	       0.00	     0.0000	    0.00267	    0.00000	    1.45753
19920707	 763.150000	     -0.019	       0.00	     0.0000	   -0.00812	   -0.00000	    1.45725
19920708	 765.750000	      0.702	       0.00	     0.0000	    0.00341	    0.00000	    1.45696
19920709	 770.300000	      1.699	       1.00	     0.0000	    0.00594	    0.00594	    1.48696
19920710	 770.300000	      1.521	       1.00	     0.0000	    0.00000	    0.00000	    1.48667
19920713	 769.850000	      1.313	       0.00	     0.0000	   -0.00058	   -0.00000	    1.48638
19920714	 772.900000	      1.751	       1.00	     0.0000	    0.00396	    0.00396	    1.50922
19920715	 772.400000	      1.510	       1.00	     0.0000	   -0.00065	   -0.00065	    1.50394
19920716	 772.900000	      1.440	       0.00	     0.0000	    0.00065	    0.00000	    1.50365
19920717	 770.250000	      0.883	       0.00	     0.0000	   -0.00343	   -0.00000	    1.50336
19920720	 769.150000	      0.609	       0.00	     0.0000	   -0.00143	   -0.00000	    1.50307
19920721	 768.350000	      0.385	       0.00	     0.0000	   -0.00104	   -0.00000	    1.50277
19920722	 765.550000	     -0.267	       0.00	     0.0000	   -0.00364	   -0.00000	    1.50248
19920723	 767.200000	      0.017	       0.00	     0.0000	    0.00216	    0.00000	    1.50219
19920724	 766.450000	     -0.253	       0.00	     0.0000	   -0.00098	   -0.00000	    1.50190
19920727	 766.200000	     -0.483	       0.00	     0.0000	   -0.00033	   -0.00000	    1.50160
19920728	 772.600000	      1.422	       0.00	     0.0000	    0.00835	    0.00000	    1.50131
19920729	 778.100000	      2.599	       1.00	     0.0000	    0.00712	    0.00712	    1.53298
19920730	 778.800000	      2.312	       1.00	     0.0000	    0.00090	    0.00090	    1.53894
19920731	 779.100000	      2.010	       1.00	     0.0000	    0.00039	    0.00039	    1.54140
19920803	 780.000000	      1.895	       1.00	     0.0000	    0.00116	    0.00116	    1.54901
19920804	 779.050000	      1.507	       1.00	     0.0000	   -0.00122	   -0.00122	    1.53920
19920805	 777.550000	      1.121	       0.00	     0.0000	   -0.00193	   -0.00000	    1.53891
19920806	 775.950000	      0.719	       0.00	     0.0000	   -0.00206	   -0.00000	    1.53861
19920807	 772.950000	      0.064	       0.00	     0.0000	   -0.00387	   -0.00000	    1.53831
19920810	 775.150000	      0.479	       0.00	     0.0000	    0.00285	    0.00000	    1.53801
19920811	 774.000000	      0.197	       0.00	     0.0000	   -0.00148	   -0.00000	    1.53771
19920812	 773.450000	      0.074	       0.00	     0.0000	   -0.00071	   -0.00000	    1.53742
19920813	 772.150000	     -0.200	       0.00	     0.0000	   -0.00168	   -0.00000	    1.53712
19920814	 775.500000	      0.484	       0.00	     0.0000	    0.00434	    0.00000	    1.53682
19920817	 776.100000	      0.553	       0.00	     0.0000	    0.00077	    0.00000	    1.53653
19920818	 776.050000	      0.481	       0.00	     0.0000	   -0.00006	   -0.00000	    1.53623
19920819	 773.550000	     -0.116	       0.00	     0.0000	   -0.00322	   -0.00000	    1.53593
19920820	 773.750000	     -0.177	       0.00	     0.0000	    0.00026	    0.00000	    1.53564
19920821	 769.800000	     -1.253	       0.00	     0.0000	   -0.00511	   -0.00000	    1.53534
19920824	 766.600000	     -2.102	      -1.00	     0.0000	   -0.00416	    0.00416	    1.55830
19920825	 766.400000	     -2.170	      -1.00	     0.0000	   -0.00026	    0.00026	    1.55986
19920826	 768.550000	     -1.470	       0.00	     0.0000	    0.00281	    0.00000	    1.55956
19920827	 769.250000	     -1.172	       0.00	     0.0000	    0.00091	    0.00000	    1.55926
19920828	 769.800000	     -0.944	       0.00	     0.0000	    0.00071	    0.00000	    1.55896
19920831	 769.350000	     -0.967	       0.00	     0.0000	   -0.00058	   -0.00000	    1.55866
19920901	 771.000000	     -0.468	       0.00	     0.0000	    0.00214	    0.00000	    1.55836
19920902	 773.300000	      0.280	       0.00	     0.0000	    0.00298	    0.00000	    1.55806
19920903	 773.750000	      0.507	       0.00	     0.0000	    0.00058	    0.00000	    1.55776
19920904	 771.850000	     -0.056	       0.00	     0.0000	   -0.00246	   -0.00000	    1.55746
19920908	 769.800000	     -0.700	       0.00	     0.0000	   -0.00266	   -0.00000	    1.55716
19920909	 771.850000	      0.050	       0.00	     0.0000	    0.00266	    0.00000	    1.55686
19920910	 774.900000	      1.089	       0.00	     0.0000	    0.00395	    0.00000	    1.55657
19920911	 774.550000	      0.936	       0.00	     0.0000	   -0.00045	   -0.00000	    1.55627
19920914	 780.250000	      2.325	       1.00	     0.0000	    0.00736	    0.00736	    1.58704
19920915	 775.000000	      0.823	       0.00	     0.0000	   -0.00673	   -0.00000	    1.58674
19920916	 775.050000	      0.865	       0.00	     0.0000	    0.00006	    0.00000	    1.58643
19920917	 775.350000	      0.974	       0.00	     0.0000	    0.00039	    0.00000	    1.58613
19920918	 778.800000	      1.771	       1.00	     0.0000	    0.00445	    0.00445	    1.60954
19920921	 777.650000	      1.343	       0.00	     0.0000	   -0.00148	   -0.00000	    1.60924
19920922	 772.700000	      0.012	       0.00	     0.0000	   -0.00637	   -0.00000	    1.60893
19920923	 772.750000	     -0.056	       0.00	     0.0000	    0.00006	    0.00000	    1.60862
19920924	 774.000000	      0.217	       0.00	     0.0000	    0.00162	    0.00000	    1.60831
19920925	 769.550000	     -1.225	       0.00	     0.0000	   -0.00575	   -0.00000	    1.60800
19920928	 772.000000	     -0.499	       0.00	     0.0000	    0.00318	    0.00000	    1.60770
19920929	 772.650000	     -0.340	       0.00	     0.0000	    0.00084	    0.00000	    1.60739
19920930	 773.450000	     -0.137	       0.00	     0.0000	    0.00104	    0.00000	    1.60708
19921001	 770.750000	     -1.128	       0.00	     0.0000	   -0.00349	   -0.00000	    1.60678
19921002	 765.000000	     -2.531	      -1.00	     0.0000	   -0.00746	    0.00746	    1.63670
19921005	 763.250000	     -2.420	      -1.00	     0.0000	   -0.00229	    0.00229	    1.65029
19921006	 762.350000	     -2.193	      -1.00	     0.0000	   -0.00118	    0.00118	    1.65766
19921007	 758.850000	     -2.395	      -1.00	     0.0000	   -0.00459	    0.00459	    1.68083
19921008	 762.950000	     -1.475	       0.00	     0.0000	    0.00540	    0.00000	    1.68051
19921009	 758.200000	     -1.947	      -1.00	     0.0000	   -0.00623	    0.00623	    1.70761
19921012	 762.000000	     -1.224	       0.00	     0.0000	    0.00501	    0.00000	    1.70728
19921013	 764.400000	     -0.786	       0.00	     0.0000	    0.00315	    0.00000	    1.70696
19921014	 763.950000	     -0.778	       0.00	     0.0000	   -0.00059	   -0.00000	    1.70663
19921015	 764.950000	     -0.552	       0.00	     0.0000	    0.00131	    0.00000	    1.70631
19921016	 766.150000	     -0.296	       0.00	     0.0000	    0.00157	    0.00000	    1.70598
19921019	 770.850000	      0.603	       0.00	     0.0000	    0.00613	    0.00000	    1.70566
19921020	 770.750000	      0.702	       0.00	     0.0000	   -0.00013	   -0.00000	    1.70533
19921021	 770.600000	      0.705	       0.00	     0.0000	   -0.00019	   -0.00000	    1.70501
19921022	 770.150000	      0.655	       0.00	     0.0000	   -0.00058	   -0.00000	    1.70468
19921023	 768.950000	      0.480	       0.00	     0.0000	   -0.00156	   -0.00000	    1.70436
19921026	 773.050000	      1.292	       0.00	     0.0000	    0.00533	    0.00000	    1.70404
19921027	 773.100000	      1.274	       0.00	     0.0000	    0.00006	    0.00000	    1.70371
19921028	 775.350000	      1.650	       1.00	     0.0000	    0.00291	    0.00291	    1.71996
19921029	 775.350000	      1.588	       1.00	     0.0000	    0.00000	    0.00000	    1.71963
19921030	 772.900000	      1.072	       0.00	     0.0000	   -0.00316	   -0.00000	    1.71931
19921102	 777.150000	      1.650	       1.00	     0.0000	    0.00550	    0.00550	    1.74432
19921103	 774.950000	      1.140	       0.00	     0.0000	   -0.00283	   -0.00000	    1.74399
19921104	 771.300000	      0.439	       0.00	     0.0000	   -0.00471	   -0.00000	    1.74366
19921105	 773.400000	      0.747	       0.00	     0.0000	    0.00272	    0.00000	    1.74333
19921106	 772.200000	      0.446	       0.00	     0.0000	   -0.00155	   -0.00000	    1.74299
19921109	 773.100000	      0.573	       0.00	     0.0000	    0.00117	    0.00000	    1.74266
19921110	 773.500000	      0.605	       0.00	     0.0000	    0.00052	    0.00000	    1.74233
19921111	 777.650000	      1.588	       1.00	     0.0000	    0.00537	    0.00537	    1.76674
19921112	 777.950000	      1.597	       1.00	     0.0000	    0.00039	    0.00039	    1.76896
19921113	 778.150000	      1.595	       1.00	     0.0000	    0.00026	    0.00026	    1.77033
19921116	 775.850000	      0.815	       0.00	     0.0000	   -0.00296	   -0.00000	    1.77000
19921117	 774.600000	      0.298	       0.00	     0.0000	   -0.00161	   -0.00000	    1.76966
19921118	 778.150000	      1.467	       0.00	     0.0000	    0.00458	    0.00000	    1.76933
19921119	 778.550000	      1.457	       0.00	     0.0000	    0.00051	    0.00000	    1.76899
19921120	 781.700000	      2.222	       1.00	     0.0000	    0.00405	    0.00405	    1.78929
19921123	 780.350000	      1.664	       1.00	     0.0000	   -0.00173	   -0.00173	    1.77611
19921124	 783.200000	      2.205	       1.00	     0.0000	    0.00365	    0.00365	    1.79491
19921125	 784.500000	      2.169	       1.00	     0.0000	    0.00166	    0.00166	    1.80458
19921127	 785.500000	      2.048	       1.00	     0.0000	    0.00127	    0.00127	    1.81212
19921130	 786.050000	      1.869	       1.00	     0.0000	    0.00070	    0.00070	    1.81627
19921201	 786.200000	      1.676	       1.00	     0.0000	    0.00019	    0.00019	    1.81719
19921202	 785.000000	      1.285	       0.00	     0.0000	   -0.00153	   -0.00000	    1.81684
19921203	 785.350000	      1.224	       0.00	     0.0000	    0.00045	    0.00000	    1.81650
19921204	 787.800000	      1.553	       1.00	     0.0000	    0.00312	    0.00312	    1.83302
19921207	 790.400000	      1.815	       1.00	     0.0000	    0.00330	    0.00330	    1.85021
19921208	 792.850000	      1.999	       1.00	     0.0000	    0.00310	    0.00310	    1.86651
19921209	 790.850000	      1.495	       0.00	     0.0000	   -0.00252	   -0.00000	    1.86616
19921210	 789.650000	      1.184	       0.00	     0.0000	   -0.00152	   -0.00000	    1.86581
19921211	 788.950000	      0.957	       0.00	     0.0000	   -0.00089	   -0.00000	    1.86546
19921214	 788.350000	      0.764	       0.00	     0.0000	   -0.00076	   -0.00000	    1.86511
19921215	 788.550000	      0.725	       0.00	     0.0000	    0.00025	    0.00000	    1.86476
19921216	 786.750000	      0.292	       0.00	     0.0000	   -0.00228	   -0.00000	    1.86441
19921217	 791.100000	      1.207	       0.00	     0.0000	    0.00553	    0.00000	    1.86406
19921218	 795.850000	      2.121	       1.00	     0.0000	    0.00600	    0.00600	    1.88848
19921221	 796.050000	      1.983	       1.00	     0.0000	    0.00025	    0.00025	    1.88976
19921222	 796.450000	      1.842	       1.00	     0.0000	    0.00050	    0.00050	    1.89261
19921223	 795.450000	      1.505	       1.00	     0.0000	   -0.00126	   -0.00126	    1.88333
19921224	 795.150000	      1.311	       0.00	     0.0000	   -0.00038	   -0.00000	    1.88298
19921228	 793.700000	      0.868	       0.00	     0.0000	   -0.00182	   -0.00000	    1.88262
19921229	 792.900000	      0.593	       0.00	     0.0000	   -0.00101	   -0.00000	    1.88227
19921230	 793.900000	      0.776	       0.00	     0.0000	    0.00126	    0.00000	    1.88192
19921231	 792.150000	      0.240	       0.00	     0.0000	   -0.00220	   -0.00000	    1.88157
19930104	 790.000000	     -0.468	       0.00	     0.0000	   -0.00271	   -0.00000	    1.88121
19930105	 789.100000	     -0.867	       0.00	     0.0000	   -0.00114	   -0.00000	    1.88086
19930106	 789.750000	     -0.705	       0.00	     0.0000	    0.00082	    0.00000	    1.88051
19930107	 784.700000	     -2.075	      -1.00	     0.0000	   -0.00639	    0.00639	    1.90520
19930108	 784.200000	     -1.900	      -1.00	     0.0000	   -0.00064	    0.00064	    1.90883
19930111	 785.500000	     -1.396	       0.00	     0.0000	    0.00166	    0.00000	    1.90848
19930112	 785.950000	     -1.190	       0.00	     0.0000	    0.00057	    0.00000	    1.90812
19930113	 787.850000	     -0.694	       0.00	     0.0000	    0.00242	    0.00000	    1.90776
19930114	 790.800000	      0.011	       0.00	     0.0000	    0.00374	    0.00000	    1.90741
19930115	 790.950000	      0.020	       0.00	     0.0000	    0.00019	    0.00000	    1.90705
19930118	 791.800000	      0.180	       0.00	     0.0000	    0.00107	    0.00000	    1.90670
19930119	 790.050000	     -0.263	       0.00	     0.0000	   -0.00221	   -0.00000	    1.90634
19930120	 787.650000	     -0.805	       0.00	     0.0000	   -0.00304	   -0.00000	    1.90599
19930121	 790.800000	      0.108	       0.00	     0.0000	    0.00400	    0.00000	    1.90563
19930122	 791.150000	      0.301	       0.00	     0.0000	    0.00044	    0.00000	    1.90528
19930125	 794.850000	      1.462	       0.00	     0.0000	    0.00468	    0.00000	    1.90492
19930126	 794.300000	      1.329	       0.00	     0.0000	   -0.00069	   -0.00000	    1.90457
19930127	 792.600000	      0.822	       0.00	     0.0000	   -0.00214	   -0.00000	    1.90421
19930128	 793.300000	      1.035	       0.00	     0.0000	    0.00088	    0.00000	    1.90386
19930129	 792.750000	      0.894	       0.00	     0.0000	   -0.00069	   -0.00000	    1.90350
19930201	 797.000000	      1.988	       1.00	     0.0000	    0.00536	    0.00536	    1.92611
