19960119	   1.521600	     -1.182	       0.00	     0.0000	   -0.00098	   -0.00000	    0.00000
19960122	   1.516100	     -1.252	      -1.00	     0.0000	   -0.00361	    0.00361	    0.24772
19960123	   1.508900	     -1.345	      -1.00	     0.0000	   -0.00475	    0.00475	    0.34715
19960124	   1.511400	     -1.144	       0.00	     0.0000	    0.00166	    0.00000	    0.34710
19960125	   1.488400	     -1.643	      -1.00	     0.0000	   -0.01522	    0.01522	    0.35728
19960126	   1.492700	     -1.359	      -1.00	     0.0000	    0.00289	   -0.00289	    0.30867
19960129	   1.492100	     -1.254	      -1.00	     0.0000	   -0.00040	    0.00040	    0.31454
19960130	   1.501900	     -0.882	       0.00	     0.0000	    0.00657	    0.00000	    0.31450
19960131	   1.510800	     -0.556	       0.00	     0.0000	    0.00593	    0.00000	    0.31447
19960201	   1.514800	     -0.366	       0.00	     0.0000	    0.00265	    0.00000	    0.31443
19960202	   1.523300	     -0.025	       0.00	     0.0000	    0.00561	    0.00000	    0.31439
19960205	   1.506700	     -0.508	       0.00	     0.0000	   -0.01090	   -0.00000	    0.31435
19960206	   1.507100	     -0.423	       0.00	     0.0000	    0.00027	    0.00000	    0.31432
19960207	   1.515300	      0.075	       0.00	     0.0000	    0.00544	    0.00000	    0.31428
19960208	   1.522100	      0.892	       0.00	     0.0000	    0.00449	    0.00000	    0.31424
19960209	   1.526900	      1.529	       1.00	     0.0000	    0.00315	    0.00315	    0.35486
19960212	   1.527600	      1.457	       1.00	     0.0000	    0.00046	    0.00046	    0.36139
19960213	   1.558100	      2.946	       1.00	     0.0000	    0.01997	    0.01997	    0.42227
19960214	   1.572800	      2.840	       1.00	     0.0000	    0.00943	    0.00943	    0.48111
19960215	   1.560700	      1.901	       1.00	     0.0000	   -0.00769	   -0.00769	    0.39767
19960216	   1.559400	      1.635	       1.00	     0.0000	   -0.00083	   -0.00083	    0.39032
19960220	   1.554600	      1.302	       1.00	     0.0000	   -0.00308	   -0.00308	    0.36185
19960221	   1.579100	      1.948	       1.00	     0.0000	    0.01576	    0.01576	    0.43593
19960222	   1.596000	      2.126	       1.00	     0.0000	    0.01070	    0.01070	    0.49088
19960223	   1.597300	      1.860	       1.00	     0.0000	    0.00081	    0.00081	    0.49649
19960226	   1.619200	      2.125	       1.00	     0.0000	    0.01371	    0.01371	    0.55255
19960227	   1.625600	      1.980	       1.00	     0.0000	    0.00395	    0.00395	    0.57545
19960228	   1.610300	      1.447	       1.00	     0.0000	   -0.00941	   -0.00941	    0.49797
19960229	   1.619700	      1.508	       1.00	     0.0000	    0.00584	    0.00584	    0.52921
19960301	   1.610000	      1.156	       0.00	     0.0000	   -0.00599	   -0.00000	    0.52915
19960304	   1.597300	      0.769	       0.00	     0.0000	   -0.00789	   -0.00000	    0.52908
19960305	   1.605800	      0.890	       0.00	     0.0000	    0.00532	    0.00000	    0.52902
19960306	   1.618000	      1.102	       0.00	     0.0000	    0.00760	    0.00000	    0.52896
19960307	   1.613600	      0.916	       0.00	     0.0000	   -0.00272	   -0.00000	    0.52890
19960308	   1.610200	      0.754	       0.00	     0.0000	   -0.00211	   -0.00000	    0.52884
19960311	   1.627300	      1.189	       0.00	     0.0000	    0.01062	    0.00000	    0.52877
19960312	   1.624100	      1.029	       0.00	     0.0000	   -0.00197	   -0.00000	    0.52871
19960313	   1.621700	      0.913	       0.00	     0.0000	   -0.00148	   -0.00000	    0.52865
19960314	   1.626500	      1.025	       0.00	     0.0000	    0.00296	    0.00000	    0.52859
19960315	   1.654500	      1.920	       1.00	     0.0000	    0.01721	    0.01721	    0.58320
19960318	   1.678600	      2.426	       1.00	     0.0000	    0.01457	    0.01457	    0.63160
19960319	   1.698400	      2.596	       1.00	     0.0000	    0.01180	    0.01180	    0.67344
19960320	   1.707000	      2.472	       1.00	     0.0000	    0.00506	    0.00506	    0.69608
19960321	   1.689100	      1.719	       1.00	     0.0000	   -0.01049	   -0.01049	    0.62541
19960322	   1.702300	      1.831	       1.00	     0.0000	    0.00781	    0.00781	    0.65683
19960325	   1.711300	      1.811	       1.00	     0.0000	    0.00529	    0.00529	    0.67955
19960326	   1.714000	      1.648	       1.00	     0.0000	    0.00158	    0.00158	    0.68707
19960327	   1.718200	      1.546	       1.00	     0.0000	    0.00245	    0.00245	    0.69845
19960328	   1.702000	      1.068	       0.00	     0.0000	   -0.00943	   -0.00000	    0.69837
19960329	   1.703400	      0.999	       0.00	     0.0000	    0.00082	    0.00000	    0.69829
19960401	   1.715700	      1.157	       0.00	     0.0000	    0.00722	    0.00000	    0.69821
19960402	   1.733100	      1.409	       1.00	     0.0000	    0.01014	    0.01014	    0.73361
19960403	   1.718100	      0.984	       0.00	     0.0000	   -0.00866	   -0.00000	    0.73352
19960404	   1.731600	      1.184	       0.00	     0.0000	    0.00786	    0.00000	    0.73344
19960408	   1.737800	      1.225	       0.00	     0.0000	    0.00358	    0.00000	    0.73335
19960409	   1.742300	      1.250	       1.00	     0.0000	    0.00259	    0.00259	    0.74502
19960410	   1.761000	      1.579	       1.00	     0.0000	    0.01073	    0.01073	    0.78005
19960411	   1.776100	      1.810	       1.00	     0.0000	    0.00857	    0.00857	    0.80995
19960412	   1.756100	      1.247	       0.00	     0.0000	   -0.01126	   -0.00000	    0.80985
19960415	   1.762100	      1.428	       1.00	     0.0000	    0.00342	    0.00342	    0.82418
19960416	   1.731300	      0.310	       0.00	     0.0000	   -0.01748	   -0.00000	    0.82409
19960417	   1.716800	     -0.351	       0.00	     0.0000	   -0.00838	   -0.00000	    0.82399
19960418	   1.689900	     -1.435	      -1.00	     0.0000	   -0.01567	    0.01567	    0.86001
19960419	   1.693100	     -1.241	       0.00	     0.0000	    0.00189	    0.00000	    0.85991
19960422	   1.686500	     -1.489	      -1.00	     0.0000	   -0.00390	    0.00390	    0.87523
19960423	   1.701700	     -0.883	       0.00	     0.0000	    0.00901	    0.00000	    0.87513
19960424	   1.701100	     -0.875	       0.00	     0.0000	   -0.00035	   -0.00000	    0.87503
19960425	   1.701800	     -0.813	       0.00	     0.0000	    0.00041	    0.00000	    0.87492
19960426	   1.707500	     -0.569	       0.00	     0.0000	    0.00335	    0.00000	    0.87482
19960429	   1.723500	      0.006	       0.00	     0.0000	    0.00937	    0.00000	    0.87472
19960430	   1.705000	     -0.720	       0.00	     0.0000	   -0.01073	   -0.00000	    0.87462
19960501	   1.695700	     -1.020	       0.00	     0.0000	   -0.00545	   -0.00000	    0.87452
19960502	   1.693500	     -1.008	       0.00	     0.0000	   -0.00130	   -0.00000	    0.87442
19960503	   1.701500	     -0.673	       0.00	     0.0000	    0.00472	    0.00000	    0.87431
19960506	   1.699700	     -0.678	       0.00	     0.0000	   -0.00106	   -0.00000	    0.87421
19960507	   1.702000	     -0.535	       0.00	     0.0000	    0.00135	    0.00000	    0.87411
19960508	   1.702800	     -0.445	       0.00	     0.0000	    0.00047	    0.00000	    0.87401
19960509	   1.699700	     -0.489	       0.00	     0.0000	   -0.00182	   -0.00000	    0.87391
19960510	   1.703600	     -0.238	       0.00	     0.0000	    0.00229	    0.00000	    0.87381
19960513	   1.716000	      0.574	       0.00	     0.0000	    0.00728	    0.00000	    0.87370
19960514	   1.707300	      0.324	       0.00	     0.0000	   -0.00507	   -0.00000	    0.87360
19960515	   1.702200	     -0.026	       0.00	     0.0000	   -0.00299	   -0.00000	    0.87350
19960516	   1.684100	     -1.868	      -1.00	     0.0000	   -0.01063	    0.01063	    0.90435
19960517	   1.683500	     -1.803	      -1.00	     0.0000	   -0.00036	    0.00036	    0.90581
19960520	   1.703300	      0.242	       0.00	     0.0000	    0.01176	    0.00000	    0.90570
19960521	   1.699700	     -0.227	       0.00	     0.0000	   -0.00211	   -0.00000	    0.90560
19960522	   1.712700	      1.161	       0.00	     0.0000	    0.00765	    0.00000	    0.90549
19960523	   1.704800	      0.268	       0.00	     0.0000	   -0.00461	   -0.00000	    0.90539
19960524	   1.708400	      0.624	       0.00	     0.0000	    0.00211	    0.00000	    0.90528
19960528	   1.702800	      0.037	       0.00	     0.0000	   -0.00328	   -0.00000	    0.90518
19960529	   1.700800	     -0.076	       0.00	     0.0000	   -0.00117	   -0.00000	    0.90507
19960530	   1.685200	     -1.811	      -1.00	     0.0000	   -0.00917	    0.00917	    0.93293
19960531	   1.680800	     -2.013	      -1.00	     0.0000	   -0.00261	    0.00261	    0.94321
19960603	   1.682600	     -1.654	      -1.00	     0.0000	    0.00107	   -0.00107	    0.93826
19960604	   1.685300	     -1.255	      -1.00	     0.0000	    0.00160	   -0.00160	    0.93078
19960605	   1.678600	     -1.663	      -1.00	     0.0000	   -0.00398	    0.00398	    0.94565
19960606	   1.680500	     -1.343	      -1.00	     0.0000	    0.00113	   -0.00113	    0.94043
19960607	   1.687900	     -0.656	       0.00	     0.0000	    0.00440	    0.00000	    0.94033
19960610	   1.684100	     -0.896	       0.00	     0.0000	   -0.00225	   -0.00000	    0.94022
19960611	   1.678000	     -1.261	      -1.00	     0.0000	   -0.00362	    0.00362	    0.95389
19960612	   1.678900	     -1.109	       0.00	     0.0000	    0.00054	    0.00000	    0.95378
19960613	   1.679600	     -0.959	       0.00	     0.0000	    0.00042	    0.00000	    0.95367
19960614	   1.685600	     -0.379	       0.00	     0.0000	    0.00357	    0.00000	    0.95356
19960617	   1.703500	      1.099	       0.00	     0.0000	    0.01062	    0.00000	    0.95345
19960618	   1.695100	      0.327	       0.00	     0.0000	   -0.00493	   -0.00000	    0.95334
19960619	   1.681300	     -0.794	       0.00	     0.0000	   -0.00814	   -0.00000	    0.95323
19960620	   1.685300	     -0.386	       0.00	     0.0000	    0.00238	    0.00000	    0.95312
19960621	   1.684400	     -0.391	       0.00	     0.0000	   -0.00053	   -0.00000	    0.95301
19960624	   1.684100	     -0.347	       0.00	     0.0000	   -0.00018	   -0.00000	    0.95290
19960625	   1.681800	     -0.538	       0.00	     0.0000	   -0.00137	   -0.00000	    0.95279
19960626	   1.692000	      0.933	       0.00	     0.0000	    0.00606	    0.00000	    0.95268
19960627	   1.704500	      2.540	       1.00	     0.0000	    0.00739	    0.00739	    0.97630
19960628	   1.705800	      2.223	       1.00	     0.0000	    0.00076	    0.00076	    0.97938
19960701	   1.718200	      2.730	       1.00	     0.0000	    0.00727	    0.00727	    1.00241
19960702	   1.709600	      1.693	       1.00	     0.0000	   -0.00501	   -0.00501	    0.97729
19960703	   1.713900	      1.781	       1.00	     0.0000	    0.00252	    0.00252	    0.98691
19960708	   1.715700	      1.687	       1.00	     0.0000	    0.00105	    0.00105	    0.99109
19960709	   1.719400	      1.715	       1.00	     0.0000	    0.00216	    0.00216	    0.99942
19960710	   1.722700	      1.695	       1.00	     0.0000	    0.00192	    0.00192	    1.00688
19960711	   1.733800	      2.031	       1.00	     0.0000	    0.00644	    0.00644	    1.02770
19960712	   1.733000	      1.747	       1.00	     0.0000	   -0.00046	   -0.00046	    1.02561
19960715	   1.744000	      2.019	       1.00	     0.0000	    0.00635	    0.00635	    1.04602
19960716	   1.738600	      1.561	       1.00	     0.0000	   -0.00310	   -0.00310	    1.03151
19960717	   1.730000	      1.031	       0.00	     0.0000	   -0.00495	   -0.00000	    1.03139
19960718	   1.734200	      1.130	       0.00	     0.0000	    0.00243	    0.00000	    1.03127
19960719	   1.727000	      0.710	       0.00	     0.0000	   -0.00415	   -0.00000	    1.03115
19960722	   1.725300	      0.556	       0.00	     0.0000	   -0.00098	   -0.00000	    1.03104
19960723	   1.726200	      0.530	       0.00	     0.0000	    0.00052	    0.00000	    1.03092
19960724	   1.726300	      0.463	       0.00	     0.0000	    0.00006	    0.00000	    1.03080
19960725	   1.729300	      0.573	       0.00	     0.0000	    0.00174	    0.00000	    1.03068
19960726	   1.717300	     -0.394	       0.00	     0.0000	   -0.00694	   -0.00000	    1.03056
19960729	   1.717200	     -0.593	       0.00	     0.0000	   -0.00006	   -0.00000	    1.03044
19960730	   1.721500	     -0.285	       0.00	     0.0000	    0.00250	    0.00000	    1.03032
19960731	   1.732200	      0.766	       0.00	     0.0000	    0.00622	    0.00000	    1.03021
19960801	   1.740400	      1.512	       1.00	     0.0000	    0.00473	    0.00473	    1.04644
19960802	   1.752200	      2.385	       1.00	     0.0000	    0.00678	    0.00678	    1.06746
19960805	   1.748000	      1.750	       1.00	     0.0000	   -0.00240	   -0.00240	    1.05657
19960806	   1.739400	      0.824	       0.00	     0.0000	   -0.00492	   -0.00000	    1.05645
19960807	   1.747300	      1.467	       1.00	     0.0000	    0.00454	    0.00454	    1.07193
19960808	   1.753000	      1.777	       1.00	     0.0000	    0.00326	    0.00326	    1.08360
19960809	   1.750000	      1.352	       1.00	     0.0000	   -0.00171	   -0.00171	    1.07601
19960812	   1.760700	      1.960	       1.00	     0.0000	    0.00611	    0.00611	    1.09524
19960813	   1.765200	      2.008	       1.00	     0.0000	    0.00256	    0.00256	    1.10455
19960814	   1.769200	      1.958	       1.00	     0.0000	    0.00227	    0.00227	    1.11288
19960815	   1.761900	      1.337	       1.00	     0.0000	   -0.00413	   -0.00413	    1.09335
19960816	   1.781400	      2.108	       1.00	     0.0000	    0.01107	    0.01107	    1.11946
19960819	   1.790900	      2.171	       1.00	     0.0000	    0.00533	    0.00533	    1.13636
19960820	   1.781800	      1.542	       1.00	     0.0000	   -0.00508	   -0.00508	    1.11218
19960821	   1.774900	      1.113	       0.00	     0.0000	   -0.00387	   -0.00000	    1.11205
19960822	   1.789900	      1.595	       1.00	     0.0000	    0.00845	    0.00845	    1.13485
19960823	   1.784900	      1.245	       0.00	     0.0000	   -0.00279	   -0.00000	    1.13472
19960826	   1.777200	      0.838	       0.00	     0.0000	   -0.00431	   -0.00000	    1.13459
19960827	   1.776600	      0.747	       0.00	     0.0000	   -0.00034	   -0.00000	    1.13447
19960828	   1.782800	      1.005	       0.00	     0.0000	    0.00349	    0.00000	    1.13434
19960829	   1.798500	      1.720	       1.00	     0.0000	    0.00881	    0.00881	    1.15729
19960830	   1.795800	      1.434	       1.00	     0.0000	   -0.00150	   -0.00150	    1.15099
19960903	   1.815600	      2.142	       1.00	     0.0000	    0.01103	    0.01103	    1.17580
19960904	   1.809200	      1.622	       1.00	     0.0000	   -0.00353	   -0.00353	    1.16038
19960905	   1.815400	      1.765	       1.00	     0.0000	    0.00343	    0.00343	    1.17168
19960906	   1.826300	      2.028	       1.00	     0.0000	    0.00600	    0.00600	    1.18927
19960909	   1.823600	      1.701	       1.00	     0.0000	   -0.00148	   -0.00148	    1.18320
19960910	   1.830100	      1.812	       1.00	     0.0000	    0.00356	    0.00356	    1.19479
19960911	   1.844100	      2.107	       1.00	     0.0000	    0.00765	    0.00765	    1.21516
19960912	   1.852500	      2.099	       1.00	     0.0000	    0.00456	    0.00456	    1.22918
19960913	   1.839500	      1.429	       1.00	     0.0000	   -0.00702	   -0.00702	    1.19566
19960916	   1.817400	      0.503	       0.00	     0.0000	   -0.01201	   -0.00000	    1.19553
19960917	   1.818000	      0.465	       0.00	     0.0000	    0.00033	    0.00000	    1.19539
19960918	   1.836100	      1.110	       0.00	     0.0000	    0.00996	    0.00000	    1.19525
19960919	   1.826100	      0.628	       0.00	     0.0000	   -0.00545	   -0.00000	    1.19512
19960920	   1.832200	      0.807	       0.00	     0.0000	    0.00334	    0.00000	    1.19498
19960923	   1.834000	      0.804	       0.00	     0.0000	    0.00098	    0.00000	    1.19484
19960924	   1.854800	      1.561	       1.00	     0.0000	    0.01134	    0.01134	    1.21888
19960925	   1.867700	      1.923	       1.00	     0.0000	    0.00695	    0.00695	    1.23757
19960926	   1.860800	      1.535	       1.00	     0.0000	   -0.00369	   -0.00369	    1.22202
19960927	   1.867100	      1.715	       1.00	     0.0000	    0.00339	    0.00339	    1.23268
19960930	   1.863600	      1.419	       1.00	     0.0000	   -0.00187	   -0.00187	    1.22521
19961001	   1.863500	      1.331	       1.00	     0.0000	   -0.00005	   -0.00005	    1.22487
19961002	   1.872700	      1.610	       1.00	     0.0000	    0.00494	    0.00494	    1.23938
19961003	   1.895900	      2.331	       1.00	     0.0000	    0.01239	    0.01239	    1.26297
19961004	   1.896200	      2.021	       1.00	     0.0000	    0.00016	    0.00016	    1.26339
19961007	   1.919100	      2.401	       1.00	     0.0000	    0.01208	    0.01208	    1.28647
19961008	   1.922900	      2.131	       1.00	     0.0000	    0.00198	    0.00198	    1.29278
19961009	   1.903900	      1.355	       1.00	     0.0000	   -0.00988	   -0.00988	    1.24518
19961010	   1.873900	      0.356	       0.00	     0.0000	   -0.01576	   -0.00000	    1.24504
19961011	   1.878700	      0.469	       0.00	     0.0000	    0.00256	    0.00000	    1.24490
19961014	   1.902900	      1.123	       0.00	     0.0000	    0.01288	    0.00000	    1.24476
19961015	   1.893400	      0.751	       0.00	     0.0000	   -0.00499	   -0.00000	    1.24462
19961016	   1.878100	      0.165	       0.00	     0.0000	   -0.00808	   -0.00000	    1.24448
19961017	   1.885800	      0.374	       0.00	     0.0000	    0.00410	    0.00000	    1.24433
19961018	   1.902900	      0.951	       0.00	     0.0000	    0.00907	    0.00000	    1.24419
19961021	   1.898600	      0.712	       0.00	     0.0000	   -0.00226	   -0.00000	    1.24405
19961022	   1.898000	      0.627	       0.00	     0.0000	   -0.00032	   -0.00000	    1.24391
19961023	   1.874900	     -0.640	       0.00	     0.0000	   -0.01217	   -0.00000	    1.24377
19961024	   1.870300	     -0.902	       0.00	     0.0000	   -0.00245	   -0.00000	    1.24363
19961025	   1.882800	     -0.292	       0.00	     0.0000	    0.00668	    0.00000	    1.24349
19961028	   1.881600	     -0.415	       0.00	     0.0000	   -0.00064	   -0.00000	    1.24335
19961029	   1.865800	     -1.377	      -1.00	     0.0000	   -0.00840	    0.00840	    1.26338
19961030	   1.854700	     -1.932	      -1.00	     0.0000	   -0.00595	    0.00595	    1.27927
19961031	   1.834600	     -2.500	      -1.00	     0.0000	   -0.01084	    0.01084	    1.30128
19961101	   1.832100	     -2.161	      -1.00	     0.0000	   -0.00136	    0.00136	    1.30554
19961104	   1.825600	     -2.043	      -1.00	     0.0000	   -0.00355	    0.00355	    1.31586
19961105	   1.820300	     -1.959	      -1.00	     0.0000	   -0.00290	    0.00290	    1.32450
19961106	   1.830600	     -1.467	      -1.00	     0.0000	    0.00566	   -0.00566	    1.30106
19961107	   1.835000	     -1.189	       0.00	     0.0000	    0.00240	    0.00000	    1.30091
19961108	   1.855400	     -0.413	       0.00	     0.0000	    0.01112	    0.00000	    1.30077
19961111	   1.849600	     -0.571	       0.00	     0.0000	   -0.00313	   -0.00000	    1.30062
19961112	   1.848600	     -0.536	       0.00	     0.0000	   -0.00054	   -0.00000	    1.30047
19961113	   1.878100	      0.621	       0.00	     0.0000	    0.01596	    0.00000	    1.30033
19961114	   1.900100	      1.375	       1.00	     0.0000	    0.01171	    0.01171	    1.32241
19961115	   1.892400	      1.064	       0.00	     0.0000	   -0.00405	   -0.00000	    1.32226
19961118	   1.885700	      0.881	       0.00	     0.0000	   -0.00354	   -0.00000	    1.32211
19961119	   1.902700	      1.505	       1.00	     0.0000	    0.00902	    0.00902	    1.34185
19961120	   1.887200	      0.962	       0.00	     0.0000	   -0.00815	   -0.00000	    1.34170
19961121	   1.904500	      1.490	       1.00	     0.0000	    0.00917	    0.00917	    1.36138
19961122	   1.894800	      1.062	       0.00	     0.0000	   -0.00509	   -0.00000	    1.36123
19961125	   1.887200	      0.781	       0.00	     0.0000	   -0.00401	   -0.00000	    1.36107
19961126	   1.881700	      0.586	       0.00	     0.0000	   -0.00291	   -0.00000	    1.36092
19961127	   1.889200	      0.798	       0.00	     0.0000	    0.00399	    0.00000	    1.36077
19961202	   1.908100	      1.308	       1.00	     0.0000	    0.01000	    0.01000	    1.38095
19961203	   1.914600	      1.374	       1.00	     0.0000	    0.00341	    0.00341	    1.39046
19961204	   1.908100	      1.062	       0.00	     0.0000	   -0.00339	   -0.00000	    1.39031
19961205	   1.923500	      1.450	       1.00	     0.0000	    0.00807	    0.00807	    1.40825
19961206	   1.919000	      1.237	       0.00	     0.0000	   -0.00234	   -0.00000	    1.40809
19961209	   1.893700	      0.215	       0.00	     0.0000	   -0.01318	   -0.00000	    1.40793
19961210	   1.868600	     -1.016	       0.00	     0.0000	   -0.01325	   -0.00000	    1.40777
19961211	   1.840600	     -2.160	      -1.00	     0.0000	   -0.01498	    0.01498	    1.42800
19961212	   1.859100	     -1.408	      -1.00	     0.0000	    0.01005	   -0.01005	    1.38402
19961213	   1.889500	     -0.118	       0.00	     0.0000	    0.01635	    0.00000	    1.38386
19961216	   1.917800	      1.191	       0.00	     0.0000	    0.01498	    0.00000	    1.38371
19961217	   1.908600	      0.708	       0.00	     0.0000	   -0.00480	   -0.00000	    1.38355
19961218	   1.913900	      0.898	       0.00	     0.0000	    0.00278	    0.00000	    1.38340
19961219	   1.911600	      0.723	       0.00	     0.0000	   -0.00120	   -0.00000	    1.38324
19961220	   1.905100	      0.408	       0.00	     0.0000	   -0.00340	   -0.00000	    1.38308
19961223	   1.888100	     -0.400	       0.00	     0.0000	   -0.00892	   -0.00000	    1.38293
19961224	   1.892100	     -0.183	       0.00	     0.0000	    0.00212	    0.00000	    1.38277
19961226	   1.882400	     -0.610	       0.00	     0.0000	   -0.00513	   -0.00000	    1.38262
19961227	   1.886900	     -0.398	       0.00	     0.0000	    0.00239	    0.00000	    1.38246
19961230	   1.886100	     -0.448	       0.00	     0.0000	   -0.00042	   -0.00000	    1.38231
19961231	   1.906300	      0.469	       0.00	     0.0000	    0.01071	    0.00000	    1.38215
19970102	   1.906700	      0.492	       0.00	     0.0000	    0.00021	    0.00000	    1.38199
19970103	   1.898500	      0.143	       0.00	     0.0000	   -0.00430	   -0.00000	    1.38184
19970106	   1.922000	      1.207	       0.00	     0.0000	    0.01238	    0.00000	    1.38168
19970107	   1.910500	      0.720	       0.00	     0.0000	   -0.00598	   -0.00000	    1.38153
19970108	   1.919900	      1.169	       0.00	     0.0000	    0.00492	    0.00000	    1.38137
19970109	   1.916100	      0.914	       0.00	     0.0000	   -0.00198	   -0.00000	    1.38122
19970110	   1.907100	      0.422	       0.00	     0.0000	   -0.00470	   -0.00000	    1.38106
19970113	   1.882600	     -1.123	       0.00	     0.0000	   -0.01285	   -0.00000	    1.38091
19970114	   1.879800	     -1.578	      -1.00	     0.0000	   -0.00149	    0.00149	    1.38517
19970115	   1.899800	     -0.163	       0.00	     0.0000	    0.01064	    0.00000	    1.38501
19970116	   1.884800	     -1.160	       0.00	     0.0000	   -0.00790	   -0.00000	    1.38486
19970117	   1.870000	     -1.923	      -1.00	     0.0000	   -0.00785	    0.00785	    1.40213
19970120	   1.855000	     -2.371	      -1.00	     0.0000	   -0.00802	    0.00802	    1.41948
19970121	   1.845900	     -2.345	      -1.00	     0.0000	   -0.00491	    0.00491	    1.43175
19970122	   1.854500	     -1.673	      -1.00	     0.0000	    0.00466	   -0.00466	    1.41462
19970123	   1.849100	     -1.695	      -1.00	     0.0000	   -0.00291	    0.00291	    1.42250
19970124	   1.853300	     -1.363	      -1.00	     0.0000	    0.00227	   -0.00227	    1.41471
19970127	   1.858500	     -1.070	       0.00	     0.0000	    0.00281	    0.00000	    1.41455
19970128	   1.856500	     -1.060	       0.00	     0.0000	   -0.00108	   -0.00000	    1.41440
19970129	   1.871100	     -0.466	       0.00	     0.0000	    0.00786	    0.00000	    1.41424
19970130	   1.881000	     -0.041	       0.00	     0.0000	    0.00529	    0.00000	    1.41408
19970131	   1.862000	     -0.710	       0.00	     0.0000	   -0.01010	   -0.00000	    1.41392
19970203	   1.853200	     -0.964	       0.00	     0.0000	   -0.00473	   -0.00000	    1.41376
19970204	   1.842200	     -1.297	      -1.00	     0.0000	   -0.00594	    0.00594	    1.42786
19970205	   1.833600	     -1.498	      -1.00	     0.0000	   -0.00467	    0.00467	    1.43955
19970206	   1.814900	     -2.051	      -1.00	     0.0000	   -0.01020	    0.01020	    1.45859
19970207	   1.805700	     -2.176	      -1.00	     0.0000	   -0.00507	    0.00507	    1.47090
19970210	   1.818000	     -1.567	      -1.00	     0.0000	    0.00681	   -0.00681	    1.44471
19970211	   1.819000	     -1.374	      -1.00	     0.0000	    0.00055	   -0.00055	    1.44284
19970212	   1.808900	     -1.586	      -1.00	     0.0000	   -0.00555	    0.00555	    1.45601
19970213	   1.799600	     -1.801	      -1.00	     0.0000	   -0.00514	    0.00514	    1.46838
19970214	   1.808500	     -1.331	      -1.00	     0.0000	    0.00495	   -0.00495	    1.45052
19970218	   1.794600	     -1.682	      -1.00	     0.0000	   -0.00769	    0.00769	    1.46682
19970219	   1.796300	     -1.440	      -1.00	     0.0000	    0.00095	   -0.00095	    1.46372
19970220	   1.780800	     -1.753	      -1.00	     0.0000	   -0.00863	    0.00863	    1.48100
19970221	   1.778900	     -1.603	      -1.00	     0.0000	   -0.00107	    0.00107	    1.48389
19970224	   1.755100	     -2.010	      -1.00	     0.0000	   -0.01338	    0.01338	    1.50334
19970225	   1.764200	     -1.544	      -1.00	     0.0000	    0.00518	   -0.00518	    1.48497
19970226	   1.761800	     -1.446	      -1.00	     0.0000	   -0.00136	    0.00136	    1.48859
19970227	   1.755100	     -1.462	      -1.00	     0.0000	   -0.00380	    0.00380	    1.49800
19970228	   1.743600	     -1.612	      -1.00	     0.0000	   -0.00655	    0.00655	    1.51229
19970303	   1.741000	     -1.591	      -1.00	     0.0000	   -0.00149	    0.00149	    1.51624
19970304	   1.742600	     -1.442	      -1.00	     0.0000	    0.00092	   -0.00092	    1.51329
19970305	   1.734600	     -1.556	      -1.00	     0.0000	   -0.00459	    0.00459	    1.52420
19970306	   1.743500	     -1.195	       0.00	     0.0000	    0.00513	    0.00000	    1.52403
19970307	   1.750000	     -0.912	       0.00	     0.0000	    0.00373	    0.00000	    1.52386
19970310	   1.740000	     -1.140	       0.00	     0.0000	   -0.00571	   -0.00000	    1.52369
19970311	   1.737500	     -1.114	       0.00	     0.0000	   -0.00144	   -0.00000	    1.52352
19970312	   1.750000	     -0.616	       0.00	     0.0000	    0.00719	    0.00000	    1.52335
19970313	   1.751400	     -0.494	       0.00	     0.0000	    0.00080	    0.00000	    1.52318
19970314	   1.762500	      0.044	       0.00	     0.0000	    0.00634	    0.00000	    1.52301
19970317	   1.752200	     -0.336	       0.00	     0.0000	   -0.00584	   -0.00000	    1.52284
19970318	   1.771000	      0.753	       0.00	     0.0000	    0.01073	    0.00000	    1.52267
19970319	   1.772100	      0.968	       0.00	     0.0000	    0.00062	    0.00000	    1.52250
19970320	   1.768600	      0.983	       0.00	     0.0000	   -0.00198	   -0.00000	    1.52233
19970321	   1.769000	      1.126	       0.00	     0.0000	    0.00023	    0.00000	    1.52216
19970324	   1.766500	      1.053	       0.00	     0.0000	   -0.00141	   -0.00000	    1.52199
19970325	   1.773100	      1.447	       1.00	     0.0000	    0.00374	    0.00374	    1.53116
19970326	   1.759300	      0.380	       0.00	     0.0000	   -0.00778	   -0.00000	    1.53099
19970327	   1.763600	      0.713	       0.00	     0.0000	    0.00244	    0.00000	    1.53082
19970331	   1.757500	      0.219	       0.00	     0.0000	   -0.00346	   -0.00000	    1.53065
19970401	   1.752800	     -0.193	       0.00	     0.0000	   -0.00267	   -0.00000	    1.53048
19970402	   1.738500	     -1.325	      -1.00	     0.0000	   -0.00816	    0.00816	    1.54660
19970403	   1.745900	     -0.754	       0.00	     0.0000	    0.00426	    0.00000	    1.54643
19970404	   1.744700	     -0.941	       0.00	     0.0000	   -0.00069	   -0.00000	    1.54626
19970407	   1.744500	     -0.966	       0.00	     0.0000	   -0.00011	   -0.00000	    1.54609
19970408	   1.742200	     -1.102	       0.00	     0.0000	   -0.00132	   -0.00000	    1.54592
19970409	   1.744400	     -0.955	       0.00	     0.0000	    0.00126	    0.00000	    1.54574
19970410	   1.761900	      0.468	       0.00	     0.0000	    0.01003	    0.00000	    1.54557
19970411	   1.752000	     -0.442	       0.00	     0.0000	   -0.00562	   -0.00000	    1.54540
19970414	   1.760000	      0.252	       0.00	     0.0000	    0.00457	    0.00000	    1.54523
19970415	   1.761800	      0.421	       0.00	     0.0000	    0.00102	    0.00000	    1.54506
19970416	   1.748100	     -0.810	       0.00	     0.0000	   -0.00778	   -0.00000	    1.54489
19970417	   1.753300	     -0.273	       0.00	     0.0000	    0.00297	    0.00000	    1.54472
19970418	   1.756900	      0.145	       0.00	     0.0000	    0.00205	    0.00000	    1.54454
19970421	   1.761600	      0.677	       0.00	     0.0000	    0.00268	    0.00000	    1.54437
19970422	   1.752600	     -0.193	       0.00	     0.0000	   -0.00511	   -0.00000	    1.54420
19970423	   1.756700	      0.328	       0.00	     0.0000	    0.00234	    0.00000	    1.54403
19970424	   1.764200	      1.376	       1.00	     0.0000	    0.00427	    0.00427	    1.55417
19970425	   1.761200	      0.970	       0.00	     0.0000	   -0.00170	   -0.00000	    1.55400
19970428	   1.760200	      0.885	       0.00	     0.0000	   -0.00057	   -0.00000	    1.55383
19970429	   1.773500	      2.189	       1.00	     0.0000	    0.00756	    0.00756	    1.56907
19970430	   1.772600	      1.805	       1.00	     0.0000	   -0.00051	   -0.00051	    1.56741
19970501	   1.766700	      1.112	       0.00	     0.0000	   -0.00333	   -0.00000	    1.56723
19970502	   1.753600	     -0.357	       0.00	     0.0000	   -0.00741	   -0.00000	    1.56706
19970505	   1.753900	     -0.390	       0.00	     0.0000	    0.00017	    0.00000	    1.56689
19970506	   1.758700	      0.098	       0.00	     0.0000	    0.00274	    0.00000	    1.56671
19970507	   1.754200	     -0.591	       0.00	     0.0000	   -0.00256	   -0.00000	    1.56654
19970508	   1.767200	      1.137	       0.00	     0.0000	    0.00741	    0.00000	    1.56637
19970509	   1.768600	      1.248	       0.00	     0.0000	    0.00079	    0.00000	    1.56619
19970512	   1.789900	      3.019	       1.00	     0.0000	    0.01204	    0.01204	    1.58436
19970513	   1.788200	      2.294	       1.00	     0.0000	   -0.00095	   -0.00095	    1.58139
19970514	   1.788000	      1.938	       1.00	     0.0000	   -0.00011	   -0.00011	    1.58089
19970515	   1.788000	      1.719	       1.00	     0.0000	    0.00000	    0.00000	    1.58072
19970516	   1.807400	      2.544	       1.00	     0.0000	    0.01085	    0.01085	    1.59834
19970519	   1.802200	      1.887	       1.00	     0.0000	   -0.00288	   -0.00288	    1.58914
19970520	   1.798400	      1.473	       1.00	     0.0000	   -0.00211	   -0.00211	    1.58253
19970521	   1.798500	      1.336	       1.00	     0.0000	    0.00006	    0.00006	    1.58251
19970522	   1.800200	      1.292	       1.00	     0.0000	    0.00095	    0.00095	    1.58491
19970523	   1.796500	      0.989	       0.00	     0.0000	   -0.00206	   -0.00000	    1.58473
19970527	   1.773900	     -0.289	       0.00	     0.0000	   -0.01258	   -0.00000	    1.58456
19970528	   1.774800	     -0.286	       0.00	     0.0000	    0.00051	    0.00000	    1.58438
19970529	   1.781900	      0.100	       0.00	     0.0000	    0.00400	    0.00000	    1.58421
19970530	   1.780100	     -0.024	       0.00	     0.0000	   -0.00101	   -0.00000	    1.58403
19970602	   1.784900	      0.207	       0.00	     0.0000	    0.00270	    0.00000	    1.58386
19970603	   1.767900	     -0.884	       0.00	     0.0000	   -0.00952	   -0.00000	    1.58368
19970604	   1.763300	     -1.254	      -1.00	     0.0000	   -0.00260	    0.00260	    1.59010
19970605	   1.754900	     -1.754	      -1.00	     0.0000	   -0.00476	    0.00476	    1.60085
19970606	   1.736900	     -2.544	      -1.00	     0.0000	   -0.01026	    0.01026	    1.61792
19970609	   1.736700	     -2.180	      -1.00	     0.0000	   -0.00012	    0.00012	    1.61806
19970610	   1.738200	     -1.856	      -1.00	     0.0000	    0.00086	   -0.00086	    1.61539
19970611	   1.736900	     -1.674	      -1.00	     0.0000	   -0.00075	    0.00075	    1.61724
19970612	   1.737900	     -1.452	      -1.00	     0.0000	    0.00058	   -0.00058	    1.61542
19970613	   1.738100	     -1.298	      -1.00	     0.0000	    0.00012	   -0.00012	    1.61492
19970616	   1.741100	     -1.072	       0.00	     0.0000	    0.00173	    0.00000	    1.61474
19970617	   1.746200	     -0.799	       0.00	     0.0000	    0.00293	    0.00000	    1.61456
19970618	   1.736100	     -1.104	       0.00	     0.0000	   -0.00578	   -0.00000	    1.61439
19970619	   1.734700	     -1.066	       0.00	     0.0000	   -0.00081	   -0.00000	    1.61421
19970620	   1.732700	     -1.064	       0.00	     0.0000	   -0.00115	   -0.00000	    1.61403
19970623	   1.738900	     -0.726	       0.00	     0.0000	    0.00358	    0.00000	    1.61385
19970624	   1.735700	     -0.824	       0.00	     0.0000	   -0.00184	   -0.00000	    1.61368
19970625	   1.748800	     -0.058	       0.00	     0.0000	    0.00755	    0.00000	    1.61350
19970626	   1.739300	     -0.520	       0.00	     0.0000	   -0.00543	   -0.00000	    1.61332
19970627	   1.751800	      0.334	       0.00	     0.0000	    0.00719	    0.00000	    1.61315
19970630	   1.755600	      0.752	       0.00	     0.0000	    0.00217	    0.00000	    1.61297
19970701	   1.765500	      1.905	       1.00	     0.0000	    0.00564	    0.00564	    1.62503
19970702	   1.766300	      2.015	       1.00	     0.0000	    0.00045	    0.00045	    1.62609
19970703	   1.744700	      0.104	       0.00	     0.0000	   -0.01223	   -0.00000	    1.62591
19970707	   1.744900	      0.179	       0.00	     0.0000	    0.00011	    0.00000	    1.62573
19970708	   1.748100	      0.460	       0.00	     0.0000	    0.00183	    0.00000	    1.62555
19970709	   1.743600	     -0.048	       0.00	     0.0000	   -0.00257	   -0.00000	    1.62537
19970710	   1.739100	     -0.534	       0.00	     0.0000	   -0.00258	   -0.00000	    1.62520
19970711	   1.740600	     -0.397	       0.00	     0.0000	    0.00086	    0.00000	    1.62502
19970714	   1.733800	     -1.090	       0.00	     0.0000	   -0.00391	   -0.00000	    1.62484
19970715	   1.746100	      0.176	       0.00	     0.0000	    0.00709	    0.00000	    1.62466
19970716	   1.743900	     -0.074	       0.00	     0.0000	   -0.00126	   -0.00000	    1.62448
19970717	   1.755100	      1.053	       0.00	     0.0000	    0.00642	    0.00000	    1.62430
19970718	   1.739300	     -0.620	       0.00	     0.0000	   -0.00900	   -0.00000	    1.62413
