20080905	6.64938	6.67928	6.60164	6.63322
20080908	6.60301	6.73878	6.54208	6.68883
20080909	6.68661	6.75566	6.66309	6.73961
20080910	6.74118	6.79253	6.71372	6.78738
20080911	6.78928	6.86506	6.78678	6.80348
20080912	6.79493	6.81302	6.68378	6.6984
20080915	6.65473	6.79157	6.57155	6.75383
20080916	6.75593	6.83738	6.73358	6.80124
20080917	6.80314	6.83398	6.68168	6.71333
20080918	6.71233	6.74998	6.60338	6.67828
20080919	6.67853	6.76458	6.58641	6.58818
20080922	6.58743	6.62278	6.44498	6.49333
20080923	6.49469	6.58402	6.46128	6.56958
20080924	6.57182	6.61753	6.53398	6.61038
20080925	6.60948	6.62766	6.54239	6.60024
20080926	6.59908	6.65578	6.56698	6.62038
20080929	6.64778	6.78919	6.64432	6.78092
20080930	6.78145	6.99008	6.76078	6.91413
20081001	6.91449	6.96508	6.85698	6.95438
20081002	6.95833	7.06098	6.94148	7.01923
20081003	7.01748	7.07678	6.97928	7.04168
20081006	7.10888	7.25768	7.08918	7.20188
20081007	7.20338	7.22322	7.00374	7.13323
20081008	7.13198	7.17773	7.02726	7.08348
20081009	7.09168	7.12533	7.00588	7.11913
20081010	7.11973	7.30238	7.06107	7.22438
20081013	7.1053	7.20284	7.02796	7.1438
20081014	7.13345	7.1964	7.0273	7.1939
20081015	7.1935	7.40909	7.1626	7.40271
20081016	7.49002	7.6027	7.3564	7.4326
20081017	7.43115	7.5303	7.3597	7.421
20081020	7.3933	7.5032	7.26868	7.4555
20081021	7.44874	7.77961	7.43775	7.77142
20081022	7.77559	7.93515	7.74995	7.8363
20081023	7.8109	7.9425	7.65225	7.6601
20081024	7.7085	8.02461	7.6935	7.9033
20081027	7.9315	8.17225	7.9276	7.9992
20081028	8.03155	8.07755	7.7922	7.83
20081029	7.83155	7.8337	7.58162	7.6015
20081030	7.5938	7.7351	7.3678	7.59494
20081031	7.59518	7.8152	7.58935	7.75669
20081103	7.73546	7.82915	7.6136	7.78635
20081104	7.78789	7.86611	7.57333	7.60991
20081105	7.6084	7.77633	7.58098	7.77603
20081106	7.7747	7.93673	7.7388	7.9148
20081107	7.91324	7.9415	7.779	7.90877
20081110	7.83955	7.8643	7.70432	7.84491
20081111	7.84522	8.0852	7.788	8.0726
20081112	8.0747	8.13284	7.9519	8.08021
20081113	8.07956	8.1926	7.78813	7.83504
20081114	7.84467	7.97669	7.7808	7.96142
20081117	8.0299	8.0403	7.86653	8.0157
20081118	8.0145	8.1025	7.96985	8.02735
20081119	8.02752	8.2015	7.91588	8.1999
20081120	8.1987	8.3463	8.1235	8.3295
20081121	8.3315	8.48084	8.1293	8.3457
20081124	8.34943	8.36358	7.9294	7.9348
20081125	7.93425	8.0864	7.8194	7.8877
20081126	7.8876	8.0875	7.87935	8.01874
20081127	8.02078	8.02773	7.91633	7.965
20081128	7.94512	8.1684	7.93703	8.09444
20081201	8.1092	8.3468	8.0765	8.31954
20081202	8.31348	8.4119	8.13944	8.20157
20081203	8.20238	8.3316	8.17383	8.18854
20081204	8.18951	8.39974	8.1745	8.2551
20081205	8.25638	8.51254	8.23222	8.31897
20081208	8.33012	8.33381	8.0182	8.04098
20081209	8.04067	8.21455	8.04036	8.1838
20081210	8.1845	8.20602	8.0744	8.14721
20081211	8.1289	8.15186	7.90261	7.93362
20081212	7.93789	8.10518	7.90775	8.03943
20081215	8.01518	8.0773	7.91823	8.02534
20081216	8.02095	8.1479	7.9063	7.94698
20081217	7.94946	7.9629	7.595	7.6017
20081218	7.60144	7.7524	7.49815	7.73215
20081219	7.72036	7.88987	7.6316	7.76994
20081222	7.78085	7.9194	7.70846	7.89899
20081223	7.8973	8.06797	7.80679	8.0054
20081224	8.0087	8.1559	7.92971	7.9562
20081225	7.9562	7.9562	7.9562	7.9562
20081226	7.96362	8.0586	7.93489	7.96883
20081229	7.8765	7.89	7.64598	7.8863
20081230	7.88189	7.88622	7.68472	7.7615
20081231	7.7553	7.89999	7.70716	7.81985
20090102	7.8424	7.85926	7.68537	7.6911
20090105	7.69878	7.936	7.66704	7.8521
20090106	7.85238	7.986	7.83539	7.83595
20090107	7.83798	7.8903	7.72446	7.8298
20090108	7.8282	7.9378	7.75602	7.77335
20090109	7.77145	7.96155	7.75673	7.91916
20090112	7.90952	8.09431	7.90835	8.04414
20090113	8.04444	8.31596	8.03758	8.2861
20090114	8.28705	8.4441	8.1344	8.3689
20090115	8.38277	8.5137	8.22836	8.25244
20090116	8.24784	8.26961	8.07513	8.15591
20090119	8.11734	8.3114	8.03411	8.3107
20090120	8.3077	8.4595	8.2871	8.42502
20090121	8.4353	8.46137	8.13878	8.17985
20090122	8.17765	8.30571	8.08573	8.2433
20090123	8.2442	8.41974	8.1256	8.17495
20090126	8.17694	8.25643	7.95363	7.9976
20090127	7.99691	8.12832	7.8256	8.07998
20090128	8.08032	8.08281	7.91402	8.01114
20090129	8.0126	8.18086	7.98736	8.17222
20090130	8.1728	8.38442	8.1697	8.35929
20090202	8.36712	8.4218	8.2792	8.35553
20090203	8.35527	8.40197	8.1942	8.20247
20090204	8.2013	8.3525	8.17398	8.297
20090205	8.2951	8.3329	8.2294	8.29578
20090206	8.28669	8.2899	8.06336	8.09
20090209	8.07903	8.17648	7.9649	8.0447
20090210	8.0427	8.29071	8.0313	8.243
20090211	8.24556	8.4144	8.21641	8.33302
20090212	8.33289	8.5012	8.31406	8.37377
20090213	8.37247	8.40723	8.3126	8.39208
20090216	8.43536	8.58796	8.41888	8.53966
20090217	8.53806	8.85349	8.53443	8.85095
20090218	8.8503	8.8837	8.7139	8.77405
20090219	8.77625	8.78038	8.54308	8.71945
20090220	8.71702	8.8751	8.67065	8.7348
20090223	8.7488	8.87695	8.5739	8.8682
20090224	8.8683	8.9927	8.7839	8.8049
20090225	8.80586	8.9705	8.7211	8.9527
20090226	8.9545	9.00054	8.8246	8.98503
20090227	8.98609	9.0974	8.95211	9.01438
20090302	9.06905	9.24114	9.0517	9.2328
20090303	9.2339	9.28792	9.05547	9.24817
20090304	9.24707	9.3184	9.00864	9.00935
20090305	9.0105	9.32955	9.00067	9.31503
20090306	9.3122	9.32353	9.11213	9.19487
20090309	9.19935	9.21328	9.07712	9.2028
20090310	9.20251	9.23635	8.8452	8.88044
20090311	8.87935	8.94938	8.72395	8.7412
20090312	8.74236	8.8811	8.5835	8.60805
20090313	8.60775	8.65789	8.52046	8.61775
20090316	8.62382	8.69608	8.4065	8.53465
20090317	8.53395	8.55163	8.4186	8.4356
20090318	8.4352	8.44681	8.04637	8.06595
20090319	8.0654	8.12495	7.92572	7.96625
20090320	7.96281	8.2285	7.9548	8.16031
20090323	8.11385	8.18354	7.95651	7.9703
20090324	7.97105	8.16037	7.91826	8.1257
20090325	8.127	8.19645	7.97674	8.08354
20090326	8.08015	8.09579	7.97658	8.02049
20090327	8.02066	8.2195	7.92303	8.191
20090330	8.2503	8.38722	8.22331	8.30988
20090331	8.3089	8.34058	8.1975	8.24425
20090401	8.24485	8.30908	8.17615	8.17626
20090402	8.17465	8.18918	7.985	8.02134
20090403	8.0199	8.09918	7.94372	7.9503
20090406	7.9374	8.05861	7.86335	8.02425
20090407	8.02665	8.2358	8.0207	8.18162
20090408	8.1792	8.31631	8.17495	8.24305
20090409	8.24305	8.3074	8.15765	8.26262
20090410	8.26419	8.29935	8.25005	8.26185
20090413	8.2362	8.28061	8.13046	8.1616
20090414	8.16205	8.2135	8.1345	8.17613
20090415	8.17585	8.3241	8.14884	8.24875
20090416	8.24875	8.356	8.21615	8.30259
20090417	8.30355	8.47763	8.28305	8.44808
20090420	8.44101	8.70605	8.43939	8.69249
20090421	8.6932	8.73803	8.51142	8.53928
20090422	8.5378	8.59171	8.37679	8.42773
20090423	8.42776	8.4698	8.25855	8.26545
20090424	8.26545	8.27117	8.06503	8.11455
20090427	8.1058	8.23933	8.1015	8.1723
20090428	8.1729	8.27724	8.1391	8.14957
20090429	8.14957	8.17316	7.9937	8.055
20090430	8.0544	8.08625	7.95138	8.04695
20090501	8.05	8.08318	7.97681	8.03539
20090504	8.0332	8.08195	7.87225	7.89426
20090505	7.89403	7.9806	7.86147	7.94672
20090506	7.94827	8.03	7.8737	7.94672
20090507	7.8991	7.96526	7.75652	7.88455
20090508	7.88318	7.90098	7.63925	7.64465
20090511	7.6373	7.82655	7.63102	7.82251
20090512	7.82335	7.86752	7.73668	7.78451
20090513	7.78315	7.93417	7.71454	7.9117
20090514	7.9119	7.97716	7.8121	7.86163
20090515	7.84805	7.9323	7.79025	7.91676
20090518	7.91758	7.9719	7.70329	7.7043
20090519	7.70405	7.74283	7.6286	7.66304
20090520	7.66373	7.71895	7.5336	7.5964
20090521	7.5981	7.64942	7.48919	7.5162
20090522	7.51535	7.53944	7.4366	7.44865
20090525	7.4356	7.51845	7.4302	7.47717
20090526	7.47799	7.63443	7.47382	7.5505
20090527	7.55125	7.73333	7.53377	7.73059
20090528	7.73003	7.83323	7.67053	7.683
20090529	7.68279	7.68928	7.5474	7.54816
20090601	7.57229	7.59228	7.3499	7.40696
20090602	7.40623	7.55287	7.39755	7.4931
20090603	7.49962	7.7335	7.44312	7.696
20090604	7.6981	7.73228	7.5761	7.63049
20090605	7.63004	7.82	7.61926	7.80545
20090608	7.80395	7.93075	7.77036	7.84887
20090609	7.85028	7.8895	7.65722	7.67773
20090610	7.67609	7.75167	7.5839	7.70349
20090611	7.70542	7.75124	7.58788	7.62468
20090612	7.62513	7.7201	7.57672	7.68583
20090615	7.68556	7.9141	7.68226	7.84485
20090616	7.84748	7.88678	7.777	7.828
20090617	7.829	7.94772	7.7614	7.84285
20090618	7.84265	7.92589	7.82565	7.90428
20090619	7.90352	7.94723	7.8414	7.90815
20090622	7.89988	8.02367	7.89608	7.99028
20090623	7.993	8.0424	7.8573	7.89427
20090624	7.8951	7.96708	7.8058	7.9305
20090625	7.93122	7.9944	7.85285	7.9025
20090626	7.9024	7.9041	7.7451	7.79432
20090629	7.7897	7.8512	7.6507	7.65564
20090630	7.65765	7.77161	7.6371	7.6984
20090701	7.69835	7.7341	7.54431	7.5805
20090702	7.56878	7.78538	7.56878	7.77985
20090703	7.77985	7.83419	7.75032	7.7668
20090706	7.78557	7.87171	7.76576	7.81175
20090707	7.81205	7.9444	7.774	7.93931
20090708	7.94046	8.016	7.92418	7.96364
20090709	7.96397	7.99012	7.80788	7.83305
20090710	7.8331	7.97618	7.82814	7.92165
20090713	7.92004	7.99175	7.86652	7.88025
20090714	7.88315	7.9421	7.82299	7.88363
20090715	7.88597	7.88785	7.74323	7.76135
20090716	7.7562	7.8391	7.75483	7.784
20090717	7.7824	7.87972	7.77874	7.81945
20090720	7.8226	7.8226	7.71394	7.71805
20090721	7.7206	7.7288	7.6082	7.6128
20090722	7.61801	7.65954	7.55195	7.5863
20090723	7.5855	7.59801	7.42822	7.51077
20090724	7.51043	7.5304	7.41624	7.48145
20090727	7.4672	7.4948	7.34855	7.38887
20090728	7.38775	7.5099	7.32543	7.4687
20090729	7.4682	7.5428	7.45112	7.49315
20090730	7.49345	7.51233	7.39323	7.40995
20090731	7.40995	7.41955	7.18148	7.18675
20090803	7.17255	7.22422	7.0724	7.07988
20090804	7.0784	7.173	7.05599	7.1161
20090805	7.1195	7.174	7.10842	7.13325
20090806	7.13355	7.19917	7.1012	7.1569
20090807	7.1554	7.19305	7.11969	7.156
20090810	7.1727	7.31025	7.15037	7.31025
20090811	7.25275	7.35583	7.20552	7.31025
20090812	7.3068	7.35705	7.17797	7.22005
20090813	7.22086	7.22553	7.117	7.14415
20090814	7.1481	7.2261	7.11528	7.1964
20090817	7.3145	7.3274	7.27748	7.2875
20090818	7.28905	7.301	7.2102	7.23789
20090819	7.23943	7.29243	7.1725	7.18445
20090820	7.18445	7.19289	7.1333	7.14627
20090821	7.14476	7.19615	7.0026	7.0363
20090824	7.0188	7.07039	6.99972	7.05075
20090825	7.05085	7.1073	7.00765	7.0647
20090826	7.06201	7.1551	7.00999	7.1278
20090827	7.1268	7.18135	7.07946	7.12214
20090828	7.12164	7.12239	7.0394	7.1107
20090831	7.10242	7.16484	7.0815	7.1148
20090901	7.11505	7.2947	7.06323	7.274
20090902	7.27519	7.29176	7.19603	7.21445
20090903	7.2145	7.2486	7.17194	7.23459
20090904	7.23515	7.26243	7.14803	7.15985
20090907	7.16262	7.16402	7.09507	7.12269
20090908	7.12144	7.12481	7.00735	7.0411
20090909	7.0418	7.06681	6.98092	7.00225
20090910	7.00245	7.07562	6.97835	6.9955
20090911	6.99175	7.02238	6.9513	6.9955
20090914	6.98688	7.0788	6.97837	6.984
20090915	6.9785	7.02601	6.938	6.94535
20090916	6.9458	6.9562	6.84897	6.87
20090917	6.86925	6.90163	6.82674	6.8643
20090918	6.86185	6.9276	6.8434	6.8599
20090921	6.87435	6.9596	6.87435	6.9028
20090922	6.90305	6.91191	6.79418	6.80655
20090923	6.80644	6.8619	6.7793	6.8518
20090924	6.85205	6.94152	6.81338	6.92165
20090925	6.92285	6.9759	6.88588	6.9433
20090928	6.9417	7.03199	6.93033	6.98
20090929	6.9804	7.03919	6.95885	7.00255
20090930	7.0044	7.01798	6.94788	6.9555
20091001	6.95795	7.05316	6.95013	7.0298
20091002	7.0315	7.09411	6.9834	7.03325
20091005	7.0278	7.06282	6.99508	6.99945
20091006	7.0004	7.00357	6.8991	6.9303
20091007	6.93105	7.0574	6.92024	6.98665
20091008	6.98915	7.0088	6.93759	6.96245
20091009	6.96255	7.0325	6.94437	6.99525
20091012	6.99926	7.0591	6.95067	6.97785
20091013	6.97257	7.01749	6.94068	6.96531
20091014	6.96519	6.9737	6.89697	6.9025
20091015	6.90075	6.9665	6.87202	6.91995
20091016	6.92115	7.01552	6.91593	6.9519
20091019	6.96262	6.98868	6.91743	6.91763
20091020	6.91715	6.9841	6.90456	6.9424
20091021	6.94448	6.95748	6.8131	6.84582
20091022	6.84633	6.93854	6.78616	6.789
20091023	6.7924	6.8321	6.76794	6.7805
20091026	6.78615	6.87726	6.7547	6.85335
20091027	6.8545	6.98941	6.83657	6.9694
20091028	6.9695	7.07557	6.94475	7.0613
20091029	7.0603	7.08489	6.95377	6.97295
20091030	6.97145	7.0971	6.95986	7.09095
20091102	7.0942	7.11	6.98207	7.0562
20091103	7.05802	7.18458	7.03168	7.11205
20091104	7.11295	7.1412	7.00568	7.03542
20091105	7.03365	7.08944	6.97138	6.9869
20091106	6.98835	7.04584	6.94308	6.9866
20091109	6.9635	6.98044	6.8331	6.84366
20091110	6.84439	6.87434	6.79483	6.8676
20091111	6.83259	6.84696	6.78683	6.80888
20091112	6.80945	6.9062	6.79778	6.89402
20091113	6.89245	6.90951	6.8177	6.83989
20091116	6.83325	6.84306	6.77035	6.79483
20091117	6.7936	6.91018	6.7854	6.8676
20091118	6.86795	6.87841	6.81312	6.82924
20091119	6.8305	6.93451	6.82457	6.88703
20091120	6.88515	7.0046	6.87984	6.92836
20091123	6.94152	6.9477	6.8488	6.88251
20091124	6.88365	6.96128	6.8745	6.90805
20091125	6.90877	6.91508	6.83501	6.84645
20091126	6.84604	7.01764	6.84128	6.96925
20091127	6.97483	7.08709	6.95273	6.96199
20091130	6.96215	7.01888	6.91858	6.97099
20091201	6.972	6.99595	6.88865	6.90477
20091202	6.9031	6.91718	6.82904	6.87566
20091203	6.86531	6.8781	6.7841	6.87332
20091204	6.87964	6.99955	6.86031	6.98745
20091207	6.97302	7.07198	6.94863	7.04755
20091208	7.04535	7.15117	7.02241	7.13951
20091209	7.1381	7.15825	7.08546	7.09728
20091210	7.09656	7.19629	7.05017	7.09306
20091211	7.09255	7.14921	7.06153	7.12104
20091214	7.12739	7.14505	7.08224	7.10492
20091215	7.1005	7.21871	7.09219	7.19629
20091216	7.19793	7.20361	7.13574	7.19019
20091217	7.1871	7.31068	7.18144	7.28717
20091218	7.28656	7.31473	7.24434	7.26425
20091221	7.25185	7.30854	7.22094	7.305
20091222	7.30238	7.35564	7.25878	7.3194
20091223	7.3198	7.36031	7.25864	7.26405
20091224	7.27079	7.3037	7.2063	7.2757
20091228	7.26145	7.28237	7.18637	7.2104
20091229	7.21163	7.22388	7.1464	7.20222
20091230	7.19795	7.2284	7.15054	7.15786
20091231	7.1573	7.16477	7.10361	7.14703
20100104	7.15215	7.17268	7.02004	7.04875
20100105	7.05038	7.12	7.01265	7.1044
20100106	7.1038	7.17988	7.05059	7.0701
20100107	7.07301	7.14315	7.05317	7.12765
20100108	7.12544	7.16634	7.06751	7.0718
20100111	7.0756	7.09065	7.00673	7.02548
20100112	7.0269	7.0838	7.02495	7.05473
20100113	7.0527	7.07967	6.9902	7.01942
20100114	7.01815	7.05031	6.99324	7.00803
20100115	7.00461	7.0871	7.00002	7.06194
20100118	7.07155	7.07879	7.02012	7.02447
20100119	7.0243	7.11652	7.00003	7.05711
20100120	7.0563	7.2011	7.05107	7.19232
20100121	7.19435	7.2504	7.1666	7.24463
20100122	7.24295	7.2676	7.17969	7.23727
20100125	7.2121	7.24492	7.17895	7.22827
20100126	7.22931	7.31358	7.21766	7.27363
20100127	7.26918	7.32609	7.2614	7.29551
20100128	7.2957	7.35693	7.25894	7.33824
20100129	7.33857	7.3903	7.31368	7.38594
20100201	7.38575	7.3938	7.25382	7.25571
20100202	7.25495	7.27977	7.22458	7.22607
20100203	7.2246	7.2819	7.1805	7.25967
20100204	7.2612	7.43855	7.25747	7.43795
20100205	7.43769	7.51881	7.41956	7.43995
20100208	7.45555	7.47636	7.39063	7.44051
20100209	7.43809	7.44917	7.29378	7.31847
20100210	7.31875	7.35707	7.25342	7.29937
20100211	7.29637	7.31321	7.22557	7.22825
20100212	7.2275	7.34378	7.20894	7.23733
20100215	7.26058	7.28496	7.23575	7.23996
20100216	7.24011	7.24949	7.16972	7.17962
20100217	7.17876	7.22337	7.1421	7.21143
20100218	7.21155	7.25251	7.18057	7.23644
20100219	7.23529	7.31706	7.20911	7.21384
20100222	7.20534	7.24347	7.18381	7.19638
20100223	7.19335	7.27439	7.12832	7.26344
20100224	7.26138	7.27015	7.17192	7.20785
20100225	7.2063	7.28255	7.17569	7.1828
20100226	7.18227	7.19242	7.08969	7.12074
20100301	7.10751	7.24678	7.09299	7.17548
20100302	7.17368	7.24289	7.15367	7.1703
20100303	7.17048	7.21869	7.11498	7.13997
20100304	7.13955	7.18088	7.11725	7.16009
20100305	7.15845	7.1755	7.10425	7.11007
20100308	7.10773	7.12026	7.06604	7.10796
20100309	7.10446	7.18251	7.1019	7.14022
20100310	7.13406	7.16877	7.105	7.11841
20100311	7.11992	7.15278	7.09314	7.11464
20100312	7.11433	7.12098	7.03216	7.04681
20100315	7.04058	7.14144	7.04058	7.10174
20100316	7.10441	7.12393	7.06098	7.068
20100317	7.0628	7.09299	7.04096	7.06925
20100318	7.06895	7.14919	7.06835	7.1259
20100319	7.12341	7.19616	7.10089	7.1723
20100322	7.16305	7.24604	7.16279	7.18884
20100323	7.18965	7.2311	7.15412	7.1861
20100324	7.18417	7.27805	7.18092	7.27568
20100325	7.27716	7.29624	7.19741	7.28555
20100326	7.28369	7.28909	7.22333	7.25735
20100329	7.2207	7.28424	7.20948	7.24496
20100330	7.24202	7.28862	7.20139	7.26964
20100331	7.27283	7.28206	7.18341	7.21458
20100401	7.21512	7.23041	7.14647	7.14912
20100402	7.15038	7.2001	7.14985	7.1793
20100405	7.18613	7.2	7.1501	7.1754
20100406	7.17565	7.23717	7.16702	7.19803
20100407	7.19787	7.2666	7.19056	7.2543
20100408	7.25434	7.30868	7.2261	7.2295
20100409	7.22923	7.25529	7.19501	7.1969
20100412	7.11475	7.19405	7.09899	7.17723
20100413	7.17653	7.21349	7.13995	7.14425
20100414	7.14515	7.16597	7.11236	7.1132
20100415	7.11568	7.18118	7.11155	7.13923
20100416	7.1371	7.20037	7.13217	7.17496
20100419	7.1782	7.24671	7.16917	7.17164
20100420	7.17244	7.19303	7.12516	7.14907
20100421	7.14742	7.19611	7.1359	7.18017
20100422	7.18017	7.25435	7.16778	7.23364
20100423	7.23584	7.28075	7.1497	7.16618
20100426	7.18038	7.2064	7.14573	7.14575
20100427	7.1409	7.29358	7.12973	7.28865
20100428	7.28894	7.35417	7.24661	7.28466
20100429	7.28624	7.30372	7.23873	7.24502
20100430	7.25114	7.2652	7.19767	7.24865
20100503	7.21334	7.3005	7.21199	7.278
20100504	7.2794	7.41503	7.2577	7.4042
20100505	7.40195	7.58605	7.3944	7.58288
20100506	7.5968	7.83782	7.55544	7.76913
20100507	7.77158	7.80557	7.6166	7.64588
20100510	7.54118	7.60508	7.38128	7.52527
20100511	7.5239	7.62946	7.50929	7.60678
20100512	7.61294	7.64578	7.51438	7.56052
20100513	7.56086	7.63968	7.51846	7.62768
20100514	7.6272	7.77295	7.59829	7.74607
20100517	7.75956	7.83345	7.70583	7.71054
20100518	7.71023	7.87144	7.66018	7.84807
20100519	7.85146	7.91907	7.777	7.78611
20100520	7.78293	7.9971	7.7699	7.9411
20100521	7.94095	7.98224	7.76901	7.81661
20100524	7.8198	7.92988	7.7963	7.8796
20100525	7.87974	8.08196	7.87387	7.93923
20100526	7.94576	8.02327	7.8549	8.01231
20100527	8.01029	8.0494	7.8237	7.86848
20100528	7.86584	7.90579	7.7615	7.84632
20100531	7.86102	7.865	7.7905	7.80626
20100601	7.80531	7.95921	7.76305	7.8367
20100602	7.83883	7.8647	7.77901	7.78925
20100603	7.78667	7.87391	7.71479	7.8514
20100604	7.84965	8.04288	7.785	8.0136
20100607	8.05342	8.1307	8.0276	8.1142
20100608	8.11647	8.1359	8.0362	8.05696
20100609	8.05869	8.09919	7.9361	8.0331
20100610	8.03325	8.04762	7.8749	7.89203
20100611	7.89924	7.97357	7.861	7.9106
20100614	7.90544	7.91125	7.7862	7.8794
20100615	7.87867	7.9242	7.7358	7.75308
20100616	7.75474	7.8407	7.7385	7.78245
20100617	7.78345	7.8569	7.7174	7.71862
20100618	7.72143	7.7418	7.692	7.72584
20100621	7.7307	7.7514	7.61367	7.7478
20100622	7.74013	7.8005	7.71391	7.79185
20100623	7.7936	7.8366	7.7231	7.7632
20100624	7.76275	7.81349	7.7102	7.78506
20100625	7.7792	7.8132	7.69458	7.72366
20100628	7.72841	7.76734	7.7059	7.73959
20100629	7.73981	7.83715	7.73452	7.8018
20100630	7.80268	7.81461	7.7296	7.79136
20100701	7.78602	7.84833	7.6563	7.66475
20100702	7.66565	7.7003	7.5652	7.62011
20100705	7.61081	7.70126	7.60687	7.6849
20100706	7.68488	7.72246	7.57002	7.59319
20100707	7.59537	7.67117	7.55434	7.5701
20100708	7.57234	7.57976	7.5038	7.5146
20100709	7.51371	7.52615	7.4678	7.48636
20100712	7.48072	7.5509	7.47588	7.49341
20100713	7.4949	7.523	7.39115	7.39995
20100714	7.40105	7.4252	7.34646	7.36124
20100715	7.36173	7.40178	7.2613	7.2621
20100716	7.2633	7.35393	7.2633	7.32902
20100719	7.33864	7.40304	7.32696	7.3696
20100720	7.36747	7.42309	7.2993	7.36185
20100721	7.3597	7.42129	7.33224	7.40885
20100722	7.41017	7.42097	7.3015	7.3106
20100723	7.3113	7.3841	7.2697	7.3049
20100726	7.31456	7.3525	7.276	7.291
20100727	7.29095	7.3258	7.2473	7.2968
20100728	7.29765	7.3253	7.2713	7.29775
20100729	7.29585	7.3146	7.2039	7.2152
20100730	7.2156	7.2759	7.1959	7.2068
20100802	7.2061	7.21209	7.0835	7.0939
20100803	7.0941	7.1147	7.0578	7.0783
20100804	7.0778	7.1605	7.07415	7.1404
20100805	7.1408	7.1661	7.09355	7.12
20100806	7.1191	7.13	7.04	7.0806
20100809	7.07411	7.11049	7.06	7.1076
20100810	7.107	7.2098	7.10125	7.16025
20100811	7.16185	7.3829	7.1579	7.3645
20100812	7.3631	7.4136	7.3149	7.39755
20100813	7.39645	7.46286	7.3352	7.4474
20100816	7.44915	7.4759	7.34786	7.3695
20100817	7.36909	7.3886	7.2904	7.31685
20100818	7.31803	7.36596	7.30099	7.33951
20100819	7.3405	7.40275	7.32855	7.3726
20100820	7.371	7.47012	7.371	7.41305
20100823	7.42167	7.4269	7.3774	7.40098
20100824	7.4037	7.4901	7.40012	7.48604
20100825	7.48369	7.5111	7.42683	7.44393
20100826	7.4449	7.45297	7.3707	7.4107
20100827	7.40987	7.4293	7.33394	7.3363
20100830	7.33575	7.4163	7.3316	7.4035
20100831	7.4038	7.4492	7.35894	7.3819
20100901	7.3809	7.39428	7.2552	7.2865
20100902	7.2876	7.32031	7.2383	7.2403
20100903	7.2413	7.2638	7.21667	7.22782
20100906	7.222	7.2321	7.19554	7.21785
20100907	7.21925	7.33717	7.218	7.3343
20100908	7.3336	7.3371	7.2484	7.278
20100909	7.27575	7.30587	7.2326	7.2783
20100910	7.2778	7.29884	7.22284	7.25735
20100913	7.2076	7.21645	7.1293	7.13103
20100914	7.13262	7.19367	7.03912	7.07339
20100915	7.07316	7.1174	7.05382	7.0872
20100916	7.0871	7.1087	7.0195	7.0422
20100917	7.0416	7.0893	7.0043	7.0683
20100920	7.0544	7.0964	6.97442	6.99996
20100921	7.00023	7.00616	6.85525	6.87
20100922	6.8714	6.8891	6.7934	6.84765
20100923	6.8475	6.9219	6.84144	6.91015
20100924	6.9103	6.9279	6.7994	6.80657
20100927	6.80915	6.859	6.7906	6.8492
20100928	6.84965	6.9254	6.7514	6.7597
20100929	6.7609	6.7729	6.70383	6.71799
20100930	6.71759	6.7892	6.6812	6.7373
20101001	6.7366	6.7483	6.67506	6.70958
20101004	6.6947	6.7828	6.6938	6.7617
20101005	6.76329	6.8002	6.6747	6.6988
20101006	6.6996	6.7465	6.6458	6.71186
20101007	6.71317	6.7219	6.61705	6.65635
20101008	6.6559	6.73152	6.6424	6.65321
20101011	6.6202	6.67675	6.6093	6.6728
20101012	6.6737	6.72655	6.64814	6.6495
20101013	6.6481	6.6579	6.6071	6.6232
20101014	6.6228	6.63505	6.5229	6.5468
20101015	6.5483	6.63939	6.5127	6.61915
20101018	6.61374	6.7187	6.61374	6.66623
20101019	6.6688	6.8214	6.6255	6.8041
20101020	6.8041	6.8204	6.63205	6.6389
20101021	6.63854	6.6849	6.5969	6.6758
20101022	6.6741	6.70244	6.615	6.6182
20101025	6.59075	6.6107	6.5371	6.5817
20101026	6.5811	6.7393	6.5492	6.7284
20101027	6.7268	6.7933	6.7033	6.77691
20101028	6.77622	6.78136	6.6953	6.7347
20101029	6.7342	6.79612	6.6668	6.6668
20101101	6.6389	6.71064	6.6118	6.68966
20101102	6.6886	6.699	6.6141	6.6328
20101103	6.6322	6.6855	6.5717	6.5812
20101104	6.5815	6.59398	6.48265	6.52089
20101105	6.52082	6.632	6.4931	6.61085
20101108	6.59939	6.70668	6.58119	6.6962
20101109	6.69654	6.7661	6.65001	6.7537
20101110	6.75575	6.80214	6.71723	6.73052
20101111	6.73077	6.85031	6.70816	6.83176
20101112	6.83201	6.9033	6.77479	6.85991
20101115	6.84422	6.9108	6.81362	6.8805
20101116	6.8795	6.98642	6.8441	6.95497
20101117	6.95495	6.9998	6.91231	6.9231
20101118	6.9224	6.9263	6.8426	6.8655
20101119	6.86495	6.8961	6.81542	6.85705
20101122	6.838	6.919	6.7992	6.879
20101123	6.87619	6.99361	6.8716	6.9737
20101124	6.97235	7.0274	6.9166	6.9441
20101125	6.944	6.9828	6.92485	6.94944
20101126	6.9484	7.0556	6.94655	7.0059
20101129	6.97857	7.06242	6.93384	6.9823
20101130	6.9854	7.0729	6.96538	7.0254
20101201	7.0239	7.03622	6.9479	6.9649
20101202	6.9644	6.9943	6.89345	6.9079
20101203	6.908	6.91452	6.7785	6.79375
20101206	6.81678	6.88835	6.78826	6.84216
20101207	6.84361	6.8961	6.78671	6.89595
20101208	6.8961	6.9487	6.8588	6.87215
20101209	6.87145	6.9293	6.8401	6.8924
20101210	6.8918	6.91786	6.8605	6.9087
20101213	6.9256	6.9354	6.80729	6.82815
20101214	6.83206	6.83964	6.76665	6.8014
20101215	6.8024	6.85205	6.78395	6.8442
20101216	6.8434	6.8678	6.8015	6.8025
20101217	6.8002	6.8592	6.755	6.84005
20101220	6.83392	6.86553	6.8199	6.84625
20101221	6.84656	6.86	6.7967	6.83896
20101222	6.84079	6.87291	6.78962	6.8588
20101223	6.8598	6.8723	6.82812	6.84625
20101224	6.84573	6.8644	6.82482	6.85607
20101227	6.85485	6.87625	6.8078	6.80945
20101228	6.80961	6.8779	6.7594	6.8688
20101229	6.8684	6.8809	6.7967	6.81
20101230	6.8107	6.8108	6.73671	6.74625
20101231	6.74544	6.76125	6.6964	6.7065
20110103	6.72874	6.7536	6.67924	6.6979
20110104	6.6983	6.73457	6.6589	6.72048
20110105	6.72065	6.7947	6.71094	6.76035
20110106	6.75917	6.8735	6.7468	6.8612
20110107	6.86145	6.941	6.84818	6.9349
20110110	6.9458	6.94985	6.871	6.8745
20110111	6.87485	6.90088	6.83005	6.8529
20110112	6.8525	6.8546	6.7274	6.7497
20110113	6.74631	6.7702	6.67234	6.7037
20110114	6.7043	6.74315	6.65095	6.6557
20110117	6.6639	6.7331	6.66371	6.7131
20110118	6.7121	6.73273	6.6274	6.6475
20110119	6.6485	6.6581	6.5957	6.62015
20110120	6.6196	6.6929	6.60521	6.6555
20110121	6.6577	6.6704	6.5757	6.58313
20110124	6.5729	6.6142	6.5533	6.5787
20110125	6.5782	6.5844	6.51037	6.524
20110126	6.52165	6.52873	6.4564	6.4606
20110127	6.4617	6.48631	6.41849	6.4314
20110128	6.4306	6.5446	6.4258	6.52455
20110131	6.53045	6.54675	6.419	6.4453
20110201	6.4442	6.4472	6.3616	6.366
20110202	6.3664	6.4479	6.3543	6.4164
20110203	6.416	6.5026	6.40989	6.4726
20110204	6.4714	6.5154	6.4403	6.47595
20110207	6.4801	6.50346	6.448	6.4581
20110208	6.4581	6.4677	6.39707	6.4333
20110209	6.4332	6.4591	6.41515	6.4328
20110210	6.433	6.50484	6.42771	6.4589
20110211	6.45928	6.54137	6.4509	6.47665
20110214	6.49891	6.5264	6.4745	6.4825
20110215	6.4826	6.5051	6.44188	6.47737
20110216	6.4792	6.49032	6.403	6.4153
20110217	6.4145	6.4589	6.3955	6.3991
20110218	6.3979	6.4406	6.3793	6.38475
20110221	6.38755	6.4346	6.3745	6.4229
20110222	6.424	6.5262	6.3947	6.4468
20110223	6.4447	6.4492	6.3755	6.3916
20110224	6.39	6.4409	6.35962	6.3829
20110225	6.3843	6.4379	6.365	6.4204
20110228	6.42445	6.4455	6.2903	6.3224
20110301	6.322	6.3425	6.2873	6.335
20110302	6.3342	6.3535	6.2942	6.3106
20110303	6.3092	6.34104	6.28841	6.31294
20110304	6.31444	6.35498	6.2956	6.3429
20110307	6.3381	6.3746	6.31753	6.35293
20110308	6.3522	6.3771	6.3407	6.36191
20110309	6.36168	6.3746	6.3054	6.3187
20110310	6.31911	6.4105	6.3133	6.3998
20110311	6.3984	6.4237	6.3283	6.3325
20110314	6.3103	6.3646	6.3059	6.3353
20110315	6.33648	6.4762	6.3321	6.3973
20110316	6.3976	6.51138	6.391	6.47912
20110317	6.4759	6.4917	6.39764	6.4118
20110318	6.4112	6.43255	6.2672	6.2674
20110321	6.26195	6.2961	6.2464	6.265
20110322	6.2651	6.31937	6.2486	6.3136
20110323	6.3122	6.3474	6.2885	6.3439
20110324	6.3438	6.3498	6.2906	6.3202
20110325	6.3213	6.3952	6.3033	6.37562
20110328	6.3869	6.4189	6.35768	6.3853
20110329	6.3861	6.3946	6.3303	6.3305
20110330	6.331	6.36187	6.31055	6.324
20110331	6.3201	6.3267	6.2696	6.3211
20110401	6.3199	6.3723	6.2743	6.2924
20110404	6.30031	6.33361	6.26551	6.32491
20110405	6.32371	6.37681	6.31596	6.32811
20110406	6.32761	6.33481	6.27957	6.30041
20110407	6.29991	6.34841	6.29701	6.31571
20110408	6.31551	6.32331	6.19981	6.20061
20110411	6.19811	6.26535	6.18379	6.257
20110412	6.25704	6.32411	6.24517	6.29461
20110413	6.2943	6.30693	6.21637	6.25405
20110414	6.25362	6.28997	6.20175	6.21195
20110415	6.21041	6.2168	6.17663	6.17663
20110418	6.19066	6.33978	6.1895	6.29893
20110419	6.29796	6.32067	6.21225	6.21728
20110420	6.21684	6.22294	6.10995	6.12472
20110421	6.12523	6.13357	6.07225	6.09885
20110422	6.09822	6.12045	6.08827	6.09557
20110425	6.08398	6.1068	6.05574	6.09623
20110426	6.09665	6.13795	6.07455	6.10768
20110427	6.10785	6.11564	6.02987	6.03555
20110428	6.03148	6.05635	6.00611	6.00823
20110429	6.00843	6.04239	5.9832	6.03575
20110502	6.02747	6.05783	5.97759	6.00798
20110503	6.00945	6.06493	6.00345	6.03868
20110504	6.03985	6.09707	6.02855	6.09141
20110505	6.09161	6.2377	6.05417	6.22728
20110506	6.2272	6.30975	6.17283	6.30715
20110509	6.2825	6.31235	6.22185	6.25545
20110510	6.2504	6.29203	6.21245	6.21885
20110511	6.21451	6.34105	6.20584	6.33435
20110512	6.32809	6.36894	6.28142	6.29675
20110513	6.29147	6.4127	6.25965	6.38705
20110516	6.3858	6.42516	6.30804	6.35515
20110517	6.34767	6.37585	6.3211	6.32325
20110518	6.31919	6.33255	6.28091	6.29765
20110519	6.29124	6.3257	6.24935	6.25065
20110520	6.24583	6.32855	6.2258	6.30505
20110523	6.31048	6.38814	6.29897	6.35914
20110524	6.35733	6.38305	6.31284	6.33855
20110525	6.33328	6.38125	6.30555	6.33315
20110526	6.32924	6.33846	6.2672	6.29115
20110527	6.28633	6.30191	6.21465	6.21785
20110530	6.20258	6.24789	6.20258	6.21528
20110531	6.21694	6.22335	6.15809	6.16675
20110601	6.16341	6.27086	6.14553	6.26445
20110602	6.2597	6.27537	6.17885	6.19525
20110603	6.19348	6.24917	6.12275	6.12775
20110606	6.1324	6.19644	6.11425	6.18755
20110607	6.18393	6.19215	6.13665	6.13925
20110608	6.13685	6.19835	6.13396	6.19155
20110609	6.18874	6.24595	6.15975	6.23515
20110610	6.22621	6.35555	6.21996	6.32065
20110613	6.33678	6.36705	6.31065	6.32505
20110614	6.32151	6.34606	6.27935	6.33745
20110615	6.33421	6.48785	6.33075	6.47305
20110616	6.47282	6.54046	6.44315	6.44765
20110617	6.45049	6.52182	6.39126	6.41145
20110620	6.41948	6.47811	6.39006	6.40431
20110621	6.40332	6.40999	6.34735	6.35525
20110622	6.34894	6.38911	6.32755	6.36265
20110623	6.35918	6.53351	6.35765	6.44705
20110624	6.44264	6.51075	6.40625	6.49135
20110627	6.487	6.54432	6.43251	6.43835
20110628	6.43078	6.4994	6.41452	6.43395
20110629	6.4299	6.45459	6.33897	6.34095
20110630	6.33784	6.34827	6.29362	6.32515
20110701	6.32249	6.33674	6.25545	6.25959
20110704	6.25791	6.27815	6.23483	6.25114
20110705	6.25164	6.29855	6.24975	6.28336
20110706	6.28358	6.37504	6.25963	6.34964
20110707	6.34942	6.38765	6.30818	6.30818
20110708	6.30872	6.42325	6.3085	6.37707
20110711	6.40163	6.57831	6.39579	6.55696
20110712	6.55613	6.69355	6.53073	6.58012
20110713	6.58036	6.61	6.45424	6.47628
20110714	6.47513	6.52775	6.42263	6.49963
20110715	6.49177	6.55245	6.47315	6.48236
20110718	6.48338	6.61285	6.48338	6.54899
20110719	6.54887	6.56225	6.47415	6.5008
20110720	6.50011	6.51187	6.42567	6.43884
20110721	6.43934	6.46098	6.28859	6.30005
20110722	6.28504	6.38185	6.26825	6.32915
20110725	6.31346	6.36375	6.30477	6.33348
20110726	6.3337	6.34062	6.23745	6.24005
20110727	6.23999	6.35658	6.23109	6.34441
20110728	6.34419	6.36945	6.29335	6.31907
20110729	6.31887	6.38555	6.27205	6.27292
20110801	6.26636	6.37225	6.23485	6.31846
20110802	6.31821	6.41945	6.30195	6.4093
20110803	6.40935	6.44504	6.32117	6.34056
20110804	6.33556	6.55105	6.31635	6.54713
20110805	6.54712	6.56595	6.41828	6.47515
20110808	6.41894	6.54615	6.41137	6.48562
20110809	6.48631	6.57853	6.42745	6.43523
20110810	6.43478	6.5862	6.3946	6.58065
20110811	6.58037	6.61444	6.46608	6.48361
20110812	6.48383	6.56557	6.45375	6.49831
20110815	6.43319	6.51145	6.37947	6.40333
20110816	6.40634	6.45818	6.36479	6.39085
20110817	6.39062	6.42875	6.2894	6.32637
20110818	6.32687	6.45863	6.32187	6.44037
20110819	6.43887	6.49485	6.34843	6.38525
20110822	6.37428	6.42505	6.31965	6.36737
20110823	6.36687	6.36874	6.27213	6.31237
20110824	6.31187	6.37005	6.28776	6.32937
20110825	6.32987	6.37275	6.28823	6.31937
20110826	6.31987	6.3711	6.27875	6.29095
20110829	6.29004	6.30767	6.25425	6.29387
20110830	6.29337	6.38985	6.28205	6.35355
20110831	6.35373	6.36965	6.30335	6.34056
20110901	6.34034	6.41835	6.32975	6.41316
20110902	6.41321	6.44345	6.38017	6.38017
20110905	6.39539	6.47938	6.39539	6.44854
20110906	6.44836	6.49234	6.36914	6.46149
20110907	6.46181	6.46562	6.34192	6.35756
20110908	6.35719	6.44815	6.35045	6.43015
20110909	6.43009	6.57045	6.40205	6.53635
20110912	6.57156	6.77285	6.53552	6.68935
20110913	6.6876	6.77161	6.63059	6.66929
20110914	6.66978	6.76515	6.65165	6.69058
20110915	6.6901	6.74035	6.56607	6.57972
20110916	6.57948	6.66172	6.55985	6.60377
20110919	6.66512	6.75995	6.65412	6.66467
20110920	6.6659	6.73428	6.60592	6.60856
20110921	6.60885	6.77475	6.59823	6.76785
20110922	6.76718	6.94605	6.75675	6.90108
20110923	6.90313	6.95395	6.81679	6.93085
20110926	6.89729	6.99334	6.79755	6.79854
20110927	6.7993	6.84125	6.69725	6.76324
20110928	6.76456	6.82488	6.68542	6.80505
20110929	6.80602	6.83495	6.72505	6.79935
20110930	6.79561	6.90525	6.79561	6.86725
20111003	6.88196	6.9413	6.82898	6.93785
20111004	6.93525	6.98564	6.82665	6.83576
20111005	6.83594	6.91049	6.80485	6.85395
20111006	6.85049	6.94185	6.79385	6.80598
20111007	6.80172	6.8273	6.73932	6.80125
20111010	6.80909	6.82181	6.62455	6.65255
20111011	6.65579	6.73005	6.64195	6.67645
20111012	6.67336	6.71111	6.58485	6.62725
20111013	6.61457	6.69567	6.58422	6.64705
20111014	6.64365	6.67634	6.56135	6.58275
20111017	6.58523	6.67305	6.55825	6.66075
20111018	6.66157	6.71985	6.59645	6.62885
20111019	6.62607	6.64909	6.56984	6.63013
20111020	6.62951	6.6813	6.57475	6.61835
20111021	6.61746	6.64066	6.54267	6.55295
20111024	6.56507	6.59475	6.52082	6.53925
20111025	6.53933	6.5829	6.52545	6.56025
20111026	6.55839	6.58998	6.5032	6.51985
20111027	6.52002	6.53934	6.30926	6.33625
20111028	6.33155	6.38275	6.32758	6.37855
20111031	6.34694	6.52035	6.34694	6.50115
20111101	6.50149	6.66337	6.49915	6.61125
20111102	6.6062	6.64178	6.55989	6.60324
20111103	6.60353	6.6676	6.53715	6.57205
20111104	6.56999	6.63766	6.55575	6.57235
20111107	6.54795	6.64276	6.54795	6.55825
20111108	6.55398	6.59275	6.52195	6.52845
20111109	6.52359	6.70725	6.52187	6.68915
20111110	6.6835	6.73355	6.63919	6.68505
20111111	6.68143	6.69815	6.58732	6.61085
20111114	6.57802	6.71945	6.57738	6.68025
20111115	6.67938	6.77086	6.67627	6.73391
20111116	6.72837	6.81595	6.72395	6.81015
20111117	6.80831	6.83217	6.76675	6.81035
20111118	6.80884	6.81977	6.72305	6.78035
20111121	6.78037	6.8469	6.75742	6.81235
20111122	6.81276	6.83818	6.77405	6.82305
20111123	6.8151	6.93325	6.80637	6.91801
20111124	6.91108	6.96378	6.87123	6.93638
20111125	6.93946	7.02017	6.91876	7.00255
20111128	6.95685	6.99305	6.8939	6.96825
20111129	6.96238	6.98605	6.86011	6.88826
20111130	6.88582	6.94197	6.73815	6.76025
20111201	6.7575	6.8016	6.73325	6.76767
20111202	6.76063	6.78327	6.69515	6.74615
20111205	6.73984	6.77365	6.70195	6.75537
20111206	6.75445	6.79712	6.72826	6.73395
20111207	6.7331	6.75968	6.69036	6.71135
20111208	6.70972	6.814	6.69232	6.78895
20111209	6.78893	6.82155	6.71992	6.72344
20111212	6.71751	6.88965	6.71741	6.87165
20111213	6.86742	6.99408	6.83807	6.98274
20111214	6.97881	7.02455	6.96284	6.99215
20111215	6.99064	7.01895	6.94521	6.97545
20111216	6.97375	6.97863	6.89285	6.91775
20111219	6.90289	6.95475	6.87815	6.92945
20111220	6.91722	6.93242	6.82015	6.86244
20111221	6.85565	6.90788	6.78335	6.89035
20111222	6.88596	6.91274	6.84485	6.87041
20111223	6.85876	6.89325	6.83105	6.866
20111227	6.87185	6.88611	6.82624	6.84829
20111228	6.84265	6.92635	6.83715	6.90585
20111229	6.90175	6.94645	6.88848	6.89125
20111230	6.88189	6.93035	6.84385	6.89065
20120102	6.87469	6.90925	6.8654	6.89775
20120103	6.89422	6.89885	6.80291	6.82326
20120104	6.81497	6.90135	6.80315	6.83305
20120105	6.82981	6.94091	6.82375	6.93176
20120106	6.92602	6.95185	6.89805	6.93815
20120109	6.9423	6.96855	6.89175	6.89388
20120110	6.89106	6.92305	6.86915	6.89465
20120111	6.89169	6.95625	6.88692	6.93705
20120112	6.93319	6.96687	6.90272	6.92594
20120113	6.92293	7.03715	6.8986	6.98911
20120116	7.00481	7.02896	6.96655	6.97902
20120117	6.97335	6.99014	6.89655	6.92595
20120118	6.9221	6.92843	6.83505	6.84125
20120119	6.84008	6.85532	6.74646	6.74675
20120120	6.74572	6.81225	6.73585	6.77445
20120123	6.79704	6.80944	6.7223	6.73965
20120124	6.73437	6.79626	6.73082	6.75396
20120125	6.75182	6.84005	6.73455	6.73972
20120126	6.73235	6.79019	6.71705	6.78309
20120127	6.78054	6.80075	6.73334	6.739
20120130	6.72722	6.8051	6.72573	6.73983
20120131	6.7341	6.82187	6.71727	6.79907
20120201	6.79365	6.84625	6.70765	6.73769
20120202	6.72591	6.76755	6.70622	6.73934
20120203	6.73364	6.74732	6.66935	6.66935
20120206	6.68458	6.76285	6.68458	6.71975
20120207	6.71916	6.74545	6.65235	6.65815
20120208	6.65616	6.67268	6.63285	6.63933
20120209	6.63319	6.6699	6.61445	6.62613
20120210	6.6229	6.69353	6.62276	6.65319
20120213	6.6473	6.6644	6.62795	6.66155
20120214	6.65812	6.71275	6.64362	6.68095
20120215	6.67468	6.73625	6.64883	6.72056
20120216	6.71675	6.79063	6.70885	6.71958
20120217	6.71681	6.72974	6.69645	6.72395
20120220	6.67975	6.70398	6.63515	6.64665
20120221	6.64628	6.68227	6.61905	6.65393
20120222	6.64916	6.67975	6.62537	6.65715
20120223	6.65497	6.66905	6.60965	6.61545
20120224	6.61107	6.62955	6.53943	6.55015
20120227	6.5415	6.61651	6.5415	6.59265
20120228	6.59178	6.60105	6.54585	6.54795
20120229	6.54614	6.62141	6.53375	6.61764
20120301	6.61114	6.63605	6.59745	6.62147
20120302	6.61989	6.69912	6.61087	6.6762
20120305	6.67355	6.71305	6.66508	6.69685
20120306	6.69441	6.79945	6.6843	6.79598
20120307	6.79303	6.82225	6.76585	6.7768
20120308	6.7751	6.79262	6.68741	6.69708
20120309	6.69894	6.81267	6.69463	6.79805
20120312	6.79774	6.826	6.7816	6.79857
20120313	6.79931	6.81041	6.75697	6.7708
20120314	6.76758	6.86441	6.76536	6.84972
20120315	6.84474	6.87675	6.76889	6.78601
20120316	6.78331	6.81055	6.72078	6.74015
20120319	6.72319	6.76895	6.69845	6.71312
20120320	6.70971	6.76312	6.70894	6.75095
20120321	6.73815	6.7531	6.70404	6.71395
20120322	6.71339	6.79181	6.69776	6.76975
20120323	6.76566	6.78482	6.70906	6.72838
20120326	6.72314	6.77295	6.65797	6.66255
20120327	6.65972	6.68882	6.64453	6.68255
20120328	6.68233	6.68811	6.62495	6.65705
20120329	6.65409	6.68985	6.62247	6.66185
20120330	6.66017	6.66948	6.60738	6.60738
20120402	6.59422	6.63132	6.58191	6.59935
20120403	6.59999	6.65527	6.57245	6.63771
20120404	6.63693	6.73328	6.633	6.69595
20120405	6.68673	6.76165	6.6816	6.74705
20120406	6.74215	6.76148	6.72395	6.73957
20120409	6.72749	6.80002	6.72749	6.75183
20120410	6.74343	6.82017	6.72995	6.80199
20120411	6.79687	6.82255	6.76004	6.80035
20120412	6.79088	6.80314	6.72368	6.74345
20120413	6.73845	6.80092	6.73678	6.78801
20120416	6.77839	6.8442	6.75695	6.76265
20120417	6.75862	6.79328	6.74657	6.76555
20120418	6.76507	6.78828	6.72695	6.74585
20120419	6.74119	6.76671	6.71068	6.72516
20120420	6.72483	6.74335	6.67745	6.68215
20120423	6.69174	6.78545	6.68652	6.75202
20120424	6.75022	6.77006	6.72534	6.73235
20120425	6.73032	6.75125	6.71429	6.72185
20120426	6.71606	6.73243	6.69152	6.71135
20120427	6.70601	6.75544	6.70024	6.71505
20120430	6.70747	6.75299	6.70747	6.72282
20120501	6.71716	6.73535	6.70205	6.72245
20120502	6.71342	6.77356	6.71342	6.73507
20120503	6.73143	6.77054	6.73083	6.75235
20120504	6.74863	6.82115	6.74788	6.81405
20120507	6.84469	6.88291	6.81087	6.82155
20120508	6.81927	6.87503	6.81566	6.85098
20120509	6.84744	6.90715	6.84415	6.88205
20120510	6.87945	6.94341	6.86832	6.94065
20120511	6.93899	6.97915	6.93517	6.95016
20120514	6.95539	7.05199	6.95539	7.04875
20120515	7.04571	7.18495	7.01645	7.17165
20120516	7.16617	7.22964	7.11589	7.17065
20120517	7.16815	7.22055	7.12818	7.20105
20120518	7.19777	7.2402	7.12945	7.13915
20120521	7.12177	7.16441	7.10438	7.11005
20120522	7.10482	7.18149	7.08828	7.16185
20120523	7.15805	7.19984	7.13936	7.16665
20120524	7.16094	7.19575	7.121	7.18345
20120525	7.18117	7.1918	7.13733	7.17235
20120528	7.12511	7.17572	7.12135	7.15645
20120529	7.15109	7.22501	7.13232	7.19507
20120530	7.18996	7.26906	7.17566	7.26225
20120531	7.25862	7.28569	7.21448	7.26495
20120601	7.26502	7.32779	7.20295	7.24925
20120604	7.25101	7.28121	7.16483	7.16922
20120605	7.16544	7.23195	7.14382	7.20365
20120606	7.19972	7.24843	7.14715	7.14945
20120607	7.14445	7.20069	7.0937	7.14595
20120608	7.13022	7.21984	7.12065	7.12146
20120611	7.03076	7.12654	7.01142	7.12427
20120612	7.11737	7.13579	7.06625	7.06775
20120613	7.06481	7.09051	7.00897	7.03195
20120614	7.02414	7.05081	6.99845	7.00545
20120615	6.99644	7.03273	6.95594	6.96017
20120618	6.95446	7.04523	6.93775	7.02005
20120619	7.01469	7.03781	6.93765	6.96345
20120620	6.95761	6.99192	6.93485	6.94735
20120621	6.94216	7.03319	6.93645	7.02695
20120622	7.02139	7.03255	6.99519	7.00615
20120625	7.00421	7.08904	7.00421	7.06045
20120626	7.05234	7.10364	7.0422	7.06055
20120627	7.05458	7.0831	7.03903	7.04525
20120628	7.03901	7.09725	7.01403	7.04515
20120629	7.04159	7.04838	6.89732	6.90521
20120702	6.90745	6.95175	6.90203	6.92385
20120703	6.91489	6.95263	6.90815	6.92677
20120704	6.92391	6.95261	6.89575	6.90623
20120705	6.89902	6.96905	6.89421	6.96245
20120706	6.95445	7.04079	6.95409	7.01795
20120709	7.02975	7.04195	6.99715	7.00262
20120710	6.99999	7.01715	6.95651	6.98025
20120711	6.97423	7.01156	6.95175	6.99658
20120712	6.99177	7.05389	6.99177	7.02225
20120713	7.02505	7.05872	7.01235	7.02835
20120716	7.00876	7.07995	7.00794	7.03635
20120717	7.03279	7.0444	6.95537	6.95845
20120718	6.95192	6.97369	6.92449	6.93019
20120719	6.92625	6.94892	6.90423	6.91776
20120720	6.91635	6.95609	6.91111	6.93655
20120723	6.94699	7.00739	6.90784	6.92965
20120724	6.92317	6.99054	6.92073	6.97635
20120725	6.97317	6.98857	6.94354	6.96665
20120726	6.95784	6.98275	6.83706	6.86515
20120727	6.8591	6.92605	6.83205	6.85955
20120730	6.87543	6.89301	6.78315	6.78385
20120731	6.78333	6.83022	6.76858	6.79425
20120801	6.79265	6.81629	6.74043	6.78835
20120802	6.79077	6.82712	6.72087	6.80635
20120803	6.80429	6.81979	6.70125	6.70185
20120806	6.69146	6.76136	6.68353	6.70915
20120807	6.70595	6.73539	6.68832	6.72335
20120808	6.71754	6.74429	6.67583	6.68695
20120809	6.67929	6.72596	6.67169	6.68105
20120810	6.68245	6.72487	6.64494	6.65392
20120813	6.65743	6.71249	6.65152	6.70862
20120814	6.708	6.7156	6.64413	6.69692
20120815	6.69565	6.71704	6.66962	6.67803
20120816	6.67405	6.71346	6.66561	6.69055
20120817	6.68237	6.72871	6.66373	6.66445
20120820	6.65995	6.6986	6.64407	6.67065
20120821	6.66985	6.68196	6.62915	6.65225
20120822	6.64489	6.7087	6.62337	6.63665
20120823	6.63314	6.64942	6.59135	6.59135
20120824	6.58902	6.61398	6.57742	6.60283
20120827	6.58924	6.6173	6.56615	6.59425
20120828	6.59229	6.61614	6.55332	6.61017
20120829	6.60065	6.67672	6.60065	6.66085
20120830	6.65835	6.69849	6.64124	6.68773
20120831	6.68435	6.69291	6.58391	6.61175
20120903	6.62434	6.70342	6.61066	6.68825
20120904	6.67647	6.72199	6.66645	6.71448
20120905	6.71345	6.76527	6.6954	6.72884
20120906	6.72068	6.78266	6.70945	6.74513
20120907	6.73553	6.75378	6.59315	6.59315
20120910	6.5901	6.64923	6.5901	6.63515
20120911	6.63425	6.64685	6.59631	6.60665
20120912	6.5984	6.62935	6.55313	6.56375
20120913	6.56335	6.63745	6.55293	6.57079
20120914	6.56143	6.59801	6.50863	6.55005
20120917	6.55889	6.59618	6.54447	6.57217
20120918	6.5637	6.6012	6.54064	6.54091
20120919	6.53536	6.56782	6.49705	6.50769
20120920	6.50655	6.57089	6.503	6.52352
20120921	6.52265	6.57693	6.51133	6.55815
20120924	6.56222	6.59892	6.55696	6.5572
20120925	6.56013	6.59747	6.52615	6.56842
20120926	6.56302	6.63025	6.56071	6.58945
20120927	6.58815	6.60017	6.51661	6.52621
20120928	6.5211	6.57933	6.50714	6.56348
20121001	6.56002	6.5943	6.55512	6.59227
20121002	6.58359	6.61936	6.57886	6.60545
20121003	6.6021	6.69512	6.6021	6.68406
20121004	6.68224	6.68772	6.60085	6.60185
20121005	6.59817	6.62765	6.56769	6.60635
20121008	6.59319	6.65224	6.59289	6.63844
20121009	6.63333	6.70892	6.61999	6.69395
20121010	6.69375	6.72255	6.66408	6.69705
20121011	6.69716	6.73712	6.68163	6.70216
20121012	6.69665	6.70611	6.6694	6.69537
20121015	6.68201	6.72503	6.64715	6.65815
20121016	6.65785	6.66318	6.60329	6.60724
20121017	6.60595	6.60805	6.57668	6.58745
20121018	6.58455	6.60004	6.53138	6.56312
20121019	6.56165	6.58676	6.54302	6.57995
20121022	6.56816	6.61239	6.56	6.59395
20121023	6.592	6.66417	6.58632	6.64456
20121024	6.64429	6.70521	6.63762	6.68065
20121025	6.68045	6.71755	6.64225	6.70933
20121026	6.70805	6.74269	6.69215	6.70423
20121029	6.68455	6.73158	6.66075	6.67955
20121030	6.66825	6.69364	6.61902	6.63873
20121031	6.63355	6.64935	6.59723	6.63386
20121101	6.62925	6.6794	6.62377	6.65024
20121102	6.64255	6.70949	6.64255	6.70295
20121105	6.69871	6.7154	6.68656	6.68765
20121106	6.68625	6.70775	6.6753	6.67935
20121107	6.68195	6.71895	6.65397	6.68725
20121108	6.68525	6.70602	6.66811	6.66965
20121109	6.66755	6.75843	6.65254	6.72784
20121112	6.73244	6.76507	6.72749	6.75465
20121113	6.75325	6.79647	6.75325	6.78784
20121114	6.78735	6.78961	6.75912	6.78205
20121115	6.77945	6.80284	6.74635	6.76482
20121116	6.76155	6.81492	6.75994	6.78824
20121119	6.77952	6.79599	6.72127	6.72195
20121120	6.72205	6.78208	6.72015	6.75825
20121121	6.75805	6.80093	6.71591	6.7161
20121122	6.71365	6.72587	6.67003	6.67463
20121123	6.67075	6.68574	6.61415	6.62063
20121126	6.61731	6.64281	6.60199	6.60625
20121127	6.60655	6.69825	6.58525	6.68295
20121128	6.68045	6.70579	6.64275	6.64275
20121129	6.64235	6.68431	6.61928	6.66645
20121130	6.66315	6.67705	6.63839	6.66127
20121203	6.66013	6.66016	6.61975	6.63023
20121204	6.62765	6.64134	6.58301	6.59324
20121205	6.59165	6.62316	6.5802	6.59505
20121206	6.59465	6.64554	6.59155	6.63365
20121207	6.63215	6.68978	6.63006	6.67438
20121210	6.6892	6.70048	6.66772	6.68841
20121211	6.68775	6.69717	6.6358	6.64368
20121212	6.64285	6.66611	6.6086	6.64772
20121213	6.64595	6.69707	6.6441	6.67515
20121214	6.67445	6.71602	6.6518	6.67364
20121217	6.65986	6.68526	6.63455	6.65486
20121218	6.64775	6.66595	6.58916	6.60087
20121219	6.60045	6.60658	6.49875	6.54872
20121220	6.54655	6.56973	6.49483	6.50402
20121221	6.49276	6.56165	6.49267	6.55183
20121224	6.53971	6.55959	6.5152	6.54405
20121226	6.53435	6.54867	6.50055	6.50635
20121227	6.49064	6.52155	6.47625	6.50075
20121228	6.49161	6.53555	6.48143	6.511
20121231	6.49551	6.52568	6.48968	6.49735
20130102	6.47489	6.51103	6.44251	6.48645
20130103	6.48635	6.53414	6.48413	6.52862
20130104	6.52725	6.56706	6.52725	6.53253
20130107	6.53305	6.56085	6.49314	6.50021
20130108	6.48745	6.56484	6.48325	6.56095
20130109	6.55965	6.59317	6.54911	6.56193
20130110	6.55923	6.57425	6.47419	6.48914
20130111	6.48395	6.51305	6.46105	6.46105
20130114	6.45478	6.46835	6.43828	6.44093
20130115	6.43725	6.5217	6.43725	6.49753
20130116	6.49775	6.53711	6.48805	6.50125
20130117	6.49635	6.50985	6.4559	6.48698
