20060911	6311.5	6369	6270.5	6332.5
20060912	6351	6439.5	6308.5	6408
20060913	6438.5	6451.5	6410	6436
20060914	6447	6468.5	6422.5	6442.5
20060915	6451	6488.5	6439.5	6464.5
20060918	6476	6483	6427.5	6459
20060919	6449.5	6462.5	6376.5	6405.5
20060920	6407	6494.5	6402.5	6484
20060921	6489.5	6511	6438	6497.5
20060922	6454	6460.5	6386.5	6403.5
20060925	6431.5	6482.5	6392.5	6426.5
20060926	6467.5	6507.5	6454	6492
20060927	6511.5	6528.5	6482.5	6515.5
20060928	6521.5	6530	6499	6514.5
20060929	6529	6558	6517.5	6528.5
20061002	6553	6558.5	6488.5	6518
20061003	6504	6551.5	6468.5	6513.5
20061004	6525	6615.5	6522	6574.5
20061005	6623	6623.5	6591.5	6602
20061006	6604.5	6616.5	6575	6608
20061009	6601.5	6617.5	6575.5	6604.5
20061010	6616	6651.5	6610.5	6645
20061011	6627.5	6656.5	6601	6643
20061012	6645.5	6695.5	6632	6683
20061013	6700.5	6710.5	6672	6692
20061016	6711.5	6717	6681	6703
20061017	6700.5	6700.5	6624.5	6627
20061018	6656	6731	6656	6703
20061019	6676.5	6721	6665	6698.5
20061020	6709.5	6735.5	6692.5	6719
20061023	6739.5	6768	6700.5	6755.5
20061024	6757.5	6768.5	6742.5	6760.5
20061025	6758	6798.5	6748.5	6779.5
20061026	6796	6828.5	6783	6794
20061027	6810.5	6814.5	6742.5	6776.5
20061030	6750	6783.5	6720.5	6773
20061031	6773.5	6799	6749	6777
20061101	6785	6824.5	6763.5	6806
20061102	6771.5	6806	6709.5	6734.5
20061103	6742.5	6787.5	6723.5	6747.5
20061106	6750.5	6852.5	6750	6838.5
20061107	6838.5	6871.5	6836	6869.5
20061108	6849	6873.5	6825	6860.5
20061109	6866.5	6875.5	6836	6860
20061110	6852	6871	6813.5	6858.5
20061113	6861	6909	6849	6898
20061114	6902	6925	6867	6888
20061115	6921.5	6951	6909.5	6932.5
20061116	6931.5	6961	6917.5	6945
20061117	6936.5	6952.5	6899.5	6919
20061120	6908.5	6960	6865.5	6952.5
20061121	6946	6978	6943	6959
20061122	6980.5	6994.5	6951	6976
20061123	6984	6992.5	6957.5	6972.5
20061124	6963.5	6968	6863	6911
20061127	6887	6916.5	6758.5	6798.5
20061128	6780.5	6802.5	6742.5	6774
20061129	6798.5	6862.5	6791	6857.5
20061130	6867	6896	6782	6803.5
20061201	6824.5	6853.5	6688.5	6740.5
20061204	6733.5	6800.5	6721.5	6788.5
20061205	6797.5	6873.5	6777.5	6863
20061206	6863.5	6875.5	6831	6862
20061207	6843	6930	6838.5	6896.5
20061208	6882.5	6939	6838.5	6913.5
20061211	6925.5	6965	6925.5	6957
20061212	6950	6971.5	6934.5	6964
20061213	6944.5	7025	6943	7005.5
20061214	7021.5	7058.5	7008	7036
20061215	7063.5	7078.8	7043	7078.8
20061218	7072	7102.5	7057	7079
20061219	7057	7066	7009.5	7042.5
20061220	7078.5	7092.5	7044	7073.5
20061221	7049	7078.5	7025	7059
20061222	7051.5	7058.5	6970	6978
20061227	7015	7105	7013.5	7091
20061228	7103.5	7106	7078.5	7092.5
20061229	7092	7103	7073	7079.5
20070102	7101.5	7169.5	7097	7156
20070103	7157	7181	7102	7168
20070104	7130	7163	7107.5	7149.5
20070105	7136	7138.5	7058.5	7063
20070108	7064	7102.5	7039.5	7079
20070109	7117	7140.5	7049.5	7081
20070110	7052.5	7069.5	7001	7039.5
20070111	7070	7170.5	7041	7162.5
20070112	7142.5	7189.5	7131.5	7167
20070115	7198	7215.5	7192	7204.5
20070116	7203	7213.5	7172	7180.5
20070117	7184	7201	7139	7163
20070118	7182	7204	7124.5	7155.5
20070119	7135	7218.5	7114.5	7211.5
20070122	7224	7229.5	7132	7154
20070123	7151.5	7173.5	7088	7140.5
20070124	7166	7223	7142	7211
20070125	7219	7233.5	7134.5	7178
20070126	7133.5	7191	7119	7158.5
20070129	7163.5	7199.5	7141	7184.5
20070130	7186	7258.5	7167	7248
20070131	7238	7287	7215	7241.5
20070201	7283	7332	7281	7307.5
20070202	7324	7359.5	7311.5	7346
20070205	7332	7345.5	7317.5	7331
20070206	7345	7360.5	7313	7329
20070207	7336	7381	7334.5	7365.5
20070208	7361	7369	7300.5	7331.5
20070209	7365.5	7378	7307.5	7364
20070212	7316	7337	7292	7312
20070213	7327	7362.5	7313	7335
20070214	7370	7417	7354	7409.5
20070215	7411	7417.5	7395	7408.5
20070216	7396.5	7426	7386	7400.5
20070219	7418.5	7439	7417	7430.5
20070220	7435	7446.5	7379.5	7426
20070221	7443	7448	7365	7383.5
20070222	7426	7453.5	7414	7421.5
20070223	7438	7441	7404.5	7426
20070226	7440	7479.5	7438	7466.5
20070227	7448.5	7449	7058	7264.5
20070228	7137	7215	7114	7175
20070301	7114.5	7193.5	6980	7074
20070302	7057	7137.5	6978.5	7046
20070305	6890	6999	6848.5	6980
20070306	6971.5	7080.5	6971.5	7025.5
20070307	7048	7079	7017	7054.5
20070308	7084.5	7152.5	7070.5	7133
20070309	7172	7172.5	7140.5	7140.5
20070312	7172	7183	7103	7149
20070313	7145	7153.5	6967	7058
20070314	6946	6985	6849	6884.5
20070315	6992	7022	6931.5	6997.5
20070316	6970	6990.5	6963	6968
20070319	7036	7068.5	7018.5	7058.5
20070320	7062.5	7095	7022.5	7090.5
20070321	7081	7219	7075	7100.5
20070322	7226	7260	7196	7244
20070323	7231.5	7294.5	7216.5	7286.5
20070326	7286	7291	7188.5	7215.5
20070327	7260	7274	7225	7240.5
20070328	7222	7249	7174.5	7199
20070329	7242.5	7294	7231.5	7280
20070330	7290.5	7349.5	7267	7299
20070402	7294	7351.5	7273.5	7320
20070403	7356	7449.5	7356	7429
20070404	7458	7469.5	7420.5	7451.5
20070405	7456	7508	7446	7479.5
20070410	7492	7561.5	7489.5	7537.5
20070411	7543	7579.5	7511	7536.5
20070412	7528	7563.5	7463	7522
20070413	7537.5	7598	7528.5	7586
20070416	7615	7727	7608	7709.5
20070417	7699	7743.5	7667	7721
20070418	7706	7714	7618	7661
20070419	7616	7648.5	7526.5	7620.5
20070420	7641	7743.5	7637	7713
20070423	7718.5	7730	7671.5	7710.5
20070424	7696.5	7713.5	7592.5	7655
20070425	7647	7748	7637	7711.5
20070426	7765	7788	7729.5	7757
20070427	7761	7785.5	7703	7746.5
20070430	7751.5	7805	7726	7781.5
20070502	7777	7842	7777	7824.5
20070503	7829	7851.5	7787.5	7839
20070504	7845.5	7889.5	7827.5	7874.5
20070507	7904	7908	7868.5	7886.5
20070508	7870.5	7881.5	7774.5	7804.5
20070509	7847.5	7874	7788	7834
20070510	7860	7860.5	7702.5	7770
20070511	7722.5	7859.5	7663	7831
20070514	7864	7887	7773.5	7813.5
20070515	7780	7879	7772	7852.5
20070516	7828.5	7877.5	7813.5	7832.5
20070517	7878	7888.5	7835	7848
20070518	7836	7972	7832	7959.5
20070521	7972.5	7994.5	7948.5	7972.5
20070522	7965.5	8027	7956.5	8009
20070523	8002.5	8101.5	8002.5	8083.5
20070524	8057.5	8125	8004	8040.5
20070525	8024	8109	8005.5	8085
20070529	8110	8134	8079	8117
20070530	8085	8167	8019	8107.5
20070531	8176.5	8238.5	8173	8220
20070601	8235.5	8345	8229	8328
20070604	8305	8351	8275.5	8321
20070605	8312.5	8343	8193	8262
20070606	8262	8268	8022	8085
20070607	8075	8120.5	7885.5	7946
20070608	7908	8005	7832	7913.5
20070611	7997.5	8089.5	7962	8025.5
20070612	8020	8075	7959	8020
20070613	7979	8066	7926	8012
20070614	8084	8197	8081.5	8167
20070615	8186.5	8276.6	8184	8276.6
20070618	8281	8348.5	8265.5	8292.5
20070619	8292.5	8330	8265	8294.5
20070620	8321	8385.5	8230.5	8349
20070621	8283	8310	8153.5	8227.5
20070622	8255.5	8263.5	8118	8193
20070625	8161.5	8217.5	8075	8185.5
20070626	8118.5	8149.5	8062	8108
20070627	8048.5	8114	7994	8047.5
20070628	8138	8212.5	8109.5	8154.5
20070629	8195.5	8255	8123	8247
20070702	8206.5	8223.5	8153.5	8208
20070703	8230	8307	8230	8285
20070704	8279.5	8329.5	8278.5	8311.5
20070705	8324.5	8357	8182	8220.5
20070706	8210.5	8288.5	8179.5	8276.5
20070709	8318.5	8354.5	8292	8313.5
20070710	8308.5	8345	8069.5	8207
20070711	8092.5	8156	8031.5	8133.5
20070712	8168.5	8352.5	8110	8274
20070713	8356	8383.5	8292	8324
20070716	8313	8360	8294.5	8333
20070717	8314.5	8326.5	8221	8262
20070718	8166.5	8186	8073.5	8128.5
20070719	8185.5	8232.5	8161.5	8202
20070720	8186.5	8228	8045	8101.5
20070723	8111.5	8168	8054	8160
20070724	8134.5	8154.5	7904.5	8034.5
20070725	7960.5	8005.5	7878.5	7910.5
20070726	7939.5	7965.5	7598.5	7728.5
20070727	7666.5	7748	7585	7656.5
20070730	7667	7761.5	7584.5	7676.5
20070731	7734.5	7846.5	7708	7782.5
20070801	7594	7843	7581.5	7673
20070802	7744	7800.5	7701.5	7738.5
20070803	7778.5	7778.5	7620	7643
20070806	7618.5	7768.5	7571.5	7662
20070807	7719	7813.5	7669.5	7718
20070808	7787	7838.5	7724	7813.5
20070809	7806.5	7806.5	7622	7657
20070810	7554.5	7647	7499	7561
20070813	7665.5	7683	7592	7673
20070814	7608.5	7694.5	7582.5	7631.5
20070815	7565.5	7685	7517.5	7664.5
20070816	7483.5	7588.5	7389	7498.5
20070817	7463.5	7696.5	7391.5	7592
20070820	7621.5	7663.5	7579.5	7602
20070821	7646.5	7668.5	7543.5	7608.5
20070822	7612	7720	7608.5	7699
20070823	7780.5	7795.5	7657	7718.5
20070824	7684	7760	7652	7694.5
20070827	7737	7740.5	7652	7673
20070828	7648.5	7668.5	7545.5	7619
20070829	7558.5	7702	7541.5	7620
20070830	7681	7728.5	7604	7711
20070831	7767.5	7877	7724	7820
20070903	7848	7865.5	7816	7831
20070904	7820	7940	7781.5	7899.5
20070905	7866	7903	7762	7780.5
20070906	7813.5	7835.5	7689.5	7792.5
20070907	7774.5	7810	7599.5	7602
20070910	7598	7647	7544.5	7555
20070911	7628.5	7674.5	7592.5	7636.5
20070912	7629.5	7657	7600	7648
20070913	7629.5	7721.5	7605	7720
20070914	7684	7696.5	7616.5	7674.5
20070917	7665	7705.5	7606	7664
20070918	7633.5	7868.5	7614	7750
20070919	7878.5	7944.5	7869.5	7924.5
20070920	7886.5	7921.5	7865	7907.5
20070921	7884.5	8000.3	7877.5	8000.3
20070924	7992	7999.5	7956.5	7990
20070925	7952.5	7990	7918.5	7974.5
20070926	8006.5	8024.5	7987.5	8001
20070927	8047.5	8081.5	8034	8049
20070928	8072	8081.5	7950.5	8072
20071001	8045	8156.5	8029.5	8109
20071002	8142.5	8166.5	8119	8138.5
20071003	8159.5	8164.5	8121	8146
20071004	8145.5	8157.5	8101	8130.5
20071005	8123.5	8206.5	8123.5	8179
20071008	8181.5	8198.5	8139	8160.5
20071009	8181.5	8204.5	8140.5	8167.5
20071010	8196.5	8200	8125	8164.5
20071011	8197.5	8248	8151.5	8213.5
20071012	8159.5	8237.5	8150	8212
20071015	8208.5	8220	8128	8148.5
20071016	8152.5	8157.5	8104.5	8130
20071017	8124.5	8196.5	8119.5	8152.5
20071018	8187	8194	8067	8090
20071019	8074.5	8119.5	7977.5	8059.5
20071022	7938	8007	7924	7963.5
20071023	8021.5	8051	7993	8008
20071024	8015.5	8075.5	7978	7999
20071025	8052.5	8137	7977.5	8092
20071026	8124	8142.5	8086.5	8109.5
20071029	8184.5	8189.5	8150.5	8174.5
20071030	8160.5	8167	8100.5	8137.5
20071031	8136.5	8217.5	8116	8177
20071101	8184.5	8196	7971	8044.5
20071102	7986	8043.5	7948.5	7999.5
20071105	7977.5	8011	7931	7961.5
20071106	8006.5	8033.5	7978.5	7989
20071107	7985	8010	7894.5	7951
20071108	7869.5	8055	7859.5	7975
20071109	8020.5	8075	7946.5	7975.5
20071112	7936.5	7985	7862	7961
20071113	7909	8007	7907	7934
20071114	8011.5	8031	7901	7936
20071115	7923.5	7955	7717.5	7817.5
20071116	7765	7807	7711	7759
20071119	7769	7788.5	7643	7661.5
20071120	7703.5	7785	7674	7776.5
20071121	7686	7719.5	7618.5	7673
20071122	7668.5	7728.5	7631	7709.5
20071123	7701.5	7773.5	7688.5	7751.5
20071126	7811	7824.5	7585.5	7713.5
20071127	7651.5	7716	7584.5	7675.5
20071128	7692.5	7929	7678	7867.5
20071129	7916	7936	7868.5	7893
20071130	7931.5	8036	7919	8012.5
20071203	7983.5	8029.5	7962.5	7977
20071204	7962	7989.5	7923.5	7945.5
20071205	7981.5	8088.5	7977	8082
20071206	8107	8148.5	8043	8078
20071207	8122	8143.5	8088.5	8125
20071210	8103	8189	8079	8164
20071211	8181	8202	7992.5	8142
20071212	8068	8252.5	8055	8205.5
20071213	8151	8164.5	8045.5	8059
20071214	8094	8114	8000	8077.5
20071217	7988.5	7998.5	7890	7959.5
20071218	7923	8071.5	7903.5	7987.5
20071219	7989.5	8003	7898.5	7966.5
20071220	7957.5	8040	7954.5	7985.5
20071221	8053	8122.5	8046.5	8114.2
20071227	8185.5	8279	8083	8149.5
20071228	8121	8176	8099	8170.5
20080102	8131.5	8206.5	7998.5	8054.5
20080103	8061.5	8071	7956	8003.5
20080104	8010	8014	7862.5	7914.5
20080107	7866	7959	7861	7915
20080108	7918.5	8022	7847	7953.5
20080109	7894.5	7932.5	7839.5	7869.5
20080110	7891	7925.5	7790	7811.5
20080111	7796	7838.5	7747.5	7815.5
20080114	7794	7852.5	7772	7832
20080115	7786	7812	7643.5	7662
20080116	7594.5	7644	7537	7575
20080117	7586	7634	7397.5	7496.5
20080118	7491	7587.5	7368.5	7405
20080121	7346	7360.5	6828	6883
20080122	6746.5	6959.5	6474.5	6859
20080123	6837	6960	6407	6526
20080124	6777.5	6926	6739.5	6896.5
20080125	6981	7073.5	6786	6873
20080128	6641	6956.5	6634	6881
20080129	6943	6998.5	6883	6953
20080130	6927	7043.5	6887.5	6943
20080131	6881	7018.5	6753.5	6936.5
20080201	6985	7101.5	6967	7026.5
20080204	7087.5	7122	7011.5	7060
20080205	7048.5	7057	6756	6816
20080206	6754	6923	6737	6914.5
20080207	6830	6897.5	6712	6790
20080208	6856	6914	6751	6835.5
20080211	6784.5	6870.5	6744	6801
20080212	6839	7038.5	6802.5	7016.5
20080213	6954.5	7085.5	6924	7035
20080214	7104.5	7116	6972	7006
20080215	7000	7067.5	6847.5	6884
20080218	6955	7051.5	6925	7024
20080219	7004	7134	6940.5	7052.5
20080220	6986	7048.5	6899	6950
20080221	7043.5	7068.5	6888	6945
20080222	6915	6930.5	6807.5	6835
20080225	6932	6983	6871.5	6931.5
20080226	6970	7074.5	6950	7030
20080227	7039	7064.5	6924	7041
20080228	6998.5	7040.5	6892	6906
20080229	6892	6909	6716.5	6774.5
20080303	6654	6765.5	6642	6720
20080304	6718.5	6761	6556	6579
20080305	6632	6739.5	6620	6714
20080306	6726	6729	6569	6629
20080307	6566	6602	6480	6531.5
20080310	6480.5	6575	6432.5	6479.5
20080311	6493	6674.5	6466.5	6574
20080312	6635	6701.5	6567	6629
20080313	6538	6602.5	6429.5	6540.5
20080314	6529	6656	6381.5	6495.5
20080317	6301.5	6343.5	6200	6220.5
20080318	6298	6510.5	6296	6418
20080319	6502	6502	6306.5	6394.5
20080320	6327.5	6403	6327.5	6352.7
20080325	6556	6590	6507	6553
20080326	6549.5	6566.5	6485	6516.5
20080327	6494	6637	6491	6605.5
20080328	6609.5	6641	6525	6581.5
20080331	6540	6596	6449	6549.5
20080401	6554	6820	6509.5	6744
20080402	6807	6831.5	6748.5	6797.5
20080403	6815.5	6823.5	6716	6759.5
20080404	6792	6832	6709.5	6782.5
20080407	6807	6863.5	6804.5	6836.5
20080408	6790	6804	6740.5	6779
20080409	6762.5	6805	6682.5	6733.5
20080410	6718.5	6742	6620.5	6717
20080411	6772	6784	6561	6615.5
20080414	6569.5	6602	6526.5	6565
20080415	6605	6639	6533.5	6587.5
20080416	6656	6756	6609	6710.5
20080417	6747.5	6753.5	6673	6693.5
20080418	6739	6871.5	6719	6855.5
20080421	6845	6857.5	6756	6788
20080422	6796.5	6825.5	6680	6730.5
20080423	6724	6824	6660.5	6805.5
20080424	6769.5	6875	6717.5	6825.5
20080425	6863	6949.5	6848	6890.5
20080428	6927.5	6969	6909	6930.5
20080429	6935	6935	6856.5	6879.5
20080430	6893	6968	6849	6945
20080502	7000	7089.5	6996.5	7034.5
20080505	7012	7068	7006	7039.5
20080506	7052	7069	6961.5	7017.5
20080507	7043	7102	6995	7078
20080508	7015.5	7077.5	7000.5	7057.5
20080509	7014	7022	6950	6996
20080512	7014	7061.5	6996	7026.5
20080513	7066	7071.5	6991.5	7043
20080514	7061	7090.5	6986.5	7068.5
20080515	7049	7121	7019	7062.5
20080516	7094	7196	7092	7127
20080519	7177	7224	7147.5	7207.5
20080520	7182	7182	7080	7103
20080521	7104	7133	6948	7027.5
20080522	6986	7070.5	6957	7053.5
20080523	7049	7055	6908.5	6923
20080526	6923	6942	6891	6934.5
20080527	6940.5	6982.5	6880.5	6935
20080528	6949	7059	6927	7015
20080529	7038	7075.5	6975	7034
20080530	7051	7096	7041	7060.5
20080602	7073.5	7080	6924	6978.5
20080603	6936	6994.5	6915	6987.5
20080604	6953	6960	6864	6940
20080605	6934	6975.5	6867.5	6909
20080606	6958.5	6968	6703.5	6771.5
20080609	6731.5	6805	6726.5	6777
20080610	6744	6771.5	6679	6738
20080611	6753.5	6776.5	6591	6616.5
20080612	6605.5	6694.5	6603	6677
20080613	6664	6740	6607.5	6724.5
20080616	6745.5	6771	6629.5	6681
20080617	6697.5	6814.5	6697.5	6759.5
20080618	6752	6756	6662	6681.5
20080619	6663	6723	6616	6684
20080620	6696	6722.5	6616.6	6616.6
20080623	6613.5	6662	6604.5	6632
20080624	6629	6650.5	6472	6580.5
20080625	6565.5	6667	6563.5	6650.5
20080626	6601.5	6609.5	6428.5	6492.5
20080627	6470.5	6493.5	6372	6457.5
20080630	6436	6472.5	6332	6443.5
20080701	6419	6429.5	6248.5	6346
20080702	6327.5	6421.5	6266.5	6330.5
20080703	6298.5	6415	6220.5	6377
20080704	6374	6404.5	6275	6291
20080707	6311.5	6440.5	6299.5	6421.5
20080708	6282	6403	6242.5	6327.5
20080709	6392.5	6416.5	6294.5	6408.5
20080710	6308.5	6406	6268.5	6308
20080711	6361.5	6367.5	6142	6172.5
20080714	6242.5	6269.5	6155	6218.5
20080715	6136	6169.5	6017.5	6103.5
20080716	6128.5	6246	6005	6161.5
20080717	6222	6344.5	6212	6281.5
20080718	6271.5	6402.5	6244	6385
20080721	6398.5	6497.5	6352	6439.5
20080722	6403.5	6513	6329	6457.5
20080723	6494	6572.5	6492	6549
20080724	6558.5	6580	6386	6436.5
20080725	6413.5	6490	6339	6449.5
20080728	6425.5	6436.5	6293.5	6352.5
20080729	6311.5	6455	6266.5	6406
20080730	6455	6510	6418.5	6469.5
20080731	6486	6545	6427.5	6488.5
20080801	6443.5	6492	6365.5	6391
20080804	6383.5	6401	6320	6336.5
20080805	6357.5	6563	6340	6515
20080806	6574	6601	6495	6566
20080807	6548	6619.5	6491	6544.5
20080808	6530	6604	6435.5	6550.5
20080811	6589	6628.5	6553.5	6600.5
20080812	6581	6621	6527	6580
20080813	6551.5	6553.5	6399.5	6424
20080814	6441	6473.5	6358.5	6437
20080815	6453.5	6507	6380.5	6440
20080818	6427.5	6477.5	6351	6416
20080819	6363.5	6368.5	6239	6269.5
20080820	6283.5	6325.5	6247.5	6307.5
20080821	6263	6280.5	6201	6223
20080822	6228.5	6341	6211.5	6223
20080825	6317.5	6345.5	6231.5	6282.5
20080826	6266	6354.5	6219	6338
20080827	6321.5	6336	6230.5	6301
20080828	6293.5	6437	6240	6401
20080829	6406	6434	6375	6400
20080901	6360.5	6426	6312	6394
20080902	6366	6529.5	6351	6483.5
20080903	6431	6494	6411.5	6448.5
20080904	6433.5	6452	6196.5	6249
20080905	6184.5	6222	6061.5	6086.5
20080908	6253.5	6326.5	6189	6227
20080909	6219	6295.5	6121.5	6198
20080910	6166.5	6227	6125.5	6159
20080911	6143	6215	6046	6123
20080912	6195.5	6221	6123	6197
20080915	5963.5	6047.5	5904	6013
20080916	5899.5	5997.5	5823.5	5913
20080917	5971	6010.5	5747	5790.5
20080918	5822	6002.5	5749.5	5808.5
20080919	6063.5	6128	6032	6105
20080922	6101.5	6138	5927.5	6019.5
20080923	5979	6036	5912	5986.5
20080924	5977	6017	5921.5	5966.5
20080925	5965	6112	5953	6093
20080926	6012	6032	5913	5990
20080929	5932	5948.5	5429.5	5731.5
20080930	5533.5	5822	5518.5	5745
20081001	5789	5801.5	5662.5	5710
20081002	5695.5	5792.5	5533	5572
20081003	5602	5756	5519.5	5704
20081006	5464	5478.5	5178.5	5277.5
20081007	5368	5411.5	5064.5	5246.5
20081008	5032	5242	4769	4914
20081009	4914	5056	4532	4732.5
20081010	4466	4621	4190	4356
20081013	4679.5	5137.5	4631	4933.5
20081014	5224	5276.5	4951	5094
20081015	5083.5	5097	4532	4716.5
20081016	4412	4787	4403.5	4475
20081017	4777	4845	4467	4662
20081020	4772	4836	4640	4722
20081021	4809	4814.5	4556.5	4649.5
20081022	4557	4592	4226.5	4428
20081023	4420.5	4469.5	4174.5	4383
20081024	4157	4265.5	3889.5	4154.5
20081027	4054.5	4360.5	3937	4159
20081028	4317	4863.5	4272	4543
20081029	4712	4772	4508.5	4657.5
20081030	4774.5	4905.5	4687	4757.5
20081031	4744	4970	4645.5	4922
20081103	4952	4976	4844.5	4894.5
20081104	4910	5213	4870.5	5163.5
20081105	5197	5201	4877.5	5054.5
20081106	4894	4951	4556	4679.5
20081107	4661	4894	4620.5	4793.5
20081110	4946	5006	4741	4900
20081111	4808.5	4830	4590	4635.5
20081112	4737	4751	4419	4481.5
20081113	4477	4786.5	4368.5	4518.5
20081114	4698	4747	4515.5	4598.5
20081117	4549.5	4604	4382	4415
20081118	4411	4491.5	4313	4432
20081119	4481.5	4495	4137	4211
20081120	4097	4202.5	3900	4095
20081121	4046	4164.5	3891	3946
20081124	4119	4500.5	4021.5	4435.5
20081125	4436	4565	4323	4437
20081126	4391	4535	4284.5	4451
20081127	4490	4550	4452	4538.5
20081128	4527	4572	4429.5	4526.5
20081201	4505	4533.5	4170	4232.5
20081202	4205	4439	4165	4417
20081203	4375	4488.5	4238.5	4441
20081204	4418.5	4597	4287	4450
20081205	4357	4417	4182.5	4224.5
20081208	4488	4636.5	4467.5	4596
20081209	4544	4712.5	4483	4640
20081210	4648.5	4705	4602.5	4666.5
20081211	4650	4684	4565.5	4624.5
20081212	4438	4616.5	4380	4532
20081215	4631	4656	4475	4524
20081216	4537	4708	4503	4577.5
20081217	4664.5	4664.5	4496	4564
20081218	4592.5	4645.5	4511	4612.5
20081219	4561	4594	4498	4527.2
20081222	4494	4507.5	4368	4458.5
20081223	4424	4526.5	4408	4450
20081229	4454	4538	4443	4499.5
20081230	4544	4618.5	4542	4618.5
20090102	4669	4846.5	4647	4761.5
20090105	4816	4841	4750.5	4777
20090106	4806	4922.5	4762.5	4818.5
20090107	4809	4818.5	4701	4739
20090108	4699	4724	4621.5	4692
20090109	4702	4737.5	4542.5	4597
20090112	4549	4593	4457.5	4523
20090113	4490	4504	4395	4437.5
20090114	4475	4479	4176.5	4232.5
20090115	4169	4251	4088	4127
20090116	4211	4272	4095	4172
20090119	4213.5	4250	4043	4106
20090120	4114	4177.5	3961.5	4024.5
20090121	4017.5	4159.5	3932.5	4046.5
20090122	4134	4161.5	3978.5	4019.5
20090123	4019	4029	3859	3976
20090126	3928.5	4167	3925.5	4114
20090127	4113.5	4157	4055.5	4127.5
20090128	4166.5	4354	4164	4307
20090129	4314	4320.5	4159.5	4222
20090130	4209.5	4245	4097.5	4124.5
20090202	4098.5	4099	3986.5	4060
20090203	4060	4214	4010.5	4159
20090204	4185.5	4338	4163	4278
20090205	4209	4356	4175.5	4289
20090206	4306.5	4474	4294	4414
20090209	4403.5	4478	4385	4460
20090210	4410	4437.5	4223	4334
20090211	4274	4332	4253	4322
20090212	4291	4310	4149.5	4201.5
20090213	4261	4297.5	4174.5	4201.5
20090216	4155	4211	4115.5	4155.5
20090217	4123.5	4129.5	3982.5	4020
20090218	4006	4039.5	3909.5	3997.5
20090219	3984	4063	3944	4000.5
20090220	3906.5	3927	3757	3833.5
20090223	3838	3900.5	3641	3730.5
20090224	3687	3774	3601.5	3696.5
20090225	3713	3764	3574.5	3632.5
20090226	3654.5	3776.5	3635	3723
20090227	3657.5	3688.5	3545.5	3631.5
20090302	3557.5	3570.5	3450	3483
20090303	3518	3543	3453	3493
20090304	3514	3719	3509	3669.5
20090305	3617	3647.5	3440	3488.5
20090306	3497.5	3556	3405	3440
20090309	3458	3493	3372.5	3480
20090310	3465.5	3692	3451	3669.5
20090311	3649.5	3779	3612	3695.5
20090312	3658.5	3796	3585	3736.5
20090313	3792.5	3838	3720.5	3742.5
20090316	3789	3857	3766.5	3815.5
20090317	3822.5	3842.5	3731	3773.5
20090318	3833	3872.5	3731	3776.5
20090319	3821	3921.5	3786.5	3829.5
20090320	3791	3868	3782	3856.8
20090323	3901.5	4041	3891	3971
20090324	4022.5	4044.5	3944.5	3988
20090325	3974.5	4060.5	3927	4017
20090326	4036.5	4092	4009	4054
20090327	4050.5	4066.5	3949	3994
20090330	3951.5	3951.5	3757.5	3786.5
20090331	3783	3924	3783	3883.5
20090401	3840.5	3970.5	3787.5	3922.5
20090402	4018.5	4195	4006.5	4170.5
20090403	4158	4251.5	4125	4171.5
20090406	4240	4253	4095.5	4121.5
20090407	4173.5	4179.5	4066	4110.5
20090408	4041.5	4181	4013.5	4148
20090409	4198.5	4301.5	4167.5	4274
20090414	4267.5	4374.5	4252.5	4334.5
20090415	4289.5	4390.5	4276.5	4331
20090416	4362.5	4449.5	4320	4394.5
20090417	4401.5	4480.5	4379.5	4443
20090420	4448.5	4455.5	4248.5	4280.5
20090421	4294.5	4339.5	4180.5	4292.5
20090422	4308.5	4405.5	4245.5	4381.5
20090423	4350.5	4398	4310	4324
20090424	4349.5	4470	4337.5	4457
20090427	4419	4505	4360	4494.5
20090428	4423.5	4436.5	4337	4405.5
20090429	4421.5	4525.5	4409.5	4501.5
20090430	4504	4629	4495	4580
20090504	4602.5	4703	4591.5	4681
20090505	4687.5	4717.5	4631.5	4642.5
20090506	4628.5	4734.5	4612.5	4671.5
20090507	4710	4766.5	4573.5	4594
20090508	4654.5	4753	4633.5	4700.5
20090511	4704.5	4718.5	4616.5	4650.5
20090512	4621.5	4714.5	4603	4644.5
20090513	4691	4695	4487.5	4511.5
20090514	4509.5	4553	4438	4521.5
20090515	4532.5	4558.5	4466.5	4518.5
20090518	4456.5	4673	4440.5	4628
20090519	4674	4796	4668.5	4730.5
20090520	4735	4845	4720.5	4817
20090521	4756.5	4773	4645	4679.5
20090522	4693	4748.5	4651.5	4701
20090525	4696	4724.5	4610.5	4708
20090526	4671.5	4795.5	4585.5	4775.5
20090527	4769	4819	4709	4784.5
20090528	4741.5	4772.5	4665.5	4724
20090529	4756.5	4793.5	4699.5	4717.5
20090601	4796	4939.5	4789.5	4918
20090602	4891.5	4961	4882.5	4935.5
20090603	4929.5	4952.5	4798.5	4843
20090604	4836.5	4905	4826.5	4857
20090605	4877.5	4946.5	4828	4863.5
20090608	4834.5	4842.5	4748	4790
20090609	4816.5	4849	4760.5	4780.5
20090610	4823	4917.5	4790.5	4827.5
20090611	4843	4911	4820	4891.5
20090612	4874	4889	4825.5	4849.5
20090615	4841.5	4841.5	4662.5	4680
20090616	4671.5	4716	4625.5	4682
20090617	4650.5	4669	4541.5	4589.5
20090618	4597.5	4639.5	4550.5	4622.5
20090619	4620.5	4647	4597	4622.7
20090622	4611.5	4628.5	4445	4473.5
20090623	4445.5	4518.5	4434.5	4469
20090624	4485.5	4605.5	4461.5	4597.5
20090625	4597.5	4608	4482.5	4563.5
20090626	4582.5	4631	4515	4539.5
20090629	4509.5	4667	4502.5	4646
20090630	4646	4669.5	4552	4581
20090701	4581	4693	4568.5	4657
20090702	4623.5	4643	4466.5	4493
20090703	4496	4513	4447	4457.5
20090706	4430	4455	4371	4423.5
20090707	4431	4467	4334.5	4357.5
20090708	4336.5	4394.5	4315	4327
20090709	4352	4433	4350	4383.5
20090710	4363.5	4408	4329.5	4336
20090713	4315.5	4514	4282.5	4467.5
20090714	4499	4566	4466	4538.5
20090715	4590.5	4710	4574	4682.5
20090716	4682.5	4784	4665	4727.5
20090717	4771	4785	4721.5	4749.5
20090720	4798.5	4824.5	4768.5	4797
20090721	4826.5	4904.5	4791	4853.5
20090722	4878.5	4903.5	4812	4877.5
20090723	4898.5	5032.5	4863.5	5010.5
20090724	4990.5	5068.5	4963.5	4986.5
20090727	5066.5	5087	4979	5004
20090728	5047	5067.5	4927	4939.5
20090729	4980.5	5074.5	4909	5032.5
20090730	5069.5	5162.5	5017	5136
20090731	5111.5	5151	5067	5103.5
20090803	5123.5	5228	5069.5	5188
20090804	5174.5	5198	5123	5180
20090805	5189.5	5217.5	5095.5	5122.5
20090806	5161.5	5188.5	5098.5	5132
20090807	5125.5	5245	5077	5207
20090810	5191.5	5207.5	5153	5184
20090811	5196.5	5218.5	5034	5052.5
20090812	5076	5147	5016	5113
20090813	5122.5	5218.5	5113.5	5161
20090814	5161.5	5209	5053.5	5072.5
20090817	5070.5	5070.5	4938.5	4973
20090818	4996.5	5023.5	4959.5	4994.5
20090819	4981.5	5042	4921.5	4993.5
20090820	5049.5	5097.5	5027.5	5067
20090821	5050.5	5243	5043.5	5210
20090824	5254.5	5295.5	5229.5	5269
20090825	5230.5	5340	5222	5318
20090826	5311.5	5335.5	5262.5	5289
20090827	5275.5	5305	5193.5	5233.5
20090828	5268	5337.5	5254.5	5277.5
20090831	5241.5	5258.5	5199	5230.5
20090901	5265.5	5275.5	5064.5	5098.5
20090902	5090.5	5102	5025	5081.5
20090903	5070.5	5128.5	5038.5	5062
20090904	5084.5	5193	5082.5	5130
20090907	5176.5	5239.5	5176.5	5216.5
20090908	5234.5	5265.5	5216	5243
20090909	5223.5	5347.5	5211	5334.5
20090910	5354	5390.5	5307.5	5353.5
20090911	5371.5	5415	5360	5385.5
20090914	5331.5	5405	5293.5	5379.5
20090915	5387	5411.5	5344.5	5382
20090916	5411.5	5490.5	5403	5455.5
20090917	5496.5	5510.5	5457.5	5499
20090918	5478.5	5524	5463	5478
20090921	5469.5	5473	5377	5434.5
20090922	5464	5514	5452	5468.5
20090923	5472	5516.5	5431.5	5456
20090924	5439	5504	5345.5	5373.5
20090925	5382.5	5390.5	5320	5349.5
20090928	5326	5514.5	5314	5482
20090929	5494	5519	5450.5	5479.5
20090930	5479.5	5506.5	5379	5434.5
20091001	5439	5489	5291	5319.5
20091002	5282	5298	5203.5	5244
20091005	5230.5	5309	5202	5268.5
20091006	5280	5425	5279	5411.5
20091007	5400	5455	5388	5413.5
20091008	5481	5493.5	5428	5472.5
20091009	5474	5511	5436	5470.5
20091012	5493	5578.5	5493	5540
20091013	5533	5552	5457.5	5482
20091014	5545	5627	5543	5607
20091015	5622	5633	5569	5596.5
20091016	5625	5650	5492.5	5522
20091019	5529.5	5621	5522	5615
20091020	5617.5	5654	5545.5	5580
20091021	5588	5622.5	5499.5	5600
20091022	5532.5	5583.5	5474	5534.5
20091023	5592	5612	5487.5	5511
20091026	5535	5564	5385.5	5404.5
20091027	5416	5437	5360.5	5400.5
20091028	5381	5392	5221.5	5272
20091029	5226	5376	5223	5353.5
20091030	5359.5	5363.5	5142.5	5163.5
20091102	5173	5236	5096.5	5185.5
20091103	5147.5	5158	5076	5128.5
20091104	5145	5234.5	5136	5207.5
20091105	5143	5276.5	5118	5250.5
20091106	5240	5293	5171	5249
20091109	5288.5	5417.5	5288.5	5380
20091110	5395	5414	5357	5379
20091111	5417	5468.5	5406	5429.5
20091112	5414.5	5490.5	5395.5	5433
20091113	5431.5	5464.5	5376.5	5450
20091116	5495	5576.5	5491.5	5562.5
20091117	5547	5574	5523	5542.5
20091118	5569.5	5607.5	5532	5558.5
20091119	5560	5560	5450	5473.5
20091120	5496	5506.5	5397.5	5424
20091123	5471	5587	5471	5556.5
20091124	5519	5579	5507.5	5536
20091125	5590	5596	5514.5	5563
20091126	5535	5538.5	5356	5389.5
20091127	5321	5482.5	5269.5	5455
20091130	5454	5483.5	5368	5396.5
20091201	5435	5552	5433	5531
20091202	5535	5576	5513.5	5537
20091203	5590	5616.5	5484	5532
20091204	5504	5622	5484.5	5577.5
20091207	5556	5574.5	5504	5544
20091208	5555	5572	5417.5	5455
20091209	5430	5479.5	5364.5	5417.5
20091210	5408	5503.5	5397	5465.5
20091211	5480	5558.5	5478	5521
20091214	5584	5601	5538.5	5557.5
20091215	5588	5590.5	5511.5	5566
20091216	5572.5	5692.5	5564	5653.5
20091217	5617.5	5653	5583	5616.5
20091218	5616	5661	5604.5	5643.7
20091221	5669.5	5751.5	5656	5731.5
20091222	5745	5793.5	5738	5763.5
20091223	5798.5	5802	5745.5	5761.5
20091228	5838.5	5839.5	5791	5814
20091229	5840.5	5843.5	5810.5	5812.5
20091230	5817.5	5821	5760	5763
20100104	5806.5	5866.5	5784	5849
20100105	5835.5	5868	5820.5	5840.5
20100106	5838.5	5857	5807.5	5840
20100107	5831	5849.5	5769.5	5833
20100108	5863.5	5866.5	5779	5849
20100111	5888.5	5904	5839.5	5842
20100112	5859.5	5865	5726	5756
20100113	5749	5813.5	5734.5	5774
20100114	5815	5820	5758.5	5793.5
20100115	5799	5836.5	5667.5	5680.5
20100118	5713.5	5731.5	5686	5727
20100119	5708.5	5808	5655.5	5781
20100120	5769.5	5781	5638	5656.5
20100121	5709.5	5717.5	5493	5552.5
20100122	5529.5	5548	5368.5	5506
20100125	5421.5	5500.5	5416	5444
20100126	5360.5	5492.5	5353	5479
20100127	5422	5493.5	5394	5446.5
20100128	5511.5	5532.5	5339.5	5374
20100129	5363.5	5463.5	5347	5411
20100201	5368.5	5480.5	5368.5	5461.5
20100202	5445.5	5541	5429	5521
20100203	5543	5543.5	5460	5475.5
20100204	5498.5	5501.5	5310.5	5337
20100205	5339.5	5340.5	5186.5	5260.5
20100208	5247	5311.5	5227.5	5292
20100209	5268.5	5375	5265.5	5281.5
20100210	5338.5	5398.5	5309.5	5336
20100211	5371.5	5387.5	5259	5315
20100212	5372.5	5373.5	5264	5308
20100215	5328.5	5352.5	5305.5	5317
20100216	5335.5	5420.5	5300	5394
20100217	5430	5487	5416.5	5447.5
20100218	5457.5	5515.5	5429.5	5491.5
20100219	5443.5	5535.5	5430.5	5531
20100222	5528.5	5561	5486.5	5492
20100223	5508.5	5537.5	5387.5	5400
20100224	5438.5	5445.5	5375.5	5420
20100225	5400	5462	5322	5343
20100226	5400.5	5422.5	5334	5398
20100301	5445.5	5523.5	5441	5517.5
20100302	5528.5	5587	5514.5	5579.5
20100303	5567	5635	5554	5618.5
20100304	5578.5	5628.5	5568	5600.5
20100305	5618.5	5698.5	5612	5681.5
20100308	5713.5	5718	5670	5676
20100309	5679	5713	5642	5693.5
20100310	5699.5	5759.5	5677.5	5739.5
20100311	5723.5	5759	5710.5	5733
20100312	5749	5794.5	5737.5	5749.5
20100315	5742.5	5757.5	5701.5	5713
20100316	5752	5795.5	5732.5	5775.5
20100317	5802	5840.5	5794	5825
20100318	5815.5	5844.5	5799.5	5816.5
20100319	5842.5	5845.5	5814.5	5845
20100322	5827	5872.5	5776.5	5849
20100323	5855	5914.5	5847.5	5892
20100324	5897.5	5914	5829.5	5906
20100325	5912	6006	5904	5997
20100326	5973	6002.5	5965.5	5979
20100329	6004.5	6039.5	5993.5	6025.5
20100330	6024.5	6073	6001	6017.5
20100331	6017	6033.5	5974	6000.5
20100401	6053	6108	6042.5	6088.5
20100406	6119	6132.5	6079.5	6112
20100407	6123	6123.5	6059	6092.5
20100408	6069	6082	6002	6040
20100409	6071.5	6123	6071.5	6117.5
20100412	6150	6162	6088	6120
20100413	6099	6122	6064	6100
20100414	6131	6172	6115.5	6148.5
20100415	6150	6175.5	6115	6154.5
20100416	6124	6169	6027	6048
20100419	6024	6060	5998.5	6027
20100420	6053	6133	6037	6125
20100421	6147.5	6152.5	6082	6095
20100422	6093	6152	6004.5	6044
20100423	6068	6153	6033.5	6121
20100426	6147.5	6206	6147	6202
20100427	6188.5	6198	5970	6043
20100428	6008	6028	5891.5	5949
20100429	5943	6030.5	5941	6012.5
20100430	6004	6077	5948	5989.5
20100503	5971.5	6066.5	5952.5	6031
20100504	6041	6065	5856.5	5875
20100505	5882.5	5898	5800	5831.5
20100506	5822	5877	5416	5791.5
20100507	5608	5767.5	5518	5581
20100510	5711	5879	5709	5859.5
20100511	5802	5955	5771	5901.5
20100512	5884	6085	5865.5	6055
20100513	6084	6139	6059	6117.5
20100514	6097	6098.5	5875.5	5894
20100517	5856.5	6015	5841	5926
20100518	5974	6046	5955	6019
20100519	5942	5987	5819	5846.5
20100520	5858	5906.5	5641	5709
20100521	5690	5732	5547	5682
20100524	5677.5	5731.5	5592.5	5659.5
20100525	5517.5	5608	5467	5541.5
20100526	5581	5689	5554.5	5622
20100527	5611.5	5833	5611	5807.5
20100528	5808	5841	5749.5	5801.5
20100531	5826.5	5855	5790.5	5821.5
20100601	5793	5872	5691	5833
20100602	5780	5899	5727	5842.5
20100603	5929	5963.5	5887.5	5908.5
20100604	5914.5	5974.5	5724	5789.5
20100607	5720.5	5815	5690	5749.5
20100608	5757.5	5791	5657.5	5714
20100609	5748	5854	5692	5851
20100610	5810	5949	5783	5913.5
20100611	5928	5953	5841.5	5902.5
20100614	5964	5997.5	5930	5977.5
20100615	5962	6083	5937	6034
20100616	6059	6077.5	6002	6051
20100617	6040.5	6102.5	6025.5	6077.5
20100618	6091.5	6117	6047.5	6082.8
20100621	6164.5	6220	6092.5	6155
20100622	6141.5	6163	6060.5	6133.5
20100623	6092.5	6139.5	6044.5	6075
20100624	6095.5	6112.5	5962.5	5983.5
20100625	6002.5	6018	5906.5	5940.5
20100628	5960.5	6037.5	5925.5	6021.5
20100629	5949.5	5949.5	5793	5832
20100630	5827.5	5869.5	5763	5822
20100701	5743.5	5822.5	5693.5	5729
20100702	5751	5807.5	5665.5	5702
20100705	5694.5	5732.5	5674	5691
20100706	5709	5863	5707	5788.5
20100707	5763	5914	5713.5	5848.5
20100708	5906.5	5939.5	5871	5896
20100709	5940.5	5965.5	5904.5	5930
20100712	5939.5	5987	5926.5	5934
20100713	5950.5	6068	5933.5	6050.5
20100714	6100.5	6106.5	6026.5	6070.5
20100715	6078.5	6125	5992.5	6011
20100716	6016	6072.5	5875.5	5914
20100719	5911	5951.5	5859.5	5881.5
20100720	5895	5915.5	5772	5832
20100721	5870	5928	5805	5855.5
20100722	5830.5	6015	5815	6003.5
20100723	6000.5	6060	5976.5	6033.5
20100726	6073.5	6080.5	5996	6053.5
20100727	6062	6119.5	6048	6071
20100728	6105.5	6114.5	6012	6038
20100729	6050.5	6110	5952.5	5992
20100730	5981	6050.5	5923.5	6027.5
20100802	6046	6170.5	6046	6144.5
20100803	6156	6178.5	6131	6164.5
20100804	6149.5	6237	6128	6203
20100805	6208.5	6248	6184.5	6202.5
20100806	6221.5	6252	6108	6126.5
20100809	6190	6234.5	6181	6215
20100810	6200.5	6202.5	6111	6143.5
20100811	6137.5	6137.5	6004.5	6025
20100812	5995	6038.5	5961	6002.5
20100813	6020.5	6039	5931.5	5974
20100816	5987.5	6019.5	5924	5967.5
20100817	6003.5	6080	5986	6070.5
20100818	6036	6080.5	6017.5	6054
20100819	6061	6094	5914	5944
20100820	5933.5	5960.5	5850.5	5872
20100823	5880.5	5917.5	5857	5867
20100824	5852	5852.5	5731	5797.5
20100825	5769.5	5818	5697	5771.5
20100826	5783.5	5812.5	5732.5	5767.5
20100827	5756	5840.5	5705.5	5815.5
20100830	5837.5	5848	5740.5	5778
20100831	5711	5796.5	5676.5	5770
20100901	5792.5	5949	5736.5	5936.5
20100902	5917.5	5969.5	5913	5964.5
20100903	5957.5	6040	5948	5989.5
20100906	6035.5	6036.5	6002.5	6010.5
20100907	6013	6013	5942.5	5982.5
20100908	5964.5	6042.5	5923.5	6029.5
20100909	6004.5	6095	5993	6074.5
20100910	6062.5	6086.5	6044	6078
20100913	6129	6153.5	6092.5	6125
20100914	6114	6150.5	6091.5	6140.5
20100915	6141	6149	6089	6128.5
20100916	6115	6142.5	6092.5	6112
20100917	6170.5	6189	6157.5	6164
20100920	6190	6269.5	6169.5	6241
20100921	6245.5	6291.5	6217	6237.5
20100922	6255	6256	6143.5	6163
20100923	6205.5	6216	6078.5	6128
20100924	6124	6265	6094.5	6243.5
20100927	6274.5	6282	6222.5	6227.5
20100928	6232	6264	6147	6228
20100929	6228	6278.5	6172	6200
20100930	6173.5	6290	6135.5	6183
20101001	6192	6246	6137	6154
20101004	6159	6176	6060.5	6089
20101005	6106	6213.5	6067	6165.5
20101006	6196	6241	6192	6213.5
20101007	6202.5	6274.5	6184.5	6222
20101008	6235	6256	6187	6241
20101011	6247	6277	6237	6257
20101012	6220	6283.5	6172	6258.5
20101013	6271.5	6408.5	6271.5	6386.5
20101014	6402	6436.5	6392.5	6410
20101015	6428	6465.5	6389	6432.5
20101018	6418	6503.5	6409	6468.5
20101019	6458.5	6498	6405	6439.5
20101020	6441.5	6488.5	6413	6479
20101021	6467	6573.5	6456	6555
20101022	6556	6575	6537.5	6556
20101025	6609.5	6626	6577	6591.5
20101026	6591.5	6598	6530	6575
20101027	6555	6581	6504.5	6522
20101028	6553	6599.5	6527	6553.5
20101029	6525.5	6582	6520	6561.5
20101101	6608.5	6622	6507.5	6554.5
20101102	6551.5	6626	6545	6606
20101103	6616	6635.5	6550.5	6559.5
20101104	6612.5	6708.5	6607	6680
20101105	6687	6728	6662	6698
20101108	6695.5	6718	6677.5	6702.5
20101109	6695.5	6760.5	6682.5	6738.5
20101110	6717.5	6733	6632	6673.5
20101111	6698.5	6710.5	6650	6675
20101112	6623	6709.5	6567.5	6681.5
20101115	6652	6762.5	6627	6732
20101116	6703	6718.5	6596.5	6619.5
20101117	6617	6656	6602	6648
20101118	6702.5	6787	6701.5	6771.5
20101119	6787	6815	6740.5	6786
20101122	6829.5	6849.5	6739	6771
20101123	6744	6775	6653.5	6662.5
20101124	6689.5	6796.5	6645.5	6766.5
20101125	6775.5	6831.5	6767	6827.5
20101126	6792	6817	6723.5	6799
20101129	6803.5	6852.5	6629	6662.5
20101130	6670	6708.5	6602.5	6644
20101201	6669	6831.5	6667	6805.5
20101202	6818	6909.5	6785	6900
20101203	6898	6922	6858.5	6895
20101206	6911	6921	6869.5	6893.5
20101207	6916.5	6985.5	6904.5	6941
20101208	6923.5	6956.5	6899	6917
20101209	6952.5	6971	6888.5	6906
20101210	6947	6970.5	6916	6944.5
20101213	6955	6988	6955	6969
20101214	6964.5	6980	6954	6968
20101215	6948	6973.5	6906.5	6965
20101216	6954	6977	6932	6965
20101217	6975	6984	6947	6951.4
20101220	6947	7028.5	6945	6979
20101221	7007	7047.5	7001	7030.5
20101222	7036	7044	7026	7036
20101223	7042	7042.5	6999	7015.5
20101227	7022.5	7025.5	6857	6938.5
20101228	6947.5	6952	6913	6928.5
20101229	6948.5	6966	6938.5	6947
20101230	6952	6965	6852	6869
20110103	6943.5	6984.5	6919	6940
20110104	6931.5	6980	6905	6925
20110105	6902.5	6923	6794.5	6888.5
20110106	6904	7001	6898	6931.5
20110107	6933	6964.5	6876	6903.5
20110110	6887	6894	6784.5	6822
20110111	6832.5	6901.5	6809	6895
20110112	6894.5	7039	6894	7019.5
20110113	7036.5	7040	6987.5	7018
20110114	7003	7052.5	6965	7032
20110117	7029.5	7037	7005.5	7023.5
20110118	7028	7107	7027	7091
20110119	7123	7135	7015	7031.5
20110120	7022	7037	6957.5	6975.5
20110121	6993	7073.5	6975	7012
20110124	7039.5	7046.5	6952.5	7018
20110125	7044	7055.5	6995.5	7005.5
20110126	7044	7111.5	7036	7072.5
20110127	7092	7131	7064.5	7105
20110128	7104	7126.5	7022	7057
20110131	7042	7058	6983	7038
20110201	7065	7147	7055	7127.5
20110202	7141.5	7170	7108.5	7128
20110203	7118.5	7164.5	7094.5	7133
20110204	7154.5	7178	7134	7158.5
20110207	7178	7237	7160.5	7229
20110208	7230	7283	7219.5	7260.5
20110209	7266	7300	7260.5	7263
20110210	7278	7302	7217	7283
20110211	7262	7345.5	7229	7327
20110214	7350.5	7371	7326.5	7341.5
20110215	7355	7369	7324	7348
20110216	7372	7385.5	7348	7370.5
20110217	7364	7381	7310	7345
20110218	7361	7372.5	7325.5	7363
20110221	7360	7390	7257.5	7268.5
20110222	7252.5	7298.5	7194	7267.5
20110223	7225	7258	7091	7150
20110224	7121	7124.5	7025.5	7077
20110225	7084	7145.5	7073.5	7127.5
20110228	7121.5	7251.5	7093.5	7217.5
20110301	7272	7302.5	7110.5	7166.5
20110302	7097.5	7149	7067.5	7133.5
20110303	7162	7239.5	7134	7164.5
20110304	7208.5	7257	7072	7115
20110307	7088	7216	7066.5	7107
20110308	7136	7168.5	7014	7106
20110309	7092.5	7162	7051.5	7070
20110310	7029.5	7053.5	6965	6997
20110311	6933.5	6960	6909	6924.5
20110314	6877	6891	6790	6817
20110315	6603.5	6659.5	6425.5	6606
20110316	6565.5	6678	6354.5	6471.5
20110317	6462	6634.5	6457	6595.5
20110318	6667	6677	6610	6631.7
20110321	6677	6786	6670	6765
20110322	6778	6784.5	6722.5	6744.5
20110323	6725	6777	6675.5	6759
20110324	6759	6917	6742.5	6896
20110325	6933	6943	6877	6918.5
20110328	6900	6940.5	6872	6897.5
20110329	6892	6917	6822	6896
20110330	6954	7028	6952	7008.5
20110331	7036	7037.5	6993	7015.5
20110401	7037	7150.5	7027.5	7135.5
20110404	7132.5	7157	7119	7136.5
20110405	7150.5	7154	7085	7135.5
20110406	7152.5	7199.5	7112.5	7173.5
20110407	7161	7198	7129.5	7137.5
20110408	7178	7190	7126	7160
20110411	7161	7182	7110.5	7163.5
20110412	7112	7137.5	7046	7065
20110413	7089	7159.5	7080.5	7138.5
20110414	7127	7142	7051	7105.5
20110415	7109	7149	7097.5	7129
20110418	7135	7138.5	6946	6983.5
20110419	6988	7035	6980.5	6986
20110420	7073	7218.5	7065	7194.5
20110421	7242	7271.5	7230	7250
20110426	7243.5	7330	7228.5	7309
20110427	7322.5	7416	7310.5	7355
20110428	7421.5	7453	7379.5	7431.5
20110429	7432.5	7485.5	7421	7466.5
20110502	7536.5	7561	7455	7492
20110503	7462	7482.5	7406.5	7457
20110504	7416	7498.5	7315.5	7331
20110505	7365.5	7380.5	7246	7323.5
20110506	7324.5	7456	7315	7441.5
20110509	7389.5	7439	7327.5	7363.5
20110510	7366.5	7484	7363	7444
20110511	7472	7516.5	7387	7450.5
20110512	7391	7441.5	7303	7389.5
20110513	7436.5	7456.5	7293.5	7347.5
20110516	7285	7348.5	7229.5	7326.5
20110517	7279	7314.5	7188.5	7217.5
20110518	7267	7287	7205	7250
20110519	7282	7366	7258	7290.5
20110520	7321	7354.5	7169.5	7208.5
20110523	7137	7139	7044	7076
20110524	7067	7146	7058	7087
20110525	7015	7144.5	7004.5	7117.5
20110526	7137.5	7158.5	7028	7055.5
20110527	7127	7148	7054.5	7106
20110530	7090.5	7146	7080	7104
20110531	7168.5	7274.5	7159	7233
20110601	7282	7284.5	7068	7163.5
20110602	7082	7098	7006.5	7025
20110603	7037	7085.5	6960	7040
20110606	7037	7065.5	6979	7030.5
20110607	7003	7089	7003	7047
20110608	6997	7029	6929.5	6994
20110609	6987	7129.5	6972.5	7093.5
20110610	7084	7122	6983	7011
20110613	7003	7062.5	6979	7029.5
20110614	7068.5	7171	7063	7138
20110615	7128.5	7140.5	7009	7057
20110616	7002	7055.5	6953.5	7044
20110617	7013.5	7140.7	6973	7140.7
20110620	7077	7134	7025	7118.5
20110621	7138	7278	7137.5	7244
20110622	7247.5	7276	7215	7250.5
20110623	7200.5	7214.5	7082	7110
20110624	7198	7237	7060	7091
20110627	7058	7110.5	7040.5	7070
20110628	7088.5	7172.5	7037	7133.5
20110629	7163	7284	7162.5	7261.5
20110630	7283	7354.5	7248	7330.5
20110701	7358.5	7416	7319	7374
20110704	7388	7413	7377.5	7402
20110705	7405	7438	7384.5	7410
20110706	7429.5	7434	7358	7389.5
20110707	7444	7479	7403	7437
20110708	7463.5	7486	7350	7366
20110711	7349	7355.5	7148.5	7194
20110712	7102	7164	6953.5	7134
20110713	7119.5	7240.5	7106.5	7228
20110714	7159	7229	7115	7183
20110715	7156	7213	7096	7189
20110718	7146.5	7151.5	7045.5	7082.5
20110719	7093	7195.5	7090	7147
20110720	7194	7221	7121.5	7175.5
20110721	7199.5	7283.5	7095.5	7250.5
20110722	7298	7312.5	7220.5	7275.5
20110725	7227	7323.5	7213.5	7309.5
20110726	7310	7338	7256.5	7309.5
20110727	7285	7301	7142	7209
20110728	7140	7160	7064.5	7150
20110729	7029.5	7145.5	7017.5	7120
20110801	7199	7238	6799	6943.5
20110802	6896	6911.5	6653.5	6761.5
20110803	6651	6736.5	6490.5	6584
20110804	6639	6689.5	6196.5	6356
20110805	6200.5	6388.5	6064	6196.5
20110808	6020.5	6222.5	5656.5	5901.5
20110809	5687	5973.5	5436.5	5880
20110810	5929	6060	5480	5548.5
20110811	5710	5890.5	5430.5	5751.5
20110812	5757.5	6006.5	5619	5933.5
20110815	6016	6051	5949.5	5965.5
20110816	5976.5	5989	5790.5	5938
20110817	5903	5962	5814	5895
20110818	5806	5837	5472.5	5535.5
20110819	5477	5537	5285	5438
20110822	5350	5534	5332	5414.5
20110823	5461.5	5578	5392	5463
20110824	5515	5686	5454.5	5611.5
20110825	5628.5	5718.5	5358	5527.5
20110826	5521	5531	5344	5471.5
20110829	5576.5	5657.5	5527	5615.5
20110830	5649.5	5670.5	5511	5585
20110831	5601	5811.5	5587.5	5731.5
20110901	5716.5	5736.5	5577	5663
20110902	5577.5	5589	5432	5480.5
20110905	5404	5404	5145.5	5198.5
20110906	5141	5274	5091	5137
20110907	5254.5	5393	5216	5339.5
20110908	5363.5	5413	5246.5	5345
20110909	5291	5341.5	5079.5	5124.5
20110912	5018	5088	4901	5019
20110913	5093.5	5163.5	4902	5086
20110914	5040	5389.5	5010	5278
20110915	5331	5521	5312.5	5438.5
20110916	5511.5	5575.5	5468	5514.9
20110919	5441.5	5461.5	5324.5	5399
20110920	5351	5543.5	5324.5	5531.5
20110921	5489	5542.5	5300.5	5398
20110922	5242.5	5267	5062	5131
20110923	5147.5	5196.5	4934.5	5148.5
20110926	5112.5	5380	5039.5	5307.5
20110927	5433	5638	5432.5	5576
20110928	5515	5666	5450.5	5546
20110929	5515.5	5670	5495	5602
20110930	5584.5	5592	5381.5	5425.5
20111003	5310.5	5403	5221.5	5348
20111004	5246	5298.5	5086.5	5187
20111005	5269.5	5479	5226.5	5426.5
20111006	5447.5	5644	5418.5	5600
20111007	5607.5	5713.5	5568	5636
20111010	5698	5839	5615	5807.5
20111011	5833	5848.5	5737.5	5816
20111012	5800	5993	5761.5	5949
20111013	5934	6000.5	5839.5	5866
20111014	5913.5	6002.5	5849.5	5920
20111017	5998	6045.5	5775.5	5823.5
20111018	5766.5	5952.5	5710.5	5827.5
20111019	5904.5	5943	5798.5	5873.5
20111020	5779.5	5879.5	5708.5	5736.5
20111021	5782.5	5949.5	5730.5	5929
20111024	5992.5	6032.5	5898.5	6020.5
20111025	5973.5	6123.5	5920.5	6005.5
20111026	5994.5	6109.5	5912.5	5971
20111027	6154.5	6396.5	6132	6285.5
20111028	6356.5	6394.5	6268	6306
20111031	6254.5	6269	6052.5	6126.5
20111101	5999.5	5999.5	5722	5795
20111102	5895.5	5953.5	5770.5	5930
20111103	5764.5	6156.5	5749	6112.5
20111104	6134.5	6148.5	5886.5	5959.5
20111107	5958	5989	5792	5949.5
20111108	5909.5	6048	5892	6029.5
20111109	6048.5	6056.5	5687.5	5707.5
20111110	5649.5	5894	5620.5	5841.5
20111111	5876	6025	5811	6010
20111114	6043.5	6089.5	5879	5908.5
20111115	5882.5	5972.5	5772	5912.5
20111116	5803.5	5990.5	5789.5	5799.5
20111117	5824.5	5881.5	5714.5	5753
20111118	5712.5	5858.5	5709.5	5746.5
20111121	5704.5	5738	5544.5	5578.5
20111122	5611	5639.5	5490	5509.5
20111123	5438	5547	5407.5	5408.5
20111124	5448.5	5521.5	5355	5402.5
20111125	5389.5	5486.5	5320.5	5417
20111128	5550	5712	5521.5	5680.5
20111129	5711.5	5783.5	5646.5	5744.5
20111130	5693.5	6089	5659	6072
20111201	6073	6081	5972	6006
20111202	6044.5	6129.5	6001	6007
20111205	6070	6129.5	6008	6041.5
20111206	6003.5	6052.5	5961.5	6014.5
20111207	6052.5	6093	5874	6018
20111208	6024.5	6035	5770	5784
20111209	5752.5	5983.5	5724.5	5983.5
20111212	5956	5964.5	5713.5	5752.5
20111213	5773.5	5809	5654.5	5675
20111214	5667.5	5726.5	5624	5650
20111215	5614	5751.5	5604.5	5683.5
20111216	5737.5	5744	5669	5682.4
20111219	5639.5	5793.5	5622	5635.5
20111220	5682.5	5895.5	5651	5892.5
20111221	5898.5	5983.5	5780.5	5838.5
20111222	5813	5902.5	5811.5	5894
20111223	5935	5945	5859	5915
20111227	5912.5	5939.5	5892	5909
20111228	5873	5917.5	5781.5	5788.5
20111229	5802.5	5894	5788	5888.5
20111230	5887.5	5907.5	5829.5	5907.5
20120102	5897.5	6089	5887.5	6067.5
20120103	6112.5	6193.5	6085.5	6155
20120104	6141	6177.5	6100	6135.5
20120105	6127.5	6156.5	6053	6137.5
20120106	6112.5	6167.5	6024	6050.5
20120109	6030	6091	6000	6056
20120110	6102.5	6205.5	6082.5	6163.5
20120111	6146	6194.5	6118	6187.5
20120112	6180.5	6271.5	6159.5	6231
20120113	6245.5	6272	6074.5	6154
20120116	6116.5	6245.5	6105	6218.5
20120117	6285.5	6356.5	6275	6307.5
20120118	6327.5	6411.5	6293	6366
20120119	6407.5	6434.5	6343.5	6418.5
20120120	6434.5	6447.5	6383.5	6447.5
20120123	6423	6487.5	6363	6440.5
20120124	6419.5	6437	6345.5	6431
20120125	6472.5	6488	6376.5	6473.5
20120126	6467	6572	6441	6528
20120127	6531.5	6586.5	6493.5	6533.5
20120130	6499.5	6504	6423.5	6485.5
20120131	6491.5	6545.5	6461	6494.5
20120201	6482.5	6643.5	6473	6623.5
20120202	6646.5	6684.5	6617.5	6677.5
20120203	6670.5	6802.5	6647	6801.5
20120206	6761.5	6794	6726	6776.5
20120207	6762	6800	6693	6773
20120208	6795	6842.5	6744.5	6803
20120209	6787.5	6856.5	6756	6817.5
20120210	6772.5	6777.5	6658.5	6710.5
20120213	6749.5	6784.5	6718.5	6758
20120214	6729.5	6803.5	6701.5	6743.5
20120215	6807.5	6841.5	6722.5	6729
20120216	6680.5	6815.5	6660.5	6803.5
20120217	6801	6886.5	6801	6880.5
20120220	6927.5	6967.5	6887.5	6959
20120221	6966	6983	6879.5	6923.5
20120222	6913	6930	6828.5	6843.5
20120223	6857.5	6915.5	6739.5	6841
20120224	6861	6901	6835	6857
20120227	6834	6880	6751.5	6856.5
20120228	6882.5	6912	6818	6899
20120229	6914	6977.5	6850	6856
20120301	6830.5	6969.5	6824.5	6962.5
20120302	6969.5	6972.5	6906	6934
20120305	6892	6913.5	6822.5	6893.5
20120306	6870.5	6875.5	6609.5	6618.5
20120307	6643.5	6690.5	6621	6688.5
20120308	6707.5	6882.5	6706.5	6860.5
20120309	6857	6922.5	6839	6896.5
20120312	6872	6931.5	6855.5	6923
20120313	6970.5	7055.5	6947.5	7054
20120314	7026.5	7108	7026	7088
20120315	7097.5	7171.5	7080	7162.5
20120316	7157.5	7204	7150	7200.9
20120319	7209.5	7211.5	7130.5	7203
20120320	7184.5	7188.5	7068.5	7110.5
20120321	7124	7152.5	7049	7101
20120322	7090	7115	6974.5	7025.5
20120323	7025.5	7065.5	6944.5	7058
20120326	7074.5	7148	7004.5	7147
20120327	7167	7190.5	7098.5	7098.5
20120328	7088.5	7148	6986	7015
20120329	7006	7031	6878	6946
20120330	6959.5	7000	6934.5	6993.5
20120402	7006	7127	6946	7100.5
20120403	7112.5	7118.5	6961	7001
20120404	6955.5	6981.5	6805.5	6822.5
20120405	6837.5	6866	6718.5	6786.5
20120410	6711.5	6772	6591.5	6592.5
20120411	6627.5	6755	6624.5	6698.5
20120412	6713.5	6797	6680.5	6792
20120413	6787.5	6787.5	6581.5	6607
20120416	6599	6707	6559.5	6671.5
20120417	6655.5	6842	6647.5	6825.5
20120418	6836	6845	6747.5	6768.5
20120419	6778	6839.5	6661.5	6697
20120420	6716	6793.5	6680.5	6758.5
20120423	6734	6743.5	6528.5	6586
20120424	6590.5	6635	6536	6608.5
20120425	6637.5	6764.5	6625.5	6724.5
20120426	6729	6813	6670.5	6802
20120427	6741	6858	6677.5	6834.5
20120430	6847.5	6879.5	6778	6798.5
20120501	6812	6812	6812	6812
20120502	6853.5	6908.5	6692	6733.5
20120503	6770.5	6822.5	6676	6696.5
20120504	6690.5	6715	6561.5	6561.5
20120507	6427.5	6622.5	6393.5	6611
20120508	6597	6605.5	6440	6533.5
20120509	6505.5	6535	6401	6504.5
20120510	6527	6578	6465.5	6536.5
20120511	6484.5	6616.5	6471.5	6552
20120514	6533.5	6551.5	6429.5	6453
20120515	6486.5	6536.5	6377	6397.5
20120516	6350.5	6468.5	6322	6383.5
20120517	6424	6447	6284.5	6284.5
20120518	6248.5	6361.5	6245	6250.5
20120521	6296.5	6392.5	6266.5	6388.5
20120522	6398	6471	6374	6403.5
20120523	6359.5	6399	6282.5	6388
20120524	6373.5	6379.5	6266.5	6321
20120525	6316	6432.5	6302.5	6343.5
20120528	6423.5	6453	6335	6368.5
20120529	6396	6467	6358	6442.5
20120530	6402.5	6419.5	6282	6307
20120531	6312.5	6347	6232	6293
20120601	6268.5	6285	6032	6052.5
20120604	6003.5	6055.5	5965.5	6016.5
20120605	6035	6050.5	5936.5	6021.5
20120606	6052	6159.5	6018	6158
20120607	6169.5	6256	6122.5	6159.5
20120608	6118	6195	6076	6181.5
20120611	6327.5	6345.5	6121.5	6127.5
20120612	6150.5	6236.5	6106.5	6217
20120613	6203.5	6246	6115.5	6149
20120614	6171.5	6193	6100.5	6161.5
20120615	6185.5	6267.4	6175.5	6267.4
20120618	6319.5	6337	6223	6249
20120619	6244.5	6382	6233.5	6352.5
20120620	6322.5	6421.5	6318.5	6389
20120621	6360.5	6429	6264.5	6284
20120622	6302.5	6320	6256	6285
20120625	6261	6267.5	6118	6140.5
20120626	6163	6181.5	6108	6162
20120627	6162	6245.5	6132	6228
20120628	6247.5	6247.5	6095.5	6184.5
20120629	6287.5	6436	6261.5	6432
20120702	6442.5	6544.5	6392.5	6515
20120703	6519.5	6594.5	6505	6583.5
20120704	6590	6590	6525.5	6568.5
20120705	6555	6645	6475.5	6525.5
20120706	6514.5	6534.5	6403.5	6428.5
20120709	6403.5	6422.5	6375.5	6406.5
20120710	6392	6492	6348	6407.5
20120711	6416.5	6501	6399	6455.5
20120712	6425.5	6460.5	6364.5	6445.5
20120713	6461.5	6575	6435	6564.5
20120716	6552.5	6576	6508	6555.5
20120717	6584	6627.5	6539.5	6606.5
20120718	6587.5	6696	6577	6687.5
20120719	6710.5	6774	6696.5	6755.5
20120720	6739.5	6779	6618.5	6631.5
20120723	6543.5	6573	6368.5	6428.5
20120724	6437.5	6455	6311.5	6360.5
20120725	6342.5	6474.5	6339	6408.5
20120726	6405	6595	6320.5	6567
20120727	6610	6815	6511	6779
20120730	6754	6795.5	6700.5	6767.5
20120731	6808	6835.5	6752.5	6752.5
20120801	6774	6801	6723.5	6744.5
20120802	6764	6861.5	6549.5	6588.5
20120803	6609.5	6888	6604	6867.5
20120806	6866.5	6942.5	6844.5	6904.5
20120807	6907.5	6987.5	6894	6961.5
20120808	6956	6969.5	6905	6952.5
20120809	6979.5	7001.5	6888	6951.5
20120810	6923	6966	6888.5	6965
20120813	6937.5	6976.5	6879.5	6933
20120814	6960	6994.5	6936.5	6957
20120815	6941	6972.5	6905	6942.5
20120816	6981.5	7015.5	6926	7001
20120817	7007.5	7052.5	6997	7052.5
20120820	7044.5	7084.5	7007.5	7036
20120821	7046.5	7105.5	7039.5	7058.5
20120822	7045	7059.5	7002.5	7040.5
20120823	7077	7080.5	6921	6935
20120824	6957.5	6990.5	6883	6968.5
20120827	6966	7049	6943.5	7010.5
20120828	7007.5	7029	6972.5	6995.5
20120829	7007.5	7030	6942.5	7001
20120830	6967.5	6979	6868	6901
20120831	6904.5	7011.5	6887.5	6954.5
20120903	6948.5	7017	6937.5	7011.5
20120904	7000	7016.5	6917	6951
20120905	6941	7001.5	6890	6958.5
20120906	6988	7172	6975	7162
20120907	7163.5	7247.5	7162.5	7227.5
20120910	7205.5	7232.5	7183	7190.5
20120911	7179.5	7312.5	7171	7296.5
20120912	7310.5	7409	7304.5	7340.5
20120913	7337.5	7403.5	7277	7383
20120914	7419	7445	7379.5	7394
20120917	7379.5	7413.5	7367	7386.5
20120918	7384.5	7387	7302.5	7356.5
20120919	7388.5	7401	7322.5	7377.5
20120920	7349.5	7399.5	7310	7399.5
20120921	7423.5	7473.6	7388.5	7473.6
20120924	7450.5	7474	7418.5	7458
20120925	7463	7472	7380	7385
20120926	7396	7404.5	7287	7317
20120927	7359.5	7379.5	7300	7362.5
20120928	7376	7383	7248.5	7272.5
20121001	7239.5	7372	7238	7309
20121002	7314.5	7406.5	7297.5	7343.5
20121003	7336.5	7372	7303.5	7351
20121004	7381	7406.5	7313.5	7365.5
20121005	7366.5	7441	7343.5	7392.5
20121008	7381	7387.5	7315.5	7340.5
20121009	7356.5	7357.5	7249.5	7249.5
20121010	7253.5	7277.5	7214	7225.5
20121011	7222	7337	7211.5	7284.5
20121012	7299	7323	7261	7269.5
20121015	7263.5	7334.5	7250.5	7326.5
20121016	7341.5	7422.5	7324.5	7420
20121017	7418.5	7433	7398	7418
20121018	7436.5	7478	7419.5	7450.5
20121019	7444.5	7462	7359	7384.5
20121022	7395	7421.5	7332	7373
20121023	7367	7375	7182.5	7214
20121024	7244	7246.5	7148.5	7193.5
20121025	7238.5	7288	7211.5	7246
20121026	7182	7287.5	7174	7272.5
20121029	7255.5	7256.5	7201	7226.5
20121030	7226.5	7323.5	7226.5	7307
20121031	7316	7378.5	7283	7293.5
20121101	7297	7388	7274.5	7375
20121102	7377.5	7421	7342	7348
20121105	7351	7383.5	7334.5	7376
20121106	7385	7448.5	7348.5	7428.5
20121107	7445	7468.5	7252	7291
20121108	7289	7318	7212.5	7213.5
20121109	7261.5	7266.5	7092	7185
20121112	7196	7231	7166	7212
20121113	7175	7216	7104	7154.5
20121114	7181.5	7213.5	7060	7065.5
20121115	7078.5	7108.5	7040	7065.5
20121116	7062.5	7088.5	6976.5	7018
20121119	7040.5	7159.5	7034.5	7149.5
20121120	7132	7216.5	7121	7197
20121121	7171	7224.5	7164.5	7220.5
20121122	7239.5	7283.5	7235	7269
20121123	7286.5	7364.5	7249	7338.5
20121126	7320.5	7344	7302.5	7339.5
20121127	7359	7393.5	7335	7351.5
20121128	7343.5	7415.5	7293.5	7401.5
20121129	7419.5	7447	7399.5	7422
20121130	7424.5	7473.5	7419	7445.5
20121203	7457.5	7517.5	7445.5	7450
20121204	7447	7496.5	7442	7476.5
20121205	7528	7535.5	7457	7502
20121206	7496.5	7586.5	7489.5	7581.5
20121207	7575	7583.5	7516	7558.5
20121210	7551	7570	7486	7566.5
20121211	7562.5	7627	7549.5	7614.5
20121212	7625	7672.5	7615.5	7628.5
20121213	7626	7650	7590	7612
20121214	7620.5	7650.5	7599.5	7628.5
20121217	7639	7657.5	7594	7647.5
20121218	7670.5	7702.5	7653.5	7695.5
20121219	7701.5	7711.5	7682.5	7682.5
20121220	7673.5	7723	7665	7712.5
20121221	7638.5	7678.5	7624.5	7657.8
20121227	7631.5	7685.5	7630	7661
20121228	7666.5	7675.5	7611.5	7618.5
20130102	7744.5	7805.5	7727	7791.5
20130103	7769	7781	7740	7750
20130104	7747.5	7792.5	7730	7781
20130107	7765	7778	7715	7736
20130108	7716	7758.5	7686	7708.5
20130109	7714	7739	7692	7714.5
20130110	7744	7779	7687.5	7733.5
20130111	7730.5	7735	7686.5	7729
20130114	7745	7790.5	7705	7737
20130115	7720	7739	7636.5	7698
20130116	7674.5	7699	7646	7693.5
20130117	7676	7769	7664.5	7738.5
