20051003	1.1422	1.1422	1.1422	1.1422
20051004	1.1387	1.1387	1.1387	1.1387
20051005	1.0619	1.0619	1.0619	1.0619
20051006	1.0244	1.0244	1.0244	1.0244
20051007	1.0594	1.0594	1.0594	1.0594
20051010	1.0494	1.0494	1.0494	1.0494
20051011	1.0894	1.0894	1.0894	1.0894
20051012	1.0894	1.0894	1.0894	1.0894
20051013	1.0425	1.0425	1.0425	1.0425
20051014	1.0244	1.0244	1.0244	1.0244
20051017	1.0769	1.0769	1.0769	1.0769
20051018	1.0099	1.0099	1.0099	1.0099
20051019	0.9986	0.9986	0.9986	0.9986
20051020	0.9544	0.9544	0.9544	0.9544
20051021	1.0019	1.0019	1.0019	1.0019
20051024	0.9744	0.9744	0.9744	0.9744
20051025	1.0319	1.0319	1.0319	1.0319
20051026	0.9689	0.9689	0.9689	0.9689
20051027	0.9754	0.9754	0.9754	0.9754
20051028	1.0064	1.0064	1.0064	1.0064
20051031	0.943	0.943	0.943	0.943
20051101	0.9579	0.9579	0.9579	0.9579
20051102	0.9409	0.9409	0.9409	0.9409
20051103	0.9894	0.9894	0.9894	0.9894
20051104	0.9694	0.9694	0.9694	0.9694
20051107	0.9369	0.9369	0.9369	0.9369
20051108	0.9653	0.9653	0.9653	0.9653
20051109	0.9494	0.9494	0.9494	0.9494
20051110	0.9172	0.9172	0.9172	0.9172
20051111	0.9374	0.9374	0.9374	0.9374
20051114	0.9404	0.9404	0.9404	0.9404
20051115	0.9136	0.9136	0.9136	0.9136
20051116	0.9316	0.9316	0.9316	0.9316
20051117	0.9062	0.9062	0.9062	0.9062
20051118	0.9042	0.9042	0.9042	0.9042
20051121	0.9044	0.9044	0.9044	0.9044
20051122	0.9726	0.9726	0.9726	0.9726
20051123	0.9599	0.9599	0.9599	0.9599
20051128	0.9138	0.9138	0.9138	0.9138
20051129	0.8925	0.8925	0.8925	0.8925
20051130	0.934	0.934	0.934	0.934
20051201	0.9994	0.9994	0.9822	0.9822
20051202	1.0037	1.0037	1.0037	1.0037
20051205	1.0069	1.0069	1.0069	1.0069
20051206	1.0119	1.0119	1.0119	1.0119
20051207	1.005	1.005	1.005	1.005
20051208	1.0865	1.0865	1.0865	1.0865
20051209	1.0533	1.0533	1.0533	1.0533
20051212	1.0767	1.0767	1.0767	1.0767
20051213	1.0823	1.0823	1.0823	1.0823
20051214	1.0741	1.0741	1.0741	1.0741
20051215	1.0427	1.0427	1.0427	1.0427
20051216	1.0036	1.0036	1.0036	1.0036
20051219	0.9776	0.9776	0.9776	0.9776
20051220	0.9757	0.9757	0.9757	0.9757
20051221	0.9933	0.9933	0.9933	0.9933
20051222	0.995	0.995	0.995	0.995
20051223	1.0009	1.0009	1.0009	1.0009
20051227	0.9738	0.9738	0.9738	0.9738
20051228	1.036	1.036	1.036	1.036
20051229	1.0989	1.0989	1.0989	1.0989
20051230	1.1544	1.1544	1.1544	1.1544
20060103	1.1716	1.1716	1.1716	1.1716
20060104	1.1995	1.1995	1.1995	1.1995
20060105	1.179	1.179	1.179	1.179
20060106	1.1947	1.1947	1.1947	1.1947
20060109	1.1669	1.1669	1.1669	1.1669
20060110	1.1639	1.1639	1.1639	1.1639
20060111	1.1632	1.1632	1.1632	1.1632
20060112	1.1672	1.1672	1.1672	1.1672
20060113	1.1725	1.1725	1.1725	1.1725
20060117	1.2284	1.2284	1.2284	1.2284
20060118	1.1969	1.1969	1.1969	1.1969
20060119	1.2194	1.2194	1.2194	1.2194
20060120	1.2644	1.2644	1.2644	1.2644
20060123	1.2559	1.2559	1.2559	1.2559
20060124	1.2303	1.2303	1.2303	1.2303
20060125	1.1952	1.1952	1.1952	1.1952
20060126	1.2267	1.2267	1.2267	1.2267
20060127	1.2763	1.2763	1.2763	1.2763
20060130	1.2983	1.2983	1.2983	1.2983
20060131	1.2794	1.2794	1.2794	1.2794
20060201	1.2944	1.2944	1.2474	1.2474
20060202	1.2112	1.2112	1.2112	1.2112
20060203	1.2396	1.2396	1.2396	1.2396
20060206	1.2321	1.2321	1.2321	1.2321
20060207	1.1964	1.1964	1.1964	1.1964
20060208	1.167	1.167	1.167	1.167
20060209	1.1395	1.1395	1.1395	1.1395
20060210	1.0949	1.0949	1.0949	1.0949
20060213	1.0604	1.0604	1.0604	1.0604
20060214	1.0135	1.0135	1.0135	1.0135
20060215	0.9734	0.9734	0.9734	0.9734
20060216	1.0327	1.0327	1.0327	1.0327
20060217	1.0771	1.0771	1.0771	1.0771
20060221	1.0724	1.0724	1.0724	1.0724
20060222	1.0353	1.0453	1.0353	1.0453
20060223	1.0565	1.0565	1.0565	1.0565
20060224	1.1056	1.1056	1.1056	1.1056
20060227	1.0519	1.0519	1.0519	1.0519
20060228	1.1052	1.1052	1.1052	1.1052
20060301	1.1358	1.1358	1.1358	1.1358
20060302	1.1774	1.1774	1.1774	1.1774
20060303	1.1955	1.1955	1.1955	1.1955
20060306	1.1499	1.1499	1.1499	1.1499
20060307	1.1564	1.1564	1.1564	1.1564
20060308	1.1237	1.1237	1.1237	1.1237
20060309	1.1089	1.1089	1.1089	1.1089
20060310	1.0949	1.0949	1.0869	1.0869
20060313	1.1149	1.1404	1.1149	1.1404
20060314	1.1938	1.1938	1.1938	1.1938
20060315	1.1454	1.1454	1.1454	1.1454
20060316	1.1839	1.1839	1.1839	1.1839
20060317	1.1674	1.1674	1.1674	1.1674
20060320	1.1082	1.1082	1.1082	1.1082
20060321	1.1324	1.1324	1.1324	1.1324
20060322	1.0959	1.0959	1.0959	1.0959
20060323	1.1644	1.1644	1.1644	1.1644
20060324	1.1814	1.1814	1.1814	1.1814
20060327	1.1864	1.1864	1.1864	1.1864
20060328	1.2174	1.2174	1.2174	1.2174
20060329	1.2399	1.2399	1.2399	1.2399
20060330	1.2419	1.2419	1.2419	1.2419
20060331	1.2409	1.2409	1.2409	1.2409
20060403	1.2249	1.2256	1.2249	1.2256
20060404	1.2284	1.2284	1.2284	1.2284
20060405	1.2499	1.2574	1.2424	1.2574
20060406	1.2629	1.2638	1.2604	1.2638
20060407	1.2549	1.2549	1.2549	1.2549
20060410	1.2873	1.2873	1.2873	1.2873
20060411	1.2949	1.3275	1.2949	1.3275
20060412	1.3299	1.3319	1.3199	1.3319
20060413	1.3269	1.3289	1.3269	1.3284
20060417	1.3756	1.3756	1.3756	1.3756
20060418	1.4023	1.4023	1.4023	1.4023
20060419	1.4008	1.4008	1.4008	1.4008
20060420	1.3674	1.3674	1.3674	1.3674
20060421	1.4119	1.4119	1.4119	1.4119
20060424	1.3754	1.3754	1.3754	1.3754
20060425	1.3424	1.3424	1.3424	1.3424
20060426	1.3459	1.3459	1.3459	1.3459
20060427	1.3052	1.3052	1.3052	1.3052
20060428	1.3534	1.3534	1.3534	1.3534
20060501	1.3749	1.3765	1.3749	1.3765
20060502	1.4099	1.4099	1.4099	1.4099
20060503	1.3549	1.3549	1.3549	1.3549
20060504	1.2749	1.2749	1.2749	1.2749
20060505	1.2874	1.3412	1.2874	1.3412
20060508	1.2999	1.3235	1.2999	1.3235
20060509	1.3439	1.3659	1.3439	1.3659
20060510	1.4468	1.4468	1.4468	1.4468
20060511	1.4844	1.4844	1.4844	1.4844
20060512	1.4324	1.4324	1.4149	1.4186
20060515	1.3031	1.3031	1.3031	1.3031
20060516	1.2972	1.2972	1.2972	1.2972
20060517	1.2399	1.2584	1.2399	1.2584
20060518	1.267	1.267	1.267	1.267
20060519	1.2499	1.2949	1.2499	1.2795
20060522	1.2756	1.2756	1.2756	1.2756
20060523	1.3249	1.3324	1.3249	1.3324
20060524	1.2949	1.2949	1.2716	1.2716
20060525	1.2924	1.3118	1.2874	1.3118
20060526	1.3574	1.3574	1.3574	1.3574
20060530	1.3674	1.3674	1.3671	1.3671
20060531	1.3335	1.3335	1.3335	1.3335
20060601	1.3355	1.3355	1.3355	1.3355
20060602	1.4049	1.4052	1.4049	1.4052
20060605	1.3999	1.3999	1.3866	1.3866
20060606	1.3724	1.4003	1.3724	1.4003
20060607	1.3757	1.3757	1.3757	1.3757
20060608	1.3549	1.4077	1.3549	1.4077
20060609	1.4433	1.4433	1.4433	1.4433
20060612	1.3974	1.3974	1.3974	1.3974
20060613	1.3374	1.3374	1.329	1.329
20060614	1.3309	1.3309	1.3249	1.3289
20060615	1.339	1.339	1.339	1.339
20060616	1.3517	1.3517	1.3517	1.3517
20060619	1.3349	1.3349	1.3095	1.3095
20060620	1.3169	1.3169	1.3169	1.3169
20060621	1.3527	1.3527	1.3527	1.3527
20060622	1.3953	1.3953	1.3953	1.3953
20060623	1.4129	1.4129	1.3913	1.3913
20060626	1.4029	1.429	1.4029	1.429
20060627	1.4316	1.4316	1.4316	1.4316
20060628	1.4349	1.4549	1.4224	1.4395
20060629	1.4764	1.4764	1.4764	1.4764
20060630	1.5225	1.5225	1.5225	1.5225
20060705	1.5225	1.5499	1.5224	1.5382
20060706	1.5382	1.5479	1.5249	1.5479
20060707	1.5479	1.5479	1.537	1.537
20060710	1.537	1.537	1.4813	1.4813
20060711	1.4813	1.4949	1.4813	1.4854
20060712	1.4854	1.5313	1.4789	1.5313
20060713	1.5313	1.5641	1.5313	1.5641
20060714	1.5641	1.6049	1.5641	1.6002
20060717	1.6002	1.6002	1.5499	1.5541
20060718	1.5541	1.5949	1.5144	1.5144
20060719	1.5144	1.5144	1.4799	1.4878
20060720	1.4878	1.4973	1.4878	1.4973
20060721	1.4973	1.5535	1.4973	1.5535
20060724	1.5535	1.5535	1.5349	1.54
20060725	1.54	1.54	1.5199	1.5348
20060726	1.5348	1.5549	1.5299	1.5463
20060727	1.5463	1.5501	1.5349	1.5501
20060728	1.5501	1.5501	1.4899	1.5191
20060731	1.5191	1.5649	1.5149	1.5584
20060801	1.5849	1.5999	1.5799	1.5998
20060802	1.5998	1.6449	1.5998	1.641
20060803	1.641	1.641	1.5849	1.6062
20060804	1.6062	1.6062	1.5499	1.5679
20060807	1.5679	1.6049	1.5679	1.5964
20060808	1.5499	1.5649	1.5349	1.5611
20060809	1.5611	1.5611	1.4949	1.5029
20060810	1.5029	1.5029	1.3549	1.371
20060811	1.3949	1.4399	1.3749	1.4358
20060814	1.4358	1.4358	1.3249	1.3517
20060815	1.3517	1.3809	1.3449	1.3606
20060816	1.3606	1.3606	1.3049	1.3117
20060817	1.2649	1.2899	1.2549	1.2608
20060818	1.2849	1.2899	1.2699	1.282
20060821	1.282	1.2974	1.2724	1.2857
20060822	1.2749	1.2999	1.2749	1.2848
20060823	1.2848	1.2848	1.1799	1.2011
20060824	1.1949	1.2199	1.1949	1.213
20060825	1.2549	1.2649	1.2199	1.2265
20060828	1.1799	1.1949	1.1199	1.1266
20060829	1.1149	1.1599	1.1074	1.1435
20060830	1.1435	1.1949	1.1249	1.1781
20060831	1.1649	1.1749	1.1374	1.1581
20060901	1.1449	1.1449	1.1249	1.1391
20060905	1.1049	1.1199	1.0249	1.0375
20060906	1.0375	1.0724	1.0299	1.0339
20060907	1.0339	1.0474	1.0249	1.039
20060908	1.0299	1.0299	0.9899	0.9972
20060911	0.9972	1.0299	0.9674	0.9764
20060912	0.9764	1.0049	0.9449	0.9632
20060913	0.9632	0.9809	0.9534	0.9614
20060914	0.9614	0.9684	0.9459	0.9523
20060915	0.9523	0.9709	0.9359	0.9622
20060918	0.9659	1.0009	0.9359	0.9735
20060919	0.9609	0.9709	0.8809	0.8887
20060920	0.8887	0.9009	0.8409	0.8491
20060921	0.8409	0.8809	0.8359	0.8762
20060922	0.8659	0.8809	0.8509	0.8557
20060925	0.8359	0.8859	0.8259	0.8557
20060926	0.8459	0.8839	0.8459	0.8523
20060927	0.8523	0.9009	0.8259	0.8968
20060928	0.8759	0.9179	0.8709	0.8852
20060929	0.8709	0.9109	0.8584	0.907
20061002	0.8989	0.8989	0.8459	0.8534
20061003	0.8159	0.8309	0.7959	0.809
20061004	0.8259	0.8509	0.7909	0.8455
20061005	0.8739	0.8809	0.8309	0.8581
20061006	0.8334	0.8509	0.8069	0.8411
20061009	0.8609	0.8759	0.8209	0.8316
20061010	0.8159	0.8284	0.7959	0.7976
20061011	0.8034	0.8259	0.7809	0.7896
20061012	0.7909	0.8089	0.7859	0.7981
20061013	0.8259	0.8409	0.8134	0.829
20061016	0.8059	0.8584	0.8059	0.8431
20061017	0.8464	0.8609	0.7959	0.828
20061018	0.8259	0.8609	0.8009	0.8112
20061019	0.8229	0.8629	0.8079	0.8492
20061020	0.8379	0.8429	0.8104	0.8253
20061023	0.7954	0.8129	0.7904	0.8128
20061024	0.8129	0.8479	0.8129	0.8331
20061025	0.8379	0.8929	0.8379	0.8924
20061026	0.8754	0.8904	0.8379	0.8511
20061027	0.8479	0.8679	0.8404	0.8662
20061030	0.8229	0.8229	0.7729	0.7729
20061031	0.7629	0.7824	0.7354	0.7817
20061101	0.7679	0.7979	0.7479	0.7877
20061102	0.7579	0.7929	0.7479	0.7694
20061103	0.7879	0.8329	0.7879	0.8186
20061106	0.8254	0.8579	0.8254	0.8362
20061107	0.8279	0.8429	0.8204	0.8285
20061108	0.8429	0.8819	0.8429	0.8706
20061109	0.8979	0.9129	0.8779	0.8981
20061110	0.8729	0.8779	0.8479	0.8585
20061113	0.8254	0.838	0.8179	0.838
20061114	0.8379	0.8454	0.8284	0.8416
20061115	0.8484	0.8804	0.8484	0.8722
20061116	0.8904	0.9004	0.8079	0.8163
20061117	0.8124	0.8284	0.7854	0.8262
20061120	0.8262	0.8309	0.8079	0.8262
20061121	0.8494	0.8974	0.8494	0.8933
20061122	0.8829	0.8924	0.8354	0.8531
20061127	0.8604	0.8704	0.8424	0.8565
20061128	0.8679	0.8954	0.8654	0.8927
20061129	0.8979	0.9554	0.8979	0.9538
20061130	0.9529	0.9654	0.9379	0.9562
20061201	0.9354	0.9654	0.9329	0.9575
20061204	0.9374	0.9404	0.9064	0.9185
20061205	0.9329	0.9354	0.8629	0.8993
20061206	0.8854	0.8979	0.8704	0.8767
20061207	0.8689	0.8904	0.8604	0.8786
20061208	0.9029	0.9254	0.8654	0.8725
20061211	0.8604	0.8824	0.8479	0.8512
20061212	0.8654	0.8729	0.8379	0.8524
20061213	0.8554	0.8879	0.8554	0.8775
20061214	0.9054	0.9354	0.9054	0.9255
20061215	0.9354	0.9644	0.9254	0.9593
20061218	0.9509	0.9519	0.9209	0.9256
20061219	0.9059	0.9709	0.9059	0.953
20061220	0.9509	0.9609	0.9379	0.9429
20061221	0.9284	0.9359	0.8959	0.9038
20061222	0.9109	0.9159	0.8909	0.8943
20061226	0.8939	0.9009	0.8309	0.8356
20061227	0.8209	0.8609	0.8209	0.84
20061228	0.8409	0.8572	0.8259	0.8442
20061229	0.8434	0.8659	0.8359	0.8622
20070103	0.8359	0.8409	0.7909	0.7948
20070104	0.7634	0.7729	0.7309	0.7329
20070105	0.7359	0.7409	0.7059	0.739
20070108	0.7384	0.7454	0.7009	0.7144
20070109	0.6959	0.7359	0.6909	0.7155
20070110	0.6959	0.7009	0.6659	0.6751
20070111	0.6759	0.7039	0.6309	0.6364
20070112	0.6479	0.6859	0.6359	0.6779
20070116	0.6569	0.6609	0.6059	0.6152
20070117	0.6069	0.6354	0.5959	0.6325
20070118	0.6359	0.6404	0.5934	0.6092
20070119	0.6092	0.6504	0.6092	0.6499
20070122	0.6629	0.6824	0.6279	0.6296
20070123	0.6554	0.6979	0.6554	0.6973
20070124	0.6839	0.7124	0.6614	0.7095
20070125	0.7179	0.7454	0.6864	0.6895
20070126	0.7079	0.7304	0.7064	0.7304
20070129	0.7079	0.7229	0.6864	0.6894
20070130	0.6979	0.7704	0.6979	0.7662
20070131	0.7404	0.7834	0.7279	0.7678
20070201	0.7694	0.7754	0.7254	0.7407
20070202	0.7494	0.7924	0.7354	0.7883
20070205	0.7879	0.8054	0.7654	0.7753
20070206	0.8004	0.8044	0.7774	0.7879
20070207	0.7979	0.8089	0.7429	0.7569
20070208	0.7534	0.8154	0.7534	0.8087
20070209	0.8079	0.8479	0.8079	0.8302
20070212	0.8054	0.8094	0.7604	0.7681
20070213	0.7864	0.8329	0.7804	0.8245
20070214	0.8154	0.8589	0.8004	0.8316
20070215	0.8449	0.8449	0.7849	0.8091
20070216	0.8074	0.8549	0.8064	0.8517
20070220	0.8274	0.8385	0.8114	0.8385
20070221	0.8394	0.9014	0.8394	0.8921
20070222	0.8924	0.9384	0.8924	0.9302
20070223	0.9424	0.9494	0.9139	0.9405
20070226	0.9394	0.9674	0.9324	0.9561
20070227	0.9374	0.9924	0.9324	0.9715
20070228	0.9704	1.0024	0.9499	0.9962
20070301	1.0004	1.0394	0.9849	1.0325
20070302	1.0274	1.0624	1.0124	1.0242
20070305	0.9924	0.9949	0.9624	0.9671
20070306	0.9824	0.9844	0.9374	0.9757
20070307	0.9864	1.0214	0.9814	1.0179
20070308	1.0324	1.0574	1.0274	1.0485
20070309	1.0604	1.0674	1.0174	1.0245
20070312	0.9979	1.0504	0.9924	1.0329
20070313	1.0564	1.0774	1.0444	1.0542
20070314	1.0539	1.0609	1.0314	1.0487
20070315	1.0487	1.0487	1.0064	1.0095
20070316	1.0174	1.0554	0.9864	1.0265
20070319	1.0339	1.0674	1.0339	1.0555
20070320	1.0555	1.0684	1.0434	1.0476
20070321	1.0614	1.0644	1.0264	1.0417
20070322	1.0504	1.0769	1.0504	1.0769
20070323	1.0914	1.1124	1.0904	1.1058
20070326	1.1189	1.1739	1.1189	1.1716
20070327	1.1714	1.1814	1.1564	1.1778
20070328	1.1964	1.2164	1.1614	1.1676
20070329	1.1934	1.2364	1.1934	1.2303
20070330	1.2314	1.2364	1.2064	1.2144
20070402	1.2164	1.2194	1.1924	1.1992
20070403	1.1764	1.1794	1.1484	1.1741
20070404	1.1854	1.2664	1.1624	1.2618
20070405	1.2564	1.2889	1.2564	1.2852
20070409	1.2724	1.3114	1.2464	1.251
20070410	1.2614	1.2839	1.2574	1.2794
20070411	1.2964	1.3264	1.2844	1.3151
20070412	1.3039	1.3514	1.2964	1.3482
20070413	1.3614	1.3644	1.3314	1.3361
20070416	1.3274	1.3314	1.2664	1.2721
20070417	1.3004	1.3004	1.2064	1.2122
20070418	1.1979	1.2382	1.1489	1.2382
20070419	1.2389	1.2439	1.2314	1.2367
20070420	1.2459	1.2889	1.2459	1.2838
20070423	1.2939	1.3389	1.2939	1.3356
20070424	1.3489	1.3739	1.3109	1.3325
20070425	1.3419	1.4039	1.3419	1.4001
20070426	1.3869	1.4049	1.3689	1.3828
20070427	1.3769	1.4389	1.3689	1.4337
20070430	1.4419	1.4739	1.4259	1.4333
20070501	1.4349	1.4689	1.4039	1.4186
20070502	1.4114	1.4179	1.3639	1.4065
20070503	1.3909	1.4239	1.3794	1.4215
20070504	1.4289	1.4489	1.3739	1.3903
20070507	1.3389	1.3689	1.3239	1.3635
20070508	1.3619	1.3814	1.3339	1.3784
20070509	1.3799	1.4089	1.3559	1.4048
20070510	1.4514	1.5039	1.4514	1.5
20070511	1.5289	1.5364	1.4889	1.526
20070514	1.5369	1.5439	1.4639	1.4751
20070515	1.4589	1.5089	1.4579	1.4755
20070516	1.4489	1.5164	1.4364	1.5109
20070517	1.5309	1.6139	1.5309	1.6105
20070518	1.5939	1.6169	1.5764	1.5816
20070521	1.5804	1.5854	1.5474	1.5777
20070522	1.5504	1.5504	1.5057	1.5057
20070523	1.4954	1.5094	1.4684	1.4978
20070524	1.5104	1.5404	1.5104	1.5373
20070525	1.5579	1.5854	1.5504	1.5809
20070529	1.5494	1.5534	1.4638	1.4638
20070530	1.4554	1.4754	1.4404	1.4694
20070531	1.4554	1.4774	1.4054	1.4736
20070601	1.4884	1.5404	1.4884	1.515
20070604	1.5064	1.5314	1.5029	1.5084
20070605	1.4829	1.4874	1.4554	1.4777
20070606	1.4654	1.4694	1.4354	1.4608
20070607	1.4608	1.4964	1.4579	1.4631
20070608	1.4154	1.4204	1.3754	1.3975
20070611	1.4154	1.4299	1.3904	1.4217
20070612	1.4114	1.4129	1.3854	1.4054
20070613	1.3829	1.4454	1.3729	1.4257
20070614	1.4454	1.4979	1.4454	1.4951
20070615	1.5029	1.5484	1.5029	1.5305
20070618	1.5114	1.5504	1.5114	1.5347
20070619	1.5129	1.5154	1.4879	1.505
20070620	1.4928	1.4984	1.4508	1.4984
20070621	1.5188	1.5308	1.5138	1.517
20070622	1.5208	1.5523	1.5208	1.5484
20070625	1.5208	1.5633	1.5208	1.5527
20070626	1.5398	1.5398	1.4873	1.4942
20070627	1.4808	1.5108	1.4808	1.5027
20070628	1.5208	1.5218	1.5068	1.5094
20070629	1.5338	1.5483	1.5233	1.5436
20070702	1.5383	1.5518	1.4982	1.5495
20070703	1.5478	1.5708	1.5458	1.5652
20070705	1.5738	1.5888	1.5208	1.5851
20070706	1.5933	1.6118	1.5928	1.6104
20070709	1.6208	1.6478	1.6208	1.6454
20070710	1.6578	1.6758	1.6568	1.6702
20070711	1.6468	1.6568	1.6058	1.6071
20070712	1.6258	1.6383	1.5558	1.5671
20070713	1.5708	1.5758	1.5058	1.5256
20070716	1.5298	1.5348	1.4233	1.427
20070717	1.427	1.4648	1.3933	1.398
20070718	1.4058	1.4811	1.4038	1.4811
20070719	1.5058	1.5058	1.4728	1.4867
20070720	1.4833	1.4908	1.4648	1.4682
20070723	1.4508	1.4558	1.4108	1.4122
20070724	1.3883	1.3883	1.3478	1.3558
20070725	1.3558	1.3988	1.3358	1.3983
20070726	1.4298	1.4328	1.3758	1.3791
20070727	1.3858	1.4183	1.3848	1.4079
20070730	1.4028	1.4028	1.3796	1.385
20070731	1.3858	1.4408	1.3858	1.4317
20070801	1.4208	1.4288	1.3273	1.3554
20070802	1.3358	1.3658	1.3358	1.362
20070803	1.3683	1.3683	1.3483	1.3548
20070806	1.3358	1.3358	1.2458	1.2517
20070807	1.2508	1.2708	1.2358	1.27
20070808	1.2608	1.3008	1.2598	1.2635
20070809	1.2308	1.2598	1.2308	1.2598
20070810	1.2598	1.2808	1.2258	1.2806
20070813	1.2988	1.3213	1.2608	1.2633
20070814	1.2728	1.3008	1.2633	1.2996
20070815	1.3358	1.3608	1.3258	1.3346
20070816	1.2938	1.3041	1.2593	1.3041
20070817	1.3458	1.3658	1.3328	1.3646
20070820	1.2958	1.2958	1.2533	1.2623
20070821	1.2298	1.2483	1.1658	1.1895
20070822	1.1968	1.2118	1.1848	1.1982
20070823	1.1982	1.2318	1.1982	1.2291
20070824	1.2418	1.2818	1.2398	1.2778
20070827	1.2598	1.3268	1.2598	1.3203
20070828	1.2998	1.3108	1.2838	1.2872
20070829	1.3038	1.3468	1.3038	1.3455
20070830	1.3438	1.3478	1.3084	1.3315
20070831	1.3478	1.3518	1.3288	1.3363
20070904	1.3198	1.3768	1.3198	1.3628
20070905	1.3643	1.3688	1.3583	1.3683
20070906	1.3818	1.3936	1.3098	1.3435
20070907	1.3268	1.3668	1.3268	1.3582
20070910	1.3238	1.3518	1.3108	1.3504
20070911	1.3468	1.3529	1.3228	1.3529
20070912	1.3428	1.4018	1.3418	1.3878
20070913	1.4158	1.4278	1.3908	1.4182
20070914	1.4168	1.4293	1.4018	1.4082
20070917	1.4082	1.4278	1.4082	1.4195
20070918	1.4195	1.4329	1.4195	1.4329
20070919	1.4388	1.4619	1.4388	1.4619
20070920	1.4619	1.4988	1.4619	1.4984
20070921	1.4984	1.5098	1.4813	1.4822
20070924	1.4708	1.4713	1.4566	1.4566
20070925	1.4338	1.4398	1.4138	1.4162
20070926	1.4288	1.4373	1.3808	1.4083
20070927	1.4288	1.4701	1.4288	1.4701
20070928	1.4668	1.4758	1.4349	1.4349
20071001	1.4188	1.4228	1.3688	1.3751
20071002	1.3588	1.3788	1.3388	1.3766
20071003	1.3908	1.4038	1.3863	1.3897
20071004	1.3838	1.4518	1.3838	1.446
20071005	1.4438	1.4488	1.4318	1.4431
20071008	1.4238	1.4288	1.3858	1.394
20071009	1.3858	1.4348	1.3858	1.414
20071010	1.414	1.4308	1.3788	1.4274
20071011	1.4413	1.4658	1.4413	1.4604
20071012	1.4578	1.4838	1.4463	1.4789
20071015	1.4789	1.5513	1.4789	1.5513
20071016	1.5663	1.5718	1.5503	1.5675
20071017	1.5568	1.5741	1.5378	1.5404
20071018	1.5488	1.5774	1.5488	1.5774
20071019	1.5723	1.5758	1.5423	1.561
20071022	1.5248	1.5282	1.5128	1.5282
20071023	1.5282	1.5282	1.5048	1.5075
20071024	1.5068	1.5465	1.5068	1.5465
20071025	1.5638	1.6353	1.5638	1.6353
20071026	1.6478	1.6698	1.6398	1.6673
20071029	1.6678	1.7173	1.6678	1.7137
20071030	1.6878	1.6923	1.6399	1.6399
20071031	1.6698	1.7348	1.6698	1.7268
20071101	1.7298	1.7378	1.7223	1.733
20071102	1.7623	1.8348	1.7623	1.8293
20071105	1.7858	1.8098	1.7709	1.7709
20071106	1.8148	1.8398	1.8128	1.8248
20071107	1.8308	1.8448	1.8108	1.8304
20071108	1.8438	1.8588	1.8238	1.8274
20071109	1.8274	1.8498	1.8258	1.8458
20071112	1.8158	1.8198	1.7878	1.8063
20071113	1.7828	1.7868	1.7023	1.7065
20071114	1.7298	1.7602	1.7298	1.7602
20071115	1.7478	1.7548	1.7063	1.726
20071116	1.7548	1.7623	1.7548	1.7617
20071119	1.7803	1.7803	1.7702	1.7702
20071120	1.7938	1.8423	1.7863	1.8423
20071121	1.8513	1.8513	1.8213	1.8276
20071123	1.8173	1.8573	1.8173	1.8573
20071126	1.8433	1.8473	1.8153	1.8332
20071127	1.7923	1.7923	1.7573	1.7638
20071128	1.7848	1.7873	1.6573	1.6647
20071129	1.6973	1.717	1.6523	1.658
20071130	1.6173	1.6473	1.6123	1.6229
20071203	1.6143	1.6424	1.5998	1.6424
20071204	1.6398	1.6473	1.6323	1.644
20071205	1.6673	1.6748	1.6073	1.6093
20071206	1.5903	1.6973	1.5903	1.6936
20071207	1.7003	1.7003	1.6483	1.6613
20071210	1.6723	1.6723	1.6353	1.6424
20071211	1.6423	1.6983	1.6423	1.6837
20071212	1.6953	1.8073	1.6953	1.8051
20071213	1.7883	1.7883	1.7573	1.7667
20071214	1.7593	1.7683	1.7223	1.734
20071217	1.7123	1.7298	1.7123	1.7277
20071218	1.7583	1.7603	1.6823	1.6966
20071219	1.7108	1.7543	1.7108	1.7232
20071220	1.7083	1.7563	1.7083	1.7207
20071221	1.7403	1.7923	1.7373	1.7697
20071224	1.7753	1.7753	1.7523	1.775
20071226	1.8123	1.8523	1.8083	1.84
20071227	1.8543	1.8873	1.8473	1.8815
20071228	1.8848	1.8953	1.8405	1.8405
20071231	1.8453	1.8673	1.8423	1.8531
20080102	1.9023	1.9312	1.9023	1.9312
20080103	1.9148	1.9173	1.8973	1.9037
20080104	1.8893	1.8893	1.8503	1.8733
20080107	1.8733	1.8773	1.7921	1.7921
20080108	1.8373	1.8423	1.8338	1.8362
20080109	1.8193	1.8333	1.7973	1.7978
20080110	1.7533	1.7603	1.7183	1.7224
20080111	1.7019	1.7019	1.6739	1.685
20080114	1.7029	1.7338	1.7029	1.7338
20080115	1.7099	1.7109	1.6539	1.6716
20080116	1.6485	1.6485	1.6069	1.6417
20080117	1.6704	1.6754	1.6264	1.6307
20080118	1.6664	1.6664	1.6499	1.6622
20080122	1.5889	1.6393	1.5889	1.6393
20080123	1.5989	1.6043	1.5989	1.6043
20080124	1.6239	1.6409	1.5889	1.6398
20080125	1.6659	1.6909	1.6639	1.6781
20080128	1.6549	1.6939	1.6479	1.6872
20080129	1.6939	1.6954	1.6784	1.6954
20080130	1.6959	1.7029	1.6829	1.7009
20080131	1.6609	1.6811	1.6364	1.6811
20080201	1.6639	1.6689	1.6073	1.6073
20080204	1.6114	1.6369	1.6114	1.6356
20080205	1.5939	1.5949	1.5839	1.5886
20080206	1.5889	1.5914	1.5619	1.5638
20080207	1.5519	1.5917	1.5489	1.5917
20080208	1.6179	1.6839	1.6179	1.6811
20080211	1.6839	1.7464	1.6739	1.7201
20080212	1.7009	1.7089	1.6889	1.6919
20080213	1.6879	1.7289	1.6859	1.7138
20080214	1.7354	1.8039	1.7339	1.8
20080215	1.8239	1.8339	1.7999	1.8177
20080219	1.9014	1.9236	1.9009	1.9236
20080220	1.8929	1.9349	1.8929	1.9201
20080221	1.9079	1.9079	1.8504	1.8654
20080222	1.8649	1.8669	1.8411	1.8662
20080225	1.8699	1.8799	1.8659	1.8753
20080226	1.8579	1.9032	1.8574	1.9032
20080227	1.8829	1.8919	1.8359	1.8378
20080228	1.8499	1.8616	1.8249	1.8616
20080229	1.8449	1.8599	1.8419	1.8598
20080303	1.8819	1.9159	1.8549	1.8619
20080304	1.8569	1.8569	1.7099	1.719
20080305	1.7569	1.8349	1.7569	1.832
20080306	1.8109	1.8431	1.7939	1.8431
20080307	1.8499	1.8899	1.8499	1.8842
20080310	1.8569	1.9048	1.8324	1.9048
20080311	1.9039	1.916	1.8849	1.916
20080312	1.9049	1.9216	1.8944	1.9216
20080313	1.8954	1.8954	1.8629	1.8817
20080314	1.8504	1.8833	1.8504	1.8833
20080317	1.8269	1.8269	1.6959	1.7025
20080318	1.7269	1.8508	1.7269	1.8508
20080319	1.7734	1.8344	1.7369	1.7499
20080320	1.7044	1.7867	1.6969	1.7867
20080324	1.7744	1.8074	1.7744	1.807
20080325	1.8294	1.8454	1.7879	1.8454
20080326	1.8459	1.9244	1.8459	1.9093
20080327	1.8794	1.8964	1.8544	1.8897
20080328	1.8974	1.8974	1.8879	1.8879
20080331	1.8814	1.9144	1.7874	1.8015
20080401	1.7804	1.8394	1.7804	1.8136
20080402	1.8249	1.948	1.8249	1.948
20080403	1.9074	1.9244	1.8894	1.8987
20080404	1.9024	1.9311	1.8894	1.9311
20080407	1.9429	1.9584	1.9429	1.9579
20080408	1.9209	1.9369	1.9144	1.9248
20080409	1.9344	1.9894	1.9344	1.9486
20080410	1.9394	1.9665	1.9144	1.9665
20080411	1.9659	1.9844	1.9319	1.9817
20080414	1.9804	2.0064	1.9804	1.9962
20080415	2.0294	2.0544	2.0294	2.0544
20080416	2.0504	2.1119	2.0504	2.1119
20080417	2.1294	2.1294	2.1214	2.1282
20080418	2.0904	2.1602	2.0904	2.1602
20080421	2.1524	2.1539	2.1369	2.1539
20080422	2.1509	2.1915	2.1509	2.1915
20080423	2.1744	2.2238	2.1744	2.2238
20080424	2.1964	2.2044	2.1839	2.1907
20080425	2.2154	2.2364	2.2154	2.2281
20080428	2.2184	2.2184	2.2004	2.2031
20080429	2.1464	2.1514	2.0954	2.1141
20080430	2.1414	2.1514	2.0877	2.0877
20080501	2.0734	2.0739	2.0164	2.0596
20080502	2.0774	2.1478	2.0774	2.1478
20080505	2.1314	2.2343	2.1314	2.2343
20080506	2.2294	2.2964	2.2294	2.2869
20080507	2.2884	2.2996	2.2574	2.2996
20080508	2.2944	2.3192	2.2859	2.3192
20080509	2.3554	2.3826	2.3514	2.3826
20080512	2.3594	2.3869	2.3414	2.3456
20080513	2.3389	2.3914	2.3389	2.3814
20080514	2.3714	2.3964	2.3554	2.3618
20080515	2.3844	2.3899	2.3139	2.3477
20080516	2.4079	2.4079	2.4026	2.4026
20080519	2.4104	2.4177	2.4059	2.4177
20080520	2.4299	2.4858	2.4299	2.4858
20080521	2.4894	2.5777	2.4894	2.5777
20080522	2.5899	2.5899	2.5084	2.5084
20080523	2.5514	2.5729	2.5289	2.5559
20080527	2.5599	2.5599	2.5099	2.5169
20080528	2.4929	2.5849	2.4929	2.574
20080529	2.5314	2.6199	2.5149	2.5171
20080530	2.5609	2.5649	2.5309	2.5381
20080602	2.5184	2.5949	2.5184	2.5806
20080603	2.5894	2.5894	2.5399	2.5424
20080604	2.5694	2.5694	2.385	2.385
20080605	2.4054	2.5244	2.3889	2.5244
20080606	2.5749	2.7379	2.5749	2.7379
20080609	2.6909	2.6909	2.5799	2.5839
20080610	2.6419	2.6509	2.5092	2.5092
20080611	2.5669	2.6557	2.5669	2.6557
20080612	2.6149	2.7249	2.6024	2.7159
20080613	2.6849	2.6949	2.6499	2.6525
20080616	2.7324	2.7324	2.6224	2.6278
20080617	2.6059	2.6299	2.6009	2.6078
20080618	2.6139	2.6626	2.6139	2.6626
20080619	2.6679	2.6679	2.5585	2.5585
20080620	2.6339	2.6406	2.6339	2.6406
20080623	2.6354	2.6711	2.6354	2.6595
20080624	2.6869	2.6869	2.6489	2.6669
20080625	2.6609	2.6609	2.5714	2.5739
20080626	2.6639	2.7189	2.6639	2.7182
20080627	2.7169	2.7322	2.7111	2.7111
20080630	2.7464	2.7464	2.6889	2.693
20080701	2.7449	2.7449	2.6854	2.7073
20080702	2.7149	2.7433	2.6914	2.7433
20080703	2.7434	2.7649	2.7434	2.7649
20080707	2.7164	2.7164	2.6489	2.6766
20080708	2.6189	2.6264	2.557	2.557
20080709	2.6039	2.6039	2.5639	2.5747
20080710	2.5864	2.7048	2.5864	2.7048
20080711	2.8039	2.8189	2.7164	2.7571
20080714	2.7504	2.7536	2.7504	2.7536
20080715	2.7634	2.7634	2.5827	2.5827
20080716	2.5869	2.5869	2.4738	2.4738
20080717	2.4749	2.4749	2.3552	2.3552
20080718	2.3904	2.3904	2.3598	2.3598
20080721	2.3899	2.407	2.3772	2.407
20080722	2.3739	2.3739	2.3119	2.3378
20080723	2.2959	2.3031	2.2219	2.2223
20080724	2.2214	2.2464	2.1994	2.2458
20080725	2.2454	2.2454	2.1994	2.2102
20080728	2.2419	2.2434	2.2189	2.2434
20080729	2.2364	2.2364	2.1694	2.1826
20080730	2.1724	2.3219	2.1724	2.3093
20080731	2.3069	2.3069	2.2139	2.2403
20080801	2.2354	2.2919	2.2354	2.2537
20080804	2.2444	2.2464	2.1696	2.1696
20080805	2.1464	2.1544	2.1258	2.1258
20080806	2.1294	2.1394	2.1187	2.1187
20080807	2.1834	2.1844	2.1544	2.1721
20080808	2.1344	2.1344	2.0568	2.0568
20080811	2.0584	2.0584	2.0094	2.036
20080812	2.0344	2.0369	2.0126	2.0126
20080813	2.0574	2.1017	2.0494	2.1017
20080814	2.0924	2.0924	2.0294	2.0814
20080815	2.0579	2.0579	2.0346	2.0346
20080818	2.0304	2.0304	1.9926	1.9926
20080819	1.9884	2.0408	1.9884	2.0408
20080820	2.0649	2.0824	2.0649	2.0824
20080821	2.1544	2.2197	2.1544	2.2197
20080822	2.1594	2.1634	2.0585	2.0585
20080825	2.0684	2.0728	2.0409	2.0728
20080826	2.1159	2.1309	2.1159	2.1256
20080827	2.1989	2.1989	2.1831	2.1831
20080828	2.2199	2.2394	2.1303	2.1303
20080829	2.1809	2.1959	2.1201	2.1201
20080902	1.9084	2.0079	1.9084	1.9996
20080903	1.9694	2.0327	1.9509	2.0327
20080904	2.0459	2.0459	1.9684	2.0063
20080905	1.9999	1.9999	1.9279	1.952
20080908	2.0959	2.0959	2.0149	2.0162
20080909	1.9159	1.9304	1.9039	1.9185
20080910	1.9459	1.9459	1.9004	1.9275
20080911	2.0759	2.0759	1.9949	2.0147
20080912	2.1029	2.1209	2.0079	2.0355
20080915	1.8759	1.8759	1.8259	1.8273
20080916	1.7379	1.7379	1.6857	1.6857
20080917	1.7429	1.7979	1.7429	1.7939
20080918	1.8629	1.8629	1.8308	1.8308
20080919	1.9029	1.9499	1.8639	1.9472
20080922	1.9764	2.0788	1.9764	2.0788
20080923	2.0114	2.0114	1.9876	1.9876
20080924	2.0429	2.0429	1.9529	1.9735
20080925	1.9664	2.0504	1.9664	2.0504
20080926	1.9829	2.018	1.9654	2.018
20080929	1.8849	1.8904	1.7644	1.7644
20080930	1.8079	1.8606	1.8079	1.8606
20081001	1.8204	1.8204	1.7629	1.7629
20081002	1.7029	1.7029	1.6579	1.6579
20081003	1.8774	1.8774	1.6304	1.6312
20081006	1.5474	1.5474	1.462	1.462
20081007	1.5029	1.5029	1.4229	1.4657
20081008	1.4209	1.4429	1.4004	1.4327
20081009	1.4429	1.4429	1.4204	1.4302
20081010	1.3139	1.3139	1.2099	1.2099
20081013	1.2974	1.3205	1.2834	1.3205
20081014	1.3851	1.3851	1.2737	1.2737
20081015	1.1974	1.1974	1.1606	1.1606
20081016	1.1309	1.1309	1.0069	1.007
20081017	1.0374	1.049	1.0374	1.049
20081020	1.0719	1.0965	1.0719	1.0965
20081021	1.0219	1.0503	1.0144	1.0503
20081022	0.9694	0.9694	0.9338	0.9338
20081023	0.9244	0.9644	0.9244	0.9498
20081024	0.8404	0.8491	0.8404	0.8491
20081027	0.8393	0.8393	0.8262	0.8262
20081028	0.8494	0.8494	0.8089	0.8089
20081029	0.8964	0.9054	0.8964	0.9054
20081030	0.9099	0.9099	0.8394	0.8464
20081031	0.8069	0.8953	0.7959	0.8953
20081103	0.8254	0.8254	0.7619	0.7619
20081104	0.7929	0.9321	0.7929	0.9321
20081105	0.8894	0.9117	0.8194	0.8238
20081106	0.8109	0.8109	0.7354	0.7354
20081107	0.7364	0.7494	0.7364	0.7489
20081110	0.8344	0.8344	0.7144	0.7673
20081111	0.7234	0.7234	0.7029	0.7053
20081112	0.7019	0.7019	0.6469	0.6475
20081113	0.6364	0.7008	0.6364	0.7008
20081114	0.6549	0.6549	0.6385	0.6385
20081117	0.6149	0.6149	0.569	0.569
20081118	0.5734	0.5734	0.5352	0.5352
20081119	0.5211	0.5274	0.5074	0.5084
20081120	0.4299	0.4554	0.4048	0.4048
20081121	0.4424	0.4556	0.4371	0.4556
20081124	0.4703	0.5374	0.4703	0.5344
20081125	0.5197	0.5197	0.4749	0.4828
20081126	0.5285	0.5659	0.4974	0.5657
20081128	0.5679	0.5745	0.5679	0.5745
20081201	0.5199	0.5199	0.4749	0.4761
20081202	0.4934	0.4934	0.4232	0.4232
20081203	0.4149	0.4249	0.3999	0.4064
20081204	0.3749	0.3749	0.3344	0.3344
20081205	0.3014	0.3049	0.2661	0.2661
20081208	0.3189	0.3267	0.3149	0.3267
20081209	0.3049	0.3249	0.3013	0.3013
20081210	0.3336	0.3336	0.3336	0.3336
20081211	0.4099	0.4435	0.4099	0.4435
20081212	0.3749	0.5322	0.3749	0.4426
20081215	0.5049	0.5049	0.3999	0.4018
20081216	0.3986	0.4582	0.3789	0.3986
20081217	0.3664	0.4501	0.359	0.3664
20081218	0.3203	0.4039	0.3155	0.3203
20081219	0.3464	0.3464	0.3272	0.3272
20081222	0.3104	0.3104	0.2344	0.2471
20081223	0.2672	0.2672	0.157	0.2184
20081224	0.1536	0.1769	0.1536	0.1536
20081226	0.2019	0.2447	0.2019	0.2019
20081229	0.2039	0.2393	0.2039	0.2374
20081230	0.2204	0.2517	0.2204	0.2517
20081231	0.2389	0.3809	0.2389	0.3809
20090102	0.3639	0.4759	0.3589	0.4294
20090105	0.4689	0.513	0.4589	0.5013
20090106	0.5464	0.5464	0.4939	0.5081
20090107	0.4964	0.4964	0.3889	0.3953
20090108	0.3964	0.4239	0.3939	0.4071
20090109	0.3964	0.4341	0.3893	0.4301
20090112	0.3929	0.4122	0.3839	0.403
20090113	0.4674	0.4953	0.4297	0.4678
20090114	0.4821	0.5004	0.4629	0.4821
20090115	0.4834	0.4865	0.4123	0.4865
20090116	0.4609	0.504	0.4036	0.4771
20090120	0.4584	0.4636	0.4374	0.451
20090121	0.4782	0.4954	0.4685	0.4782
20090122	0.3975	0.4954	0.3584	0.3975
20090123	0.4611	0.5082	0.4274	0.4611
20090126	0.5009	0.5239	0.4604	0.4635
20090127	0.4099	0.4584	0.3934	0.4164
20090128	0.4594	0.5129	0.4594	0.484
20090129	0.4884	0.5363	0.4669	0.5218
20090130	0.5609	0.5774	0.5434	0.5471
20090202	0.4859	0.4859	0.3701	0.4276
20090203	0.4104	0.4526	0.3989	0.4454
20090204	0.4784	0.5133	0.4309	0.4968
20090205	0.5267	0.5559	0.5267	0.5532
20090206	0.5094	0.5624	0.4934	0.5291
20090209	0.5334	0.5766	0.5154	0.5255
20090210	0.5779	0.5862	0.5154	0.5223
20090211	0.5914	0.6157	0.5327	0.5482
20090212	0.5704	0.5805	0.5364	0.5457
20090213	0.4874	0.5194	0.4152	0.5017
20090217	0.4006	0.4014	0.3891	0.4006
20090218	0.3579	0.4139	0.3424	0.3511
20090219	0.3424	0.4064	0.3216	0.4004
20090220	0.3614	0.3922	0.3358	0.3884
20090223	0.3634	0.4173	0.3394	0.3587
20090224	0.3714	0.4064	0.3714	0.3931
20090225	0.4164	0.4814	0.4164	0.4671
20090226	0.5374	0.5957	0.5314	0.5909
20090227	0.5739	0.5739	0.5564	0.5739
20090302	0.5304	0.5314	0.4876	0.4876
20090303	0.4939	0.5249	0.4814	0.5208
20090304	0.5489	0.583	0.5489	0.583
20090305	0.5334	0.5334	0.5141	0.5141
20090306	0.5214	0.5336	0.5214	0.5336
20090309	0.5514	0.5514	0.5365	0.5365
20090310	0.4986	0.4986	0.4986	0.4986
20090311	0.4614	0.5029	0.4526	0.4526
20090312	0.4783	0.5456	0.4703	0.5456
20090313	0.5485	0.5485	0.5485	0.5485
20090316	0.5533	0.5648	0.5533	0.5648
20090317	0.623	0.623	0.623	0.623
20090318	0.5708	0.5708	0.5708	0.5708
20090319	0.6431	0.6431	0.6431	0.6431
20090320	0.6601	0.6601	0.6601	0.6601
20090323	0.696	0.696	0.696	0.696
20090324	0.7072	0.7072	0.7072	0.7072
20090325	0.6981	0.6981	0.6981	0.6981
20090326	0.7343	0.7343	0.7338	0.7338
20090327	0.6895	0.6895	0.6895	0.6895
20090330	0.6393	0.6393	0.5793	0.5806
20090331	0.5643	0.6103	0.5518	0.6081
20090401	0.5618	0.5618	0.5493	0.5585
20090402	0.6415	0.6566	0.6415	0.6566
20090403	0.6378	0.6792	0.6378	0.6792
20090406	0.6593	0.6753	0.6368	0.6623
20090407	0.6468	0.6543	0.6418	0.6472
20090408	0.6168	0.6711	0.6153	0.6264
20090409	0.6793	0.6793	0.6678	0.6678
20090413	0.5968	0.6528	0.5968	0.65
20090414	0.6518	0.6668	0.6444	0.6444
20090415	0.6328	0.6328	0.6328	0.6328
20090416	0.6585	0.6585	0.6585	0.6585
20090417	0.6875	0.6875	0.6729	0.6729
20090420	0.589	0.589	0.589	0.589
20090421	0.5675	0.5889	0.5675	0.5889
20090422	0.5595	0.5683	0.5595	0.5683
20090423	0.571	0.571	0.571	0.571
20090424	0.6045	0.617	0.6045	0.617
20090427	0.552	0.5795	0.547	0.5778
20090428	0.5595	0.569	0.5533	0.569
20090429	0.6095	0.6158	0.597	0.6158
20090430	0.6095	0.6395	0.6095	0.6353
20090501	0.687	0.687	0.6866	0.6869
20090504	0.7115	0.7555	0.7115	0.7555
20090505	0.7417	0.7417	0.7417	0.7417
20090506	0.7975	0.7975	0.7975	0.7975
20090507	0.8675	0.8675	0.8085	0.835
20090508	0.863	0.875	0.8375	0.875
20090511	0.8497	0.8497	0.8497	0.8497
20090512	0.8205	0.8374	0.8205	0.8374
20090513	0.8675	0.8675	0.8583	0.8583
20090514	0.8645	0.8932	0.8595	0.8932
20090515	0.8501	0.8501	0.8501	0.8501
20090518	0.9236	0.9236	0.9236	0.9236
20090519	0.961	0.961	0.961	0.961
20090520	1.004	1.004	0.9643	0.9643
20090521	0.9188	0.9573	0.9188	0.9573
20090522	0.9962	0.9962	0.9962	0.9962
20090526	0.9755	1.0073	0.9755	1.0073
20090527	1.0242	1.0405	1.0242	1.0405
20090528	1.0255	1.0635	1.0255	1.0596
20090529	1.0705	1.0808	1.0705	1.0808
20090601	1.0882	1.1098	1.0882	1.1098
20090602	1.104	1.1107	1.104	1.1107
20090603	1.1045	1.1045	1.0545	1.0871
20090604	1.1476	1.1476	1.1476	1.1476
20090605	1.1355	1.1405	1.1355	1.1401
20090608	1.138	1.138	1.1215	1.1215
20090609	1.1522	1.1522	1.1522	1.1522
20090610	1.1755	1.2008	1.1755	1.2008
20090611	1.2405	1.2504	1.2405	1.2504
20090612	1.2355	1.2385	1.2286	1.2286
20090615	1.2385	1.2385	1.2385	1.2385
20090616	1.2805	1.281	1.2485	1.2566
20090617	1.2226	1.2226	1.2226	1.2226
20090618	1.2131	1.2209	1.2131	1.2209
20090619	1.2181	1.2181	1.1303	1.1303
20090622	1.0686	1.0686	1.0686	1.0686
20090623	1.0951	1.1038	1.0951	1.1038
20090624	1.0716	1.0716	1.0631	1.0631
20090625	1.1147	1.1147	1.1147	1.1147
20090626	1.0831	1.085	1.0791	1.085
20090629	1.1371	1.1601	1.1371	1.1485
20090630	1.1151	1.1153	1.1151	1.1151
20090701	1.0721	1.0721	1.0721	1.0721
20090702	1.0021	1.0039	1.0021	1.0039
20090706	0.9556	0.9581	0.9535	0.9535
20090707	0.9406	0.9459	0.9406	0.9459
20090708	0.9016	0.9016	0.8464	0.8464
20090709	0.8448	0.8769	0.8448	0.8769
20090710	0.8636	0.8636	0.8636	0.8636
20090713	0.8537	0.8537	0.8537	0.8537
20090714	0.8594	0.8594	0.8594	0.8594
20090715	0.9186	0.9186	0.9186	0.9186
20090716	0.9254	0.9254	0.9254	0.9254
20090717	0.9806	0.9806	0.9806	0.9806
20090720	0.9967	1.0001	0.9967	1.0001
20090721	1.0151	1.0151	1.0151	1.0151
20090722	0.9912	1.0337	0.9912	1.0337
20090723	1.0465	1.1012	1.0465	1.1005
20090724	1.1072	1.1072	1.1072	1.1072
20090727	1.1337	1.1337	1.1247	1.1247
20090728	1.0984	1.0984	1.0984	1.0984
20090729	1.0582	1.0582	1.0242	1.0393
20090730	1.1217	1.1706	1.1217	1.1706
20090731	1.1812	1.2318	1.1812	1.2318
20090803	1.2852	1.2885	1.2792	1.2885
20090804	1.2832	1.2832	1.2707	1.2759
20090805	1.2592	1.2704	1.2392	1.2704
20090806	1.2799	1.2799	1.2799	1.2799
20090807	1.2667	1.2667	1.2273	1.2273
20090810	1.2367	1.2466	1.2367	1.2466
20090811	1.2587	1.2614	1.2587	1.2614
20090812	1.2667	1.2667	1.2445	1.2445
20090813	1.2542	1.2542	1.2384	1.2384
20090814	1.1942	1.1942	1.1572	1.1572
20090817	1.1202	1.1707	1.1142	1.1707
20090818	1.2162	1.2292	1.2162	1.2194
20090819	1.2578	1.2578	1.2578	1.2578
20090820	1.2225	1.2225	1.2225	1.2225
20090821	1.2311	1.2392	1.2311	1.2392
20090824	1.2782	1.2782	1.2782	1.2782
20090825	1.2736	1.2736	1.2176	1.2209
20090826	1.1821	1.1954	1.1821	1.1954
20090827	1.1662	1.237	1.1662	1.237
20090828	1.2586	1.2586	1.2485	1.2485
20090831	1.1536	1.1621	1.1536	1.1585
20090901	1.1806	1.1811	1.1286	1.1308
20090902	1.1561	1.1572	1.1561	1.1572
20090903	1.1494	1.1494	1.1414	1.1414
20090904	1.1146	1.1306	1.1146	1.1249
20090908	1.1801	1.1801	1.1775	1.1775
20090909	1.1986	1.1986	1.1767	1.1767
20090910	1.1406	1.1522	1.1406	1.1522
20090911	1.1651	1.1651	1.0956	1.1084
20090914	1.0886	1.0919	1.0886	1.0919
20090915	1.1066	1.1378	1.1066	1.1378
20090916	1.1952	1.1952	1.1952	1.1952
20090917	1.1983	1.1983	1.1983	1.1983
20090918	1.1817	1.1817	1.1817	1.1817
20090921	1.1035	1.1035	1.1035	1.1035
20090922	1.141	1.141	1.141	1.141
20090923	1.0601	1.0666	1.0551	1.0662
20090924	0.9944	0.9944	0.9944	0.9944
20090925	0.9811	0.9811	0.9811	0.9811
20090928	0.9957	0.9957	0.9957	0.9957
20090929	0.9864	0.9864	0.9864	0.9864
20090930	1.0031	1.0967	1.0031	1.0967
20091001	1.0751	1.103	1.0751	1.103
20091002	1.0541	1.086	1.0541	1.086
20091005	1.099	1.099	1.099	1.099
20091006	1.1126	1.1178	1.1126	1.1178
20091007	1.0766	1.0766	1.0654	1.0654
20091008	1.1251	1.1251	1.1248	1.1248
20091009	1.1214	1.1311	1.1131	1.1131
20091012	1.1441	1.1441	1.1441	1.1441
20091013	1.1651	1.1769	1.1621	1.1769
20091014	1.1951	1.2026	1.1951	1.2026
20091015	1.2862	1.2862	1.2862	1.2862
20091016	1.2945	1.3201	1.291	1.3201
20091019	1.3289	1.3289	1.3289	1.3289
20091020	1.326	1.326	1.326	1.326
20091021	1.3518	1.407	1.3518	1.3914
20091022	1.342	1.3815	1.342	1.3815
20091023	1.3685	1.3784	1.3685	1.3784
20091026	1.3637	1.3637	1.3637	1.3637
20091027	1.386	1.3932	1.386	1.3932
20091028	1.317	1.317	1.3078	1.3078
20091029	1.3485	1.3508	1.3485	1.3508
20091030	1.2855	1.2855	1.2855	1.2855
20091102	1.2785	1.3163	1.2785	1.3163
20091103	1.2835	1.3264	1.2835	1.3264
20091104	1.332	1.3387	1.317	1.3387
20091105	1.316	1.316	1.3137	1.3137
20091106	1.266	1.324	1.241	1.2503
20091109	1.3078	1.3078	1.3078	1.3078
20091110	1.3034	1.3034	1.3034	1.3034
20091111	1.3187	1.3187	1.3187	1.3187
20091112	1.2589	1.2702	1.2589	1.2702
20091113	1.2471	1.2471	1.2471	1.2471
20091116	1.3176	1.3176	1.3176	1.3176
20091117	1.3353	1.3353	1.3353	1.3353
20091118	1.3394	1.3394	1.3394	1.3394
20091119	1.2972	1.2972	1.2972	1.2972
20091120	1.2849	1.3013	1.2849	1.3013
20091123	1.3519	1.3519	1.2992	1.2992
20091124	1.2624	1.2679	1.2539	1.2597
20091125	1.2599	1.3212	1.2599	1.3212
20091127	1.2547	1.2547	1.2547	1.2547
20091130	1.2779	1.3114	1.2749	1.3114
20091201	1.3474	1.3474	1.3422	1.3422
20091202	1.2949	1.2949	1.2899	1.2927
20091203	1.2959	1.2992	1.2929	1.2929
20091204	1.2899	1.3239	1.2564	1.2749
20091207	1.2499	1.2554	1.2405	1.2405
20091208	1.2258	1.2258	1.2245	1.2245
20091209	1.2234	1.2259	1.1572	1.1572
20091210	1.1299	1.135	1.1299	1.135
20091211	1.1309	1.1415	1.1309	1.1415
20091214	1.1397	1.1397	1.1266	1.1266
20091215	1.1324	1.1549	1.1324	1.145
20091216	1.1949	1.1949	1.1738	1.1738
20091217	1.256	1.256	1.1519	1.1519
20091218	1.1906	1.1906	1.1906	1.1906
20091221	1.1671	1.1671	1.1671	1.1671
20091222	1.1861	1.1861	1.1861	1.1861
20091223	1.2585	1.2603	1.2585	1.2603
20091224	1.2841	1.2841	1.2841	1.2841
20091228	1.3106	1.3106	1.3106	1.3106
20091229	1.3175	1.3175	1.3025	1.3025
20091230	1.312	1.3301	1.312	1.3301
20091231	1.3375	1.3375	1.3264	1.3264
20100104	1.3795	1.3795	1.3779	1.3779
20100105	1.381	1.3985	1.381	1.3985
20100106	1.3835	1.4101	1.3835	1.4101
20100107	1.4101	1.4101	1.4035	1.4084
20100108	1.401	1.4288	1.401	1.4288
20100111	1.4415	1.4435	1.4162	1.4162
20100112	1.3935	1.3935	1.3713	1.3713
20100113	1.3205	1.3337	1.3135	1.3337
20100114	1.342	1.3473	1.3288	1.3473
20100115	1.327	1.327	1.3105	1.3189
20100119	1.3334	1.3334	1.3334	1.3334
20100120	1.3069	1.3175	1.3069	1.3175
20100121	1.2969	1.3024	1.2543	1.2543
20100122	1.2274	1.2384	1.2274	1.2333
20100125	1.2483	1.2675	1.2483	1.2675
20100126	1.2399	1.2399	1.2366	1.2366
20100127	1.1999	1.2073	1.1999	1.2073
20100128	1.1873	1.1873	1.1873	1.1873
20100129	1.1749	1.1749	1.1733	1.1733
20100201	1.192	1.192	1.192	1.192
20100202	1.2549	1.2778	1.2549	1.2778
20100203	1.2924	1.2961	1.2924	1.2961
20100204	1.2049	1.2439	1.2049	1.2107
20100205	1.1964	1.1969	1.1349	1.1463
20100208	1.1539	1.1539	1.1539	1.1539
20100209	1.2029	1.2029	1.1889	1.1889
20100210	1.1729	1.1889	1.1549	1.1889
20100211	1.1824	1.1956	1.1699	1.1956
20100212	1.1674	1.1894	1.1674	1.1894
20100216	1.249	1.249	1.249	1.249
20100217	1.2635	1.2635	1.2635	1.2635
20100218	1.2921	1.3166	1.2921	1.3166
20100219	1.336	1.336	1.336	1.336
20100222	1.3586	1.3586	1.3586	1.3586
20100223	1.3039	1.3039	1.3039	1.3039
20100224	1.3423	1.3423	1.3423	1.3423
20100225	1.2806	1.2833	1.2806	1.2833
20100226	1.3231	1.3235	1.3231	1.3235
20100301	1.3421	1.3421	1.2912	1.2912
20100302	1.3336	1.3336	1.3322	1.3322
20100303	1.3731	1.3832	1.3731	1.3832
20100304	1.3693	1.3693	1.3693	1.3693
20100305	1.4013	1.4066	1.4013	1.4066
20100308	1.4248	1.4248	1.4248	1.4248
20100309	1.3986	1.4011	1.3956	1.3959
20100310	1.4207	1.4207	1.4207	1.4207
20100311	1.4076	1.4076	1.4076	1.4076
20100312	1.3888	1.3888	1.3888	1.3888
20100315	1.3557	1.3557	1.3557	1.3557
20100316	1.4045	1.4045	1.4045	1.4045
20100317	1.44	1.44	1.44	1.44
20100318	1.4292	1.4292	1.4292	1.4292
20100319	1.385	1.385	1.385	1.385
20100322	1.3867	1.3867	1.3867	1.3867
20100323	1.3932	1.3932	1.3932	1.3932
20100324	1.3552	1.3557	1.3532	1.3532
20100325	1.3506	1.3506	1.3506	1.3506
20100326	1.3392	1.3392	1.3392	1.3392
20100329	1.3934	1.3934	1.3934	1.3934
20100330	1.3952	1.4028	1.3952	1.4028
20100331	1.4379	1.4379	1.4379	1.4379
20100401	1.4544	1.4544	1.4544	1.4544
20100405	1.4809	1.4809	1.4809	1.4809
20100406	1.4787	1.4842	1.4787	1.479
20100407	1.4454	1.4454	1.4454	1.4454
20100408	1.429	1.429	1.429	1.429
20100409	1.42	1.42	1.4198	1.42
20100412	1.4247	1.4265	1.4247	1.4265
20100413	1.44	1.44	1.44	1.44
20100414	1.4634	1.4634	1.4634	1.4634
20100415	1.4608	1.4608	1.4608	1.4608
20100416	1.405	1.4154	1.405	1.4154
20100419	1.3897	1.3897	1.3897	1.3897
20100420	1.4153	1.4153	1.4153	1.4153
20100421	1.4174	1.4178	1.4174	1.4174
20100422	1.4318	1.4318	1.4318	1.4318
20100423	1.4807	1.4807	1.4807	1.4807
20100426	1.4668	1.4668	1.4668	1.4668
20100427	1.464	1.464	1.4499	1.4499
20100428	1.4377	1.4545	1.4377	1.4545
20100429	1.4783	1.4783	1.4783	1.4783
20100430	1.513	1.5209	1.513	1.5209
20100503	1.5566	1.5566	1.5566	1.5566
20100504	1.5115	1.513	1.4437	1.4437
20100505	1.3555	1.3555	1.3419	1.3419
20100506	1.2778	1.2778	1.2778	1.2778
20100507	1.2466	1.2466	1.2466	1.2466
20100510	1.2865	1.2941	1.2865	1.2941
20100511	1.3115	1.3167	1.3115	1.3167
20100512	1.3315	1.3319	1.331	1.3319
20100513	1.325	1.325	1.3166	1.3166
20100514	1.2493	1.2493	1.2493	1.2493
20100517	1.163	1.163	1.1625	1.1625
20100518	1.1587	1.1587	1.1587	1.1587
20100519	1.1295	1.1295	1.1295	1.1295
20100520	1.0792	1.0792	1.0792	1.0792
20100521	1.0729	1.0729	1.0729	1.0729
20100524	1.0772	1.0772	1.0772	1.0772
20100525	1.0394	1.0394	1.0394	1.0394
20100526	1.0849	1.0849	1.0849	1.0849
20100527	1.1555	1.1555	1.1555	1.1555
20100528	1.1221	1.1467	1.1221	1.1467
20100601	1.1026	1.1026	1.1026	1.1026
20100602	1.1561	1.1561	1.1462	1.1462
20100603	1.2013	1.2013	1.2013	1.2013
20100604	1.1154	1.1154	1.1154	1.1154
20100607	1.115	1.115	1.115	1.115
20100608	1.1242	1.1242	1.1092	1.1092
20100609	1.1598	1.1598	1.1598	1.1598
20100610	1.1906	1.1906	1.1906	1.1906
20100611	1.1698	1.1698	1.1698	1.1698
20100614	1.1965	1.1965	1.1965	1.1965
20100615	1.2296	1.2416	1.2296	1.2416
20100616	1.2653	1.2653	1.2653	1.2653
20100617	1.2819	1.2819	1.2819	1.2819
20100618	1.2672	1.2672	1.2672	1.2672
20100621	1.2651	1.2651	1.2651	1.2651
20100622	1.2534	1.2534	1.2534	1.2534
20100623	1.2046	1.2046	1.2046	1.2046
20100624	1.2155	1.2155	1.2155	1.2155
20100625	1.286	1.286	1.286	1.286
20100628	1.2574	1.2574	1.2574	1.2574
20100629	1.1847	1.1923	1.1847	1.1923
20100630	1.2017	1.2017	1.1632	1.1876
20100701	1.1248	1.1248	1.1248	1.1248
20100702	1.1049	1.1049	1.1049	1.1049
20100706	1.0972	1.0985	1.0972	1.0985
20100707	1.1525	1.1525	1.1525	1.1525
20100708	1.1783	1.1783	1.1783	1.1783
20100709	1.1972	1.1972	1.1972	1.1972
20100712	1.1822	1.1822	1.1552	1.1552
20100713	1.2093	1.2093	1.2093	1.2093
20100714	1.1951	1.1951	1.1951	1.1951
20100715	1.1902	1.1902	1.1902	1.1902
20100716	1.1793	1.1793	1.1793	1.1793
20100719	1.1891	1.1891	1.1891	1.1891
20100720	1.2076	1.2076	1.2076	1.2076
20100721	1.1958	1.1958	1.1958	1.1958
20100722	1.2718	1.2718	1.2718	1.2718
20100723	1.2501	1.2501	1.2501	1.2501
20100726	1.2373	1.2373	1.2373	1.2373
20100727	1.195	1.195	1.195	1.195
20100728	1.1849	1.1956	1.1793	1.1956
20100729	1.2319	1.2319	1.2319	1.2319
20100730	1.2054	1.2559	1.2054	1.2533
20100802	1.2994	1.2994	1.2994	1.2994
20100803	1.3244	1.3244	1.3244	1.3244
20100804	1.3059	1.3059	1.3059	1.3059
20100805	1.2899	1.2953	1.2899	1.2953
20100806	1.2436	1.2436	1.2436	1.2436
20100809	1.2496	1.2496	1.2496	1.2496
20100810	1.2254	1.2254	1.2129	1.2162
20100811	1.1285	1.1285	1.1285	1.1285
20100812	1.0857	1.0857	1.0857	1.0857
20100813	1.0729	1.0729	1.0729	1.0729
20100816	1.0667	1.0667	1.0667	1.0667
20100817	1.1027	1.1032	1.0952	1.0952
20100818	1.0952	1.0952	1.0952	1.0952
20100819	1.0647	1.0647	1.0647	1.0647
20100820	1.0557	1.0557	1.0557	1.0557
20100823	1.0272	1.0272	1.0272	1.0272
20100824	0.9975	0.9975	0.9975	0.9975
20100825	0.9772	1.0136	0.9772	1.0136
20100826	1.0568	1.0568	1.0568	1.0568
20100827	1.103	1.103	1.103	1.103
20100830	1.096	1.096	1.096	1.096
20100831	1.0456	1.0456	1.0456	1.0456
20100901	1.0773	1.0773	1.0773	1.0773
20100902	1.1098	1.1098	1.1098	1.1098
20100903	1.0922	1.1077	1.0922	1.1077
20100907	1.1211	1.1211	1.1211	1.1211
20100908	1.1276	1.1276	1.1276	1.1276
20100909	1.1236	1.1236	1.1236	1.1236
20100910	1.1613	1.1613	1.1613	1.1613
20100913	1.1688	1.1688	1.1688	1.1688
20100914	1.1572	1.1572	1.1572	1.1572
20100915	1.1524	1.1524	1.1524	1.1524
20100916	1.1176	1.1176	1.1176	1.1176
20100917	1.1107	1.1107	1.1107	1.1107
20100920	1.1523	1.1523	1.1398	1.1398
20100921	1.1253	1.1253	1.1105	1.1105
20100922	1.0931	1.0931	1.0931	1.0931
20100923	1.0773	1.1047	1.0773	1.1047
20100924	1.1322	1.1322	1.1322	1.1322
20100927	1.1133	1.1309	1.1068	1.1309
20100928	1.1243	1.1498	1.1243	1.1288
20100929	1.1747	1.1747	1.1747	1.1747
20100930	1.2279	1.2279	1.2279	1.2279
20101001	1.2538	1.2779	1.2538	1.2779
20101004	1.2851	1.2851	1.2851	1.2851
20101005	1.3118	1.3173	1.3078	1.3173
20101006	1.3173	1.3477	1.3173	1.3477
20101007	1.3098	1.3098	1.3098	1.3098
20101008	1.343	1.343	1.343	1.343
20101011	1.3603	1.3603	1.3573	1.3573
20101012	1.3157	1.3157	1.3157	1.3157
20101013	1.3478	1.3579	1.3478	1.3579
20101014	1.331	1.331	1.331	1.331
20101015	1.2941	1.2941	1.2941	1.2941
20101018	1.3406	1.3406	1.3406	1.3406
20101019	1.2458	1.2458	1.2458	1.2458
20101020	1.286	1.286	1.286	1.286
20101021	1.2431	1.2431	1.2431	1.2431
20101022	1.2671	1.2671	1.2671	1.2671
20101025	1.2804	1.2804	1.2804	1.2804
20101026	1.2903	1.2903	1.2903	1.2903
20101027	1.2885	1.2885	1.2885	1.2885
20101028	1.2959	1.2959	1.2959	1.2959
20101029	1.2725	1.2725	1.2725	1.2725
20101101	1.306	1.306	1.306	1.306
20101102	1.3171	1.3227	1.3171	1.3227
20101103	1.3481	1.3511	1.3481	1.3511
20101104	1.3902	1.3902	1.3902	1.3902
20101105	1.3931	1.3931	1.3931	1.3931
20101108	1.3916	1.3916	1.3916	1.3916
20101109	1.4011	1.4011	1.3981	1.3981
20101110	1.4493	1.4493	1.4493	1.4493
20101111	1.4484	1.4484	1.4459	1.4459
20101112	1.3966	1.3966	1.3966	1.3966
20101115	1.3928	1.3928	1.3928	1.3928
20101116	1.3519	1.3519	1.3455	1.3455
20101117	1.3348	1.3348	1.3348	1.3348
20101118	1.3899	1.3899	1.3899	1.3899
20101119	1.3585	1.3585	1.3585	1.3585
20101122	1.3291	1.3291	1.3291	1.3291
20101123	1.3182	1.3182	1.3182	1.3182
20101124	1.3244	1.3932	1.3229	1.3932
20101126	1.3898	1.3898	1.3898	1.3898
20101129	1.4558	1.4558	1.4558	1.4558
20101130	1.4374	1.4419	1.4182	1.4182
20101201	1.5159	1.5318	1.5159	1.5318
20101202	1.5867	1.5867	1.5867	1.5867
20101203	1.5835	1.5835	1.5835	1.5835
20101206	1.5731	1.5731	1.5731	1.5731
20101207	1.5544	1.5544	1.5544	1.5544
20101208	1.5394	1.5394	1.536	1.536
20101209	1.5719	1.5719	1.5719	1.5719
20101210	1.5414	1.5414	1.5407	1.5407
20101213	1.5498	1.5498	1.5498	1.5498
20101214	1.5278	1.5278	1.5278	1.5278
20101215	1.5383	1.5383	1.5383	1.5383
20101216	1.5319	1.5319	1.5319	1.5319
20101217	1.5431	1.5431	1.5431	1.5431
20101220	1.5731	1.5926	1.5731	1.5926
20101221	1.6122	1.6122	1.6122	1.6122
20101222	1.6375	1.6375	1.6375	1.6375
20101223	1.6568	1.6568	1.6568	1.6568
20101227	1.6374	1.6374	1.6374	1.6374
20101228	1.6284	1.6284	1.6284	1.6284
20101229	1.6191	1.6191	1.6191	1.6191
20101230	1.6126	1.6154	1.6126	1.6154
20101231	1.6609	1.6609	1.6609	1.6609
20110103	1.6566	1.6579	1.6566	1.6579
20110104	1.6446	1.6446	1.6446	1.6446
20110105	1.6876	1.6876	1.6757	1.6757
20110106	1.6736	1.6736	1.6736	1.6736
20110107	1.6726	1.6726	1.6437	1.6437
20110110	1.6849	1.6849	1.6849	1.6849
20110111	1.709	1.709	1.709	1.709
20110112	1.6937	1.6937	1.6937	1.6937
20110113	1.6765	1.6765	1.6765	1.6765
20110114	1.7214	1.7214	1.7214	1.7214
20110118	1.7089	1.7089	1.7089	1.7089
20110119	1.7113	1.7113	1.7113	1.7113
20110120	1.6571	1.6571	1.6571	1.6571
20110121	1.6935	1.6935	1.6935	1.6935
20110124	1.6529	1.6529	1.6529	1.6529
20110125	1.5856	1.5856	1.5856	1.5856
20110126	1.6375	1.6716	1.6375	1.6716
20110127	1.6282	1.6282	1.6282	1.6282
20110128	1.675	1.7009	1.675	1.7009
20110131	1.705	1.7151	1.705	1.7151
20110201	1.7344	1.7344	1.7344	1.7344
20110202	1.712	1.7135	1.712	1.7135
20110203	1.7184	1.7184	1.7184	1.7184
20110204	1.7295	1.7295	1.6503	1.6503
20110207	1.6875	1.6875	1.6655	1.6655
20110208	1.675	1.7092	1.675	1.7092
20110209	1.71	1.741	1.71	1.741
20110210	1.6848	1.6848	1.6848	1.6848
20110211	1.71	1.71	1.6802	1.6802
20110214	1.753	1.753	1.7324	1.7324
20110215	1.7038	1.7038	1.7038	1.7038
20110216	1.7624	1.7624	1.7624	1.7624
20110217	1.7462	1.7462	1.7462	1.7462
20110218	1.7703	1.7703	1.7703	1.7703
20110222	1.8266	1.8266	1.8266	1.8266
20110223	1.8892	1.9479	1.8892	1.9479
20110224	2.0022	2.0022	1.9551	1.9551
20110225	1.9888	1.9888	1.9888	1.9888
20110228	1.9712	1.9729	1.9712	1.9729
20110301	2.0636	2.0636	2.0636	2.0636
20110302	2.1097	2.1097	2.1097	2.1097
20110303	2.1064	2.1064	2.1064	2.1064
20110304	2.1266	2.1266	2.1266	2.1266
20110307	2.0841	2.0841	2.0841	2.0841
20110308	2.0269	2.0269	2.0269	2.0269
20110309	2.0927	2.1074	2.0927	2.1074
20110310	2.0642	2.0998	2.0577	2.0998
20110311	2.0679	2.0679	2.0679	2.0679
20110314	2.0252	2.0405	2.0252	2.0405
20110315	1.8832	1.8832	1.8832	1.8832
20110316	1.9515	1.9515	1.9268	1.9268
20110317	2.0328	2.0328	2.0328	2.0328
20110318	2.0309	2.0309	2.0309	2.0309
20110321	2.0825	2.0825	2.0825	2.0825
20110322	2.0901	2.0901	2.0901	2.0901
20110323	2.1051	2.1051	2.1051	2.1051
20110324	2.1273	2.1273	2.1273	2.1273
20110325	2.126	2.126	2.126	2.126
20110328	2.1041	2.1041	2.1041	2.1041
20110329	2.1201	2.1201	2.1201	2.1201
20110330	2.1365	2.1365	2.1315	2.1338
20110331	2.1815	2.1842	2.1815	2.1842
20110401	2.2065	2.2278	2.2065	2.2278
20110404	2.2453	2.2453	2.2453	2.2453
20110405	2.2778	2.2778	2.2778	2.2778
20110406	2.265	2.2694	2.265	2.2694
20110407	2.2595	2.263	2.2595	2.263
20110408	2.3135	2.3372	2.2835	2.3372
20110411	2.277	2.277	2.277	2.277
20110412	2.2406	2.2406	2.2406	2.2406
20110413	2.3189	2.3189	2.3189	2.3189
20110414	2.3225	2.3225	2.3112	2.3112
20110415	2.3657	2.3657	2.3657	2.3657
20110418	2.3293	2.3293	2.3293	2.3293
20110419	2.3102	2.3102	2.3102	2.3102
20110420	2.3449	2.3593	2.3449	2.3593
20110421	2.3832	2.3832	2.3832	2.3832
20110425	2.3894	2.3894	2.3894	2.3894
20110426	2.4181	2.4181	2.4181	2.4181
20110427	2.4691	2.4691	2.4691	2.4691
20110428	2.4805	2.4805	2.4805	2.4805
20110429	2.4804	2.5093	2.4804	2.5093
20110502	2.5149	2.5149	2.4588	2.4588
20110503	2.4403	2.4403	2.4403	2.4403
20110504	2.4334	2.4334	2.4334	2.4334
20110505	2.2063	2.2063	2.2063	2.2063
20110506	2.2799	2.2799	2.201	2.201
20110509	2.3893	2.3893	2.3893	2.3893
20110510	2.3419	2.4906	2.3419	2.4906
20110511	2.3739	2.3739	2.2337	2.2337
20110512	2.1748	2.1748	2.1748	2.1748
20110513	2.1853	2.1853	2.1853	2.1853
20110516	2.0707	2.0707	2.0707	2.0707
20110517	2.0532	2.0532	2.0532	2.0532
20110518	2.095	2.095	2.095	2.095
20110519	2.073	2.073	2.073	2.073
20110520	2.0893	2.0893	2.0893	2.0893
20110523	2.0749	2.0749	2.0749	2.0749
20110524	2.127	2.127	2.127	2.127
20110525	2.1557	2.1557	2.1557	2.1557
20110526	2.1764	2.1764	2.1764	2.1764
20110527	2.2	2.2003	2.2	2.2003
20110531	2.2193	2.2193	2.2193	2.2193
20110601	2.1463	2.1463	2.1463	2.1463
20110602	2.1645	2.1645	2.1367	2.1367
20110603	2.1621	2.1621	2.1621	2.1621
20110606	2.1189	2.1189	2.1189	2.1189
20110607	2.1609	2.1609	2.1609	2.1609
20110608	2.1477	2.1477	2.1477	2.1477
20110609	2.2088	2.2088	2.2088	2.2088
20110610	2.1867	2.1867	2.1867	2.1867
20110613	2.1658	2.1658	2.1658	2.1658
20110614	2.2336	2.2336	2.2336	2.2336
20110615	2.0925	2.0925	2.0925	2.0925
20110616	2.1128	2.1128	2.1128	2.1128
20110617	2.1048	2.1048	2.1048	2.1048
20110620	2.068	2.068	2.068	2.068
20110621	2.0451	2.0451	2.0451	2.0451
20110622	2.1442	2.1442	2.1442	2.1442
20110623	1.9918	1.9918	1.9918	1.9918
20110624	1.9364	1.9379	1.9313	1.9313
20110627	1.9598	1.9598	1.9598	1.9598
20110628	2.0134	2.031	2.0119	2.031
20110629	2.1503	2.1503	2.1503	2.1503
20110630	2.1599	2.1846	2.1599	2.1846
20110701	2.188	2.188	2.1814	2.188
20110705	2.1928	2.1928	2.1928	2.1928
20110706	2.213	2.213	2.213	2.213
20110707	2.3424	2.3424	2.3424	2.3424
20110708	2.308	2.3134	2.308	2.308
20110711	2.2859	2.2859	2.2859	2.2859
20110712	2.3136	2.3136	2.3136	2.3136
20110713	2.3764	2.3764	2.367	2.367
20110714	2.3402	2.3402	2.3402	2.3402
20110715	2.3447	2.3447	2.3447	2.3447
20110718	2.3128	2.3128	2.3128	2.3128
20110719	2.3298	2.3298	2.3298	2.3298
20110720	2.3595	2.3595	2.3595	2.3595
20110721	2.3469	2.3469	2.3216	2.3216
20110722	2.3574	2.3574	2.3555	2.3555
20110725	2.3466	2.3466	2.3466	2.3466
20110726	2.3634	2.3634	2.3634	2.3634
20110727	2.348	2.348	2.348	2.348
20110728	2.3287	2.3287	2.3287	2.3287
20110729	2.3228	2.3228	2.3228	2.3228
20110801	2.3189	2.3189	2.3189	2.3189
20110802	2.3022	2.3022	2.3022	2.3022
20110803	2.1962	2.1962	2.1962	2.1962
20110804	2.1109	2.1109	2.0021	2.0021
20110805	2.0472	2.0701	2.0472	2.0701
20110808	2.0239	2.0239	1.9565	1.9565
20110809	1.9889	1.9899	1.9325	1.9325
20110810	2.0474	2.0474	2.0474	2.0474
20110811	2.0922	2.0922	2.0922	2.0922
20110812	2.0871	2.0871	2.0871	2.0871
20110815	2.1394	2.1394	2.1394	2.1394
20110816	2.1187	2.1187	2.1187	2.1187
20110817	2.1573	2.1573	2.1573	2.1573
20110818	2.0823	2.0823	2.0823	2.0823
20110819	2.1333	2.1333	2.1333	2.1333
20110822	2.13	2.13	2.13	2.13
20110823	2.1643	2.1643	2.1643	2.1643
20110824	2.1729	2.1729	2.1729	2.1729
20110825	2.2188	2.2188	2.2188	2.2188
20110826	2.2031	2.2031	2.2031	2.2031
20110829	2.1866	2.1866	2.1866	2.1866
20110830	2.2586	2.2586	2.2586	2.2586
20110831	2.2934	2.2934	2.2934	2.2934
20110901	2.3171	2.3171	2.3098	2.3098
20110902	2.2567	2.2567	2.2567	2.2567
20110906	2.2397	2.2397	2.2397	2.2397
20110907	2.3251	2.3251	2.3251	2.3251
20110908	2.3023	2.3023	2.3023	2.3023
20110909	2.2096	2.2096	2.1881	2.1881
20110912	2.1553	2.1553	2.1553	2.1553
20110913	2.1595	2.1595	2.1595	2.1595
20110914	2.1429	2.1429	2.1429	2.1429
20110915	2.1999	2.1999	2.1999	2.1999
20110916	2.2012	2.2012	2.2012	2.2012
20110919	2.1136	2.1136	2.1136	2.1136
20110920	2.1165	2.1228	2.1165	2.1228
20110921	2.0949	2.0949	2.0949	2.0949
20110922	1.9949	1.9949	1.9822	1.9822
20110923	1.9629	1.9629	1.9629	1.9629
20110926	1.9669	1.9669	1.9669	1.9669
20110927	2.0745	2.0745	2.0745	2.0745
20110928	2.0138	2.0138	2.0138	2.0138
20110929	1.9971	1.9971	1.9971	1.9971
20110930	1.971	1.9766	1.971	1.9766
20111003	1.9495	1.9495	1.9495	1.9495
20111004	1.9269	1.9269	1.9269	1.9269
20111005	2.0077	2.0077	2.0077	2.0077
20111006	2.0235	2.1245	2.0235	2.1245
20111007	2.0861	2.0861	2.0861	2.0861
20111010	2.1338	2.1338	2.1338	2.1338
20111011	2.1861	2.1861	2.1861	2.1861
20111012	2.1872	2.1872	2.1872	2.1872
20111013	2.1985	2.1985	2.196	2.196
20111014	2.2686	2.2686	2.2686	2.2686
20111017	2.2082	2.2082	2.2082	2.2082
20111018	2.2164	2.2164	2.2164	2.2164
20111019	2.144	2.2011	2.144	2.144
20111020	2.1561	2.1561	2.1561	2.1561
20111021	2.1573	2.1573	2.1573	2.1573
20111024	2.1694	2.1694	2.1694	2.1694
20111025	2.1738	2.1738	2.1738	2.1738
20111026	2.1244	2.1244	2.1244	2.1244
20111027	2.2063	2.2063	2.2063	2.2063
20111028	2.1452	2.1452	2.1452	2.1452
20111031	2.0916	2.1048	2.0916	2.1048
20111101	2.1235	2.1235	2.1235	2.1235
20111102	2.1263	2.1263	2.1263	2.1263
20111103	2.1409	2.1409	2.1409	2.1409
20111104	2.1625	2.1625	2.1625	2.1625
20111107	2.2273	2.2273	2.2273	2.2273
20111108	2.2055	2.2055	2.2055	2.2055
20111109	2.1433	2.1433	2.1433	2.1433
20111110	2.1359	2.1359	2.1359	2.1359
20111111	2.1029	2.1029	2.1029	2.1029
20111114	2.0266	2.0344	2.0266	2.0344
20111115	2.0841	2.0841	2.0841	2.0841
20111116	2.1239	2.1239	2.1239	2.1239
20111117	2.0076	2.0076	2.0076	2.0076
20111118	1.98	1.98	1.98	1.98
20111121	1.9907	1.9907	1.9907	1.9907
20111122	2.057	2.057	2.057	2.057
20111123	2.0125	2.0125	2.0125	2.0125
20111125	1.9462	1.9462	1.9462	1.9462
20111128	2.0097	2.0097	2.0097	2.0097
20111129	2.0318	2.0318	2.0318	2.0318
20111130	2.0504	2.0504	2.0504	2.0504
20111201	2.0499	2.0499	2.0499	2.0499
20111202	2.1082	2.1082	2.1082	2.1082
20111205	2.118	2.118	2.1057	2.1057
20111206	2.1374	2.1374	2.1374	2.1374
20111207	2.0789	2.0789	2.0789	2.0789
20111208	2.0586	2.0586	2.0586	2.0586
20111209	2.0881	2.0881	2.0881	2.0881
20111212	2.0556	2.0556	2.0556	2.0556
20111213	2.1174	2.1174	2.1174	2.1174
20111214	1.9957	1.9957	1.9895	1.9957
20111215	1.9797	1.9797	1.9797	1.9797
20111216	1.979	1.979	1.979	1.979
20111219	1.9813	1.9813	1.9813	1.9813
20111220	2.0681	2.0681	2.0681	2.0681
20111221	2.1056	2.1056	2.1056	2.1056
20111222	2.1209	2.1209	2.1209	2.1209
20111223	2.1622	2.1622	2.1622	2.1622
20111227	2.1775	2.1775	2.1651	2.1651
20111228	2.1297	2.1297	2.1297	2.1297
20111229	2.1535	2.1535	2.1535	2.1535
20111230	2.1415	2.1415	2.1351	2.1415
20120103	2.2291	2.2327	2.2291	2.2327
20120104	2.2693	2.2693	2.2693	2.2693
20120105	2.2206	2.2206	2.2206	2.2206
20120106	2.2357	2.2357	2.2357	2.2357
20120109	2.2431	2.2431	2.2431	2.2431
20120110	2.2569	2.2569	2.2569	2.2569
20120111	2.2491	2.2491	2.2474	2.2474
20120112	2.2154	2.2154	2.2154	2.2154
20120113	2.2183	2.2183	2.2183	2.2183
20120117	2.2554	2.2554	2.2554	2.2554
20120118	2.305	2.305	2.305	2.305
20120119	2.2986	2.2986	2.2986	2.2986
20120120	2.2661	2.2661	2.2661	2.2661
20120123	2.2614	2.2614	2.2614	2.2614
20120124	2.2863	2.2863	2.2863	2.2863
20120125	2.3132	2.3132	2.3132	2.3132
20120126	2.3266	2.3266	2.3266	2.3266
20120127	2.3992	2.3992	2.3992	2.3992
20120130	2.3658	2.3658	2.3485	2.3485
20120131	2.3667	2.3667	2.3667	2.3667
20120201	2.3663	2.368	2.3663	2.368
20120202	2.3447	2.3447	2.3447	2.3447
20120203	2.3902	2.3902	2.3902	2.3902
20120206	2.4037	2.4037	2.4037	2.4037
20120207	2.4033	2.4033	2.4033	2.4033
20120208	2.451	2.451	2.451	2.451
20120209	2.4886	2.4886	2.4886	2.4886
20120210	2.4507	2.4507	2.4507	2.4507
20120213	2.4883	2.4883	2.4883	2.4883
20120214	2.4583	2.4583	2.4583	2.4583
20120215	2.4758	2.4825	2.4758	2.4825
20120216	2.5199	2.5199	2.5199	2.5199
20120217	2.5009	2.5009	2.5009	2.5009
20120221	2.5618	2.5618	2.5618	2.5618
20120222	2.5763	2.5763	2.5763	2.5763
20120223	2.6013	2.6013	2.6013	2.6013
20120224	2.638	2.638	2.638	2.638
20120227	2.6043	2.616	2.6023	2.616
20120228	2.538	2.538	2.5373	2.538
20120229	2.5705	2.5705	2.5705	2.5705
20120301	2.6133	2.665	2.6133	2.665
20120302	2.5854	2.5854	2.5854	2.5854
20120305	2.5713	2.5713	2.5713	2.5713
20120306	2.5432	2.5432	2.5432	2.5432
20120307	2.6007	2.6007	2.6007	2.6007
20120308	2.6273	2.6273	2.6273	2.6273
20120309	2.6457	2.6457	2.6457	2.6457
20120312	2.6363	2.6363	2.6363	2.6363
20120313	2.6679	2.6679	2.6679	2.6679
20120314	2.6603	2.6603	2.6603	2.6603
20120315	2.6018	2.6018	2.6018	2.6018
20120316	2.6711	2.6711	2.6711	2.6711
20120319	2.6794	2.6794	2.6794	2.6794
20120320	2.6689	2.6689	2.6689	2.6689
20120321	2.6628	2.6628	2.6628	2.6628
20120322	2.6433	2.6433	2.6433	2.6433
20120323	2.6865	2.6865	2.6865	2.6865
20120326	2.7163	2.7163	2.7163	2.7163
20120327	2.704	2.704	2.704	2.704
20120328	2.6797	2.6797	2.6797	2.6797
20120329	2.6573	2.6573	2.6573	2.6573
20120330	2.6257	2.6257	2.6257	2.6257
20120402	2.6741	2.6998	2.6741	2.6998
20120403	2.713	2.713	2.713	2.713
20120404	2.6512	2.6512	2.6512	2.6512
20120405	2.6581	2.6581	2.6581	2.6581
20120406	2.6581	2.6581	2.6581	2.6581
20120409	2.5906	2.6143	2.5906	2.6143
20120410	2.5876	2.5876	2.5672	2.5672
20120411	2.5951	2.6131	2.5951	2.6131
20120412	2.6743	2.6743	2.6743	2.6743
20120413	2.6637	2.6637	2.6637	2.6637
20120416	2.5846	2.5846	2.5846	2.5846
20120417	2.5516	2.5516	2.5516	2.5516
20120418	2.5253	2.5253	2.5253	2.5253
20120419	2.4922	2.4922	2.4922	2.4922
20120420	2.4864	2.4864	2.4864	2.4864
20120423	2.524	2.524	2.524	2.524
20120424	2.5005	2.5005	2.5005	2.5005
20120425	2.4955	2.4955	2.4955	2.4955
20120426	2.5092	2.5092	2.5092	2.5092
20120427	2.5169	2.5209	2.5169	2.5209
20120430	2.501	2.501	2.501	2.501
20120501	2.4735	2.4735	2.4735	2.4735
20120502	2.4521	2.4521	2.4521	2.4521
20120503	2.4334	2.4334	2.4264	2.4264
20120504	2.3522	2.3522	2.3522	2.3522
20120507	2.3505	2.3505	2.3505	2.3505
20120508	2.3708	2.3708	2.3708	2.3708
20120509	2.4005	2.4005	2.4005	2.4005
20120510	2.3866	2.3866	2.3866	2.3866
20120511	2.3772	2.3772	2.3772	2.3772
20120514	2.3354	2.3354	2.3354	2.3354
20120515	2.3205	2.3205	2.3205	2.3205
20120516	2.294	2.294	2.294	2.294
20120517	2.2463	2.2463	2.2463	2.2463
20120518	2.2491	2.2491	2.2491	2.2491
20120521	2.2935	2.2935	2.2935	2.2935
20120522	2.2881	2.2881	2.2881	2.2881
20120523	2.2304	2.2304	2.2304	2.2304
20120524	2.2482	2.2482	2.2482	2.2482
20120525	2.2606	2.2606	2.2606	2.2606
20120529	2.2624	2.2624	2.2624	2.2624
20120530	2.1919	2.2028	2.1919	2.2028
20120531	2.1516	2.1516	2.1516	2.1516
20120601	2.0857	2.0857	2.0857	2.0857
20120604	2.0996	2.0996	2.0996	2.0996
20120605	2.1136	2.1136	2.1136	2.1136
20120606	2.1274	2.1274	2.1192	2.1192
20120607	2.1139	2.1139	2.1139	2.1139
20120608	2.1141	2.1141	2.1141	2.1141
20120611	2.0855	2.0855	2.0855	2.0855
20120612	2.0791	2.0791	2.0791	2.0791
20120613	2.0843	2.0843	2.0843	2.0843
20120614	2.1053	2.1053	2.1053	2.1053
20120615	2.1274	2.1274	2.1274	2.1274
20120618	2.0882	2.0882	2.0882	2.0882
20120619	2.0716	2.0716	2.0716	2.0716
20120620	2.009	2.009	2.009	2.009
20120621	1.9537	1.9537	1.9537	1.9537
20120622	1.9693	1.9693	1.9693	1.9693
20120625	1.9999	1.9999	1.9999	1.9999
20120626	2.0246	2.0246	2.0246	2.0246
20120627	2.0006	2.0006	2.0006	2.0006
20120628	1.979	1.979	1.979	1.979
20120629	2.1335	2.1335	2.1335	2.1335
20120702	2.1256	2.1256	2.1256	2.1256
20120703	2.2246	2.2246	2.2246	2.2246
20120705	2.2665	2.2665	2.2665	2.2665
20120706	2.2177	2.2177	2.2177	2.2177
20120709	2.2611	2.2611	2.2611	2.2611
20120710	2.2486	2.2486	2.2486	2.2486
20120711	2.2706	2.2706	2.2706	2.2706
20120712	2.3079	2.3079	2.3079	2.3079
20120713	2.3263	2.3263	2.3263	2.3263
20120716	2.3677	2.3677	2.3677	2.3677
20120717	2.3739	2.3739	2.3739	2.3739
20120718	2.4145	2.4145	2.4145	2.4145
20120719	2.4804	2.4804	2.4804	2.4804
20120720	2.4835	2.4835	2.4835	2.4835
20120723	2.4028	2.4028	2.4028	2.4028
20120724	2.3648	2.3648	2.3648	2.3648
20120725	2.3552	2.3552	2.3552	2.3552
20120726	2.376	2.376	2.376	2.376
20120727	2.4357	2.4357	2.4357	2.4357
20120730	2.4574	2.4574	2.4574	2.4574
20120731	2.4133	2.4133	2.4133	2.4133
20120801	2.4732	2.4732	2.4732	2.4732
20120802	2.5086	2.5086	2.5086	2.5086
20120803	2.57	2.57	2.57	2.57
20120806	2.5612	2.5612	2.5612	2.5612
20120807	2.6303	2.6303	2.6303	2.6303
20120808	2.6194	2.6194	2.6194	2.6194
20120809	2.6398	2.6398	2.6398	2.6398
20120810	2.6429	2.6429	2.6429	2.6429
20120813	2.6297	2.6297	2.6297	2.6297
20120814	2.6404	2.6404	2.6404	2.6404
20120815	2.723	2.723	2.723	2.723
20120816	2.724	2.724	2.7222	2.7222
20120817	2.6665	2.6665	2.6665	2.6665
20120820	2.671	2.671	2.671	2.671
20120821	2.7049	2.7049	2.7049	2.7049
20120822	2.7363	2.7363	2.7363	2.7363
20120823	2.7465	2.7465	2.7465	2.7465
20120824	2.7086	2.7086	2.7086	2.7086
20120827	2.7481	2.7481	2.7481	2.7481
20120828	2.7314	2.7314	2.7314	2.7314
20120829	2.7149	2.7149	2.7149	2.7149
20120830	2.7061	2.7061	2.7061	2.7061
20120831	2.7709	2.7709	2.7709	2.7709
20120904	2.7506	2.7506	2.7503	2.7503
20120905	2.7479	2.7479	2.7479	2.7479
20120906	2.7891	2.7891	2.7891	2.7891
20120907	2.8177	2.8177	2.8177	2.8177
20120910	2.8221	2.8221	2.8221	2.8221
20120911	2.8416	2.8416	2.8416	2.8416
20120912	2.7997	2.7997	2.7997	2.7997
20120913	2.7603	2.7603	2.7603	2.7603
20120914	2.8306	2.8306	2.8137	2.8137
20120917	2.7418	2.7418	2.7418	2.7418
20120918	2.7302	2.7302	2.6914	2.6914
20120919	2.6095	2.6095	2.6095	2.6095
20120920	2.6631	2.6631	2.6631	2.6631
20120921	2.7017	2.7017	2.7017	2.7017
20120924	2.6699	2.6699	2.6699	2.6699
20120925	2.7046	2.7046	2.7046	2.7046
20120926	2.756	2.756	2.756	2.756
20120927	2.7794	2.7794	2.7794	2.7794
20120928	2.8023	2.8023	2.8023	2.8023
20121001	2.8023	2.8023	2.8023	2.8023
20121002	2.7514	2.7514	2.7514	2.7514
20121003	2.6817	2.6817	2.6817	2.6817
20121004	2.8251	2.8251	2.8251	2.8251
20121005	2.8347	2.8347	2.8347	2.8347
20121008	2.7753	2.7753	2.7753	2.7753
20121009	2.8409	2.8409	2.8409	2.8409
20121010	2.8502	2.8502	2.8415	2.8415
20121011	2.8378	2.8378	2.8378	2.8378
20121012	2.7928	2.7928	2.7928	2.7928
20121015	2.7783	2.7783	2.7783	2.7783
20121016	2.7811	2.7811	2.7811	2.7811
20121017	2.7432	2.7432	2.7432	2.7432
20121018	2.7059	2.7059	2.7059	2.7059
20121019	2.6511	2.6511	2.6511	2.6511
20121022	2.6138	2.6138	2.6138	2.6138
20121023	2.5701	2.5701	2.5701	2.5701
20121024	2.5703	2.5703	2.5703	2.5703
20121025	2.6113	2.6113	2.6113	2.6113
20121026	2.6207	2.6207	2.6207	2.6207
20121029	2.6201	2.6201	2.6201	2.6201
20121030	2.5945	2.5945	2.5945	2.5945
20121031	2.6093	2.6093	2.6093	2.6093
20121101	2.6126	2.6126	2.6126	2.6126
20121102	2.5526	2.5526	2.5526	2.5526
20121105	2.5992	2.5992	2.5992	2.5992
20121106	2.6779	2.6779	2.6779	2.6779
20121107	2.5679	2.5679	2.5679	2.5679
20121108	2.5863	2.5863	2.5863	2.5863
20121109	2.6782	2.6782	2.6782	2.6782
20121112	2.6553	2.6553	2.6553	2.6553
20121113	2.6423	2.6423	2.6423	2.6423
20121114	2.6686	2.6686	2.6686	2.6686
20121115	2.6777	2.6777	2.6777	2.6777
20121116	2.6984	2.6984	2.6984	2.6984
20121119	2.7486	2.7486	2.7486	2.7486
20121120	2.7049	2.7049	2.7049	2.7049
20121121	2.739	2.739	2.739	2.739
20121123	2.7369	2.7369	2.7369	2.7369
20121126	2.7204	2.7204	2.7204	2.7204
20121127	2.7121	2.7121	2.7121	2.7121
20121128	2.7042	2.7042	2.7042	2.7042
20121129	2.7499	2.7499	2.7499	2.7499
20121130	2.7468	2.7468	2.7468	2.7468
20121203	2.743	2.743	2.743	2.743
20121204	2.7055	2.7055	2.7055	2.7055
20121205	2.6543	2.6543	2.6543	2.6543
20121206	2.6134	2.6134	2.6134	2.6134
20121207	2.6139	2.6139	2.6139	2.6139
20121210	2.6146	2.6146	2.6146	2.6146
20121211	2.627	2.627	2.627	2.627
20121212	2.663	2.663	2.663	2.663
20121213	2.6186	2.6186	2.6186	2.6186
20121214	2.6786	2.6786	2.6786	2.6786
20121217	2.6674	2.6674	2.6674	2.6674
20121218	2.702	2.702	2.702	2.702
20121219	2.7516	2.7516	2.7516	2.7516
20121220	2.7578	2.7578	2.7578	2.7578
20121221	2.7336	2.7336	2.7336	2.7336
20121224	2.7435	2.7435	2.7435	2.7435
20121226	2.8063	2.8063	2.8063	2.8063
20121227	2.8071	2.8071	2.8071	2.8071
20121228	2.7763	2.7763	2.7763	2.7763
20121231	2.7795	2.7795	2.7795	2.7795
20130102	2.8038	2.8129	2.8033	2.8129
20130103	2.8155	2.8155	2.8155	2.8155
20130104	2.7821	2.7821	2.7821	2.7821
20130107	2.7952	2.7952	2.7952	2.7952
20130108	2.8122	2.8122	2.8122	2.8122
20130109	2.7967	2.7967	2.7967	2.7967
20130110	2.8111	2.8111	2.8111	2.8111
20130111	2.7573	2.7573	2.7573	2.7573
20130114	2.7719	2.7719	2.7719	2.7719
20130115	2.7261	2.7261	2.7261	2.7261
20130116	2.7385	2.7385	2.7385	2.7385
20130117	2.7825	2.7825	2.7825	2.7825
